   0.0000000e+00   0.0000000e+00   0.0000000e+00   0.0000000e+00   0.0000000e+00   0.0000000e+00
   5.6924611e-05  -1.1371691e-04  -1.9318882e-03  -2.0623568e-04   4.6350392e-05  -1.4265443e-04
   3.4241279e-04  -1.5769534e-03  -1.2447919e-02  -2.9194444e-04  -4.9797257e-05   1.4546755e-04
  -2.0795560e-03  -2.2414298e-03  -1.7494766e-02   2.1314154e-05  -4.6617179e-05  -2.1325209e-04
   2.1584984e-03   1.8473525e-04  -1.6541265e-02  -3.0048593e-04   2.0158478e-05   1.2912709e-04
  -1.4698391e-03  -6.1006698e-04  -1.7148343e-02  -1.9753199e-04  -3.5574342e-06   1.3207386e-04
  -3.9607138e-03   5.7738096e-03  -1.3007337e-02   1.4719157e-05   2.5758262e-05   2.2430047e-04
  -2.7277748e-03  -2.4791020e-03  -1.6235177e-02  -5.7400502e-05  -1.3709882e-04   9.1913853e-05
   1.0281808e-03  -2.0824689e-03  -1.7366693e-02  -1.3816442e-04   2.0970350e-05   1.9554784e-04
  -3.8535098e-04   1.1919948e-03  -1.7401888e-02  -1.1875058e-04   4.7830759e-05   6.0662909e-05
  -6.4959143e-04  -6.6303936e-04  -1.2308320e-02   6.5797715e-05   8.4090970e-05  -5.8916393e-05
  -3.4504047e-03   6.8078833e-04  -1.9319777e-02  -1.0948405e-04   4.4027397e-05  -1.3047646e-04
  -4.9844639e-03   9.5580750e-03  -2.8664667e-02  -2.2442530e-04   1.5419445e-04  -3.4242577e-04
  -9.6584070e-03   1.2184895e-02  -3.5440973e-02  -2.5879249e-04   4.7874472e-05  -2.1993076e-04
  -4.5730206e-03   9.7920326e-03  -4.1444664e-02  -3.5867748e-04   1.5501469e-04  -3.9673231e-04
  -8.3275354e-03   2.2353254e-02  -5.6076508e-02  -1.6541266e-04   3.0635287e-05  -2.0053997e-04
  -8.2634454e-03   2.7794022e-02  -5.0727825e-02  -3.1839326e-05   3.9443895e-05  -1.7914302e-04
  -9.2682478e-03   2.1230280e-02  -3.6453451e-02  -6.8746320e-05   9.7645930e-06  -1.2982254e-04
  -1.1044567e-02   2.0782018e-02  -2.2011941e-02   1.3399372e-04  -1.2687252e-05  -1.6693172e-04
  -3.1152933e-03   1.2507602e-02  -2.1166666e-02   2.3008004e-04   8.3966528e-05  -1.8639307e-04
   7.5096364e-04   5.4272023e-03  -1.2470271e-02   1.1454125e-04   1.0676589e-04  -1.8439880e-04
  -1.9730507e-03  -1.8538138e-03  -2.0147030e-02  -1.9025270e-05   9.8863908e-05  -2.3750359e-04
  -6.4912842e-03   1.9900143e-02  -2.4693032e-02   5.7678611e-04  -1.4183459e-05  -3.0578096e-04
  -2.3575065e-03   2.4002134e-02  -1.7787517e-02   5.1462473e-04   2.1028247e-06  -2.5346356e-04
  -3.1643570e-03   2.2537463e-02  -1.3279076e-02   5.9956166e-04   9.4946014e-05  -2.7535367e-04
  -1.0053683e-02   2.4722716e-02  -1.3711749e-02   6.1688848e-04  -4.9880943e-05  -1.1008897e-04
  -6.9396915e-03   1.5973751e-02  -1.6207610e-02   2.1308794e-04   3.5675873e-05  -2.5837426e-04
  -1.2680831e-02   9.6043900e-03  -2.8402792e-02  -6.4918122e-05   1.1937715e-04  -4.8294254e-04
  -8.3898870e-03   1.6130534e-02  -2.7253715e-02   6.8545798e-05   1.8874570e-04  -3.9726945e-04
  -1.4298772e-02   4.0925612e-02  -3.8371594e-02   2.8081553e-04   2.1780610e-04  -4.8662461e-04
  -1.6307175e-02   3.0165966e-02  -3.8852749e-02   1.0946015e-04   1.9429512e-04  -5.9845459e-04
  -9.7279481e-03   3.1271945e-02  -2.7920992e-02   6.2633826e-04   2.2324014e-04  -3.8605668e-04
  -2.0427787e-03   1.2350272e-02  -2.3089448e-02   2.8109157e-04   3.0312575e-04  -5.1674954e-04
  -2.4360540e-03   1.8039460e-02  -3.1166776e-02   1.1825845e-04   1.8719174e-04  -4.1654403e-04
  -8.1364784e-03   1.8376462e-02  -2.8123994e-02   4.1589192e-06   1.8896502e-04  -4.8413684e-04
  -1.1860202e-02   1.1180636e-02  -1.0064549e-02   5.1506725e-06   2.0721986e-04  -7.0982640e-04
  -1.0630442e-02   9.2688939e-03   3.2423465e-03  -1.2406952e-04   1.8087527e-04  -7.0461509e-04
  -9.1130173e-03   2.2444347e-02  -5.5925595e-03  -1.5162223e-04   3.9605171e-04  -9.1623132e-04
  -5.9685884e-03   1.3442952e-02  -6.5415250e-03  -1.9434047e-04   1.9592384e-04  -8.5877369e-04
  -7.8517185e-04   1.7215740e-02  -1.1245255e-02  -4.6400527e-05   5.0542812e-04  -1.1016265e-03
  -2.4218599e-03   1.6142200e-02  -1.2174074e-02  -7.4028075e-05   3.9225319e-04  -8.1180309e-04
  -2.4141847e-03   1.6012219e-02  -1.2957116e-02  -7.4988525e-05   3.9249084e-04  -7.2982641e-04
  -2.6441458e-03   1.7448856e-02  -1.6037410e-02   1.3682342e-06   2.6635234e-04  -7.0352978e-04
  -2.0075580e-03   2.3277903e-02  -1.4861383e-02   3.9320625e-04   1.1674156e-04  -6.6561002e-04
  -5.3403632e-04   1.0717834e-02  -7.7820235e-03   5.6420653e-05   6.5646575e-05  -6.2528195e-04
  -3.7644105e-03   5.8298103e-03  -7.0805177e-03  -6.8702548e-05   2.3983113e-04  -6.5100007e-04
  -4.3830899e-03   1.3432465e-02  -1.9304641e-02  -8.8184450e-05   1.5714704e-04  -6.4827387e-04
  -3.3666847e-03   3.2613292e-02  -2.6603880e-02   3.0525002e-04   1.4692743e-04  -6.4796586e-04
  -7.6228968e-03   2.4240115e-02  -2.1111357e-02   2.1710555e-04   2.2637144e-04  -6.4750203e-04
  -6.8818504e-03   2.0402025e-02  -1.3666931e-02   2.2813353e-04   4.5616155e-04  -9.2741832e-04
  -6.8276903e-03   8.2186544e-03  -4.9977045e-03  -1.8022707e-04   2.1592865e-04  -8.5486448e-04
  -4.4592832e-03   3.4303448e-02  -1.4961480e-02   4.7700973e-04   2.6144355e-05   2.3816801e-04
  -1.2721689e-02   5.5257998e-02  -1.5955473e-02   9.0750595e-04   1.6459097e-04  -4.9068573e-04
  -1.1664108e-02   5.3516315e-02  -1.1227475e-02   9.0896387e-04   1.1851927e-04  -3.5430280e-04
  -1.0903218e-02   3.7958044e-02  -8.3681279e-03   9.8549806e-04   1.1466393e-04  -3.5481958e-04
  -8.0039331e-03   3.5167633e-02  -8.3354972e-03   9.0552582e-04   1.9425674e-04  -3.6340676e-04
  -7.1979877e-03   2.6119442e-02  -8.5250774e-03   6.8662811e-04   3.4751743e-04  -7.0322847e-04
  -3.9941735e-03   1.5894323e-02  -3.3012428e-03   6.0989497e-04   1.6367771e-04  -4.3730711e-04
  -1.3539016e-03   2.7031828e-02  -1.5600238e-02   4.5102425e-04   2.8753070e-04  -6.3328120e-04
  -7.3775711e-03   3.1589372e-02  -2.8057887e-02   3.8192799e-04   1.8530293e-04  -8.8862184e-04
  -1.5786264e-02   3.5269673e-02  -2.6670229e-02   5.1088087e-04   1.3838956e-04  -5.7265510e-04
  -5.2781431e-03   2.3339598e-02  -1.1863989e-02   4.3936894e-04   2.7347907e-04  -9.0131351e-04
  -2.2255437e-03   3.6511021e-02  -1.3206177e-02   5.9286609e-04   3.9193313e-04  -6.6967105e-04
  -5.8393625e-03   2.9953049e-02  -1.7826330e-02   4.0274033e-04   3.6762221e-04  -7.2453493e-04
  -1.0536970e-02   3.2464651e-02  -9.8952911e-03   8.3117904e-04   1.2019586e-04  -2.5548169e-04
  -1.0396281e-02   2.7860026e-02  -8.3253733e-03   7.7490202e-04  -9.7545673e-06  -5.0415261e-04
  -7.4450457e-03   2.8981775e-02  -7.1812872e-03   5.7338881e-04   8.2066885e-05  -5.0947357e-04
  -3.3382260e-04   3.2564806e-02   3.2927905e-03   8.3610932e-04   6.5486184e-05  -4.4474364e-04
  -2.6409391e-03   2.1534506e-02  -2.7566730e-03   9.3286228e-04   5.9174662e-05  -5.0864826e-04
  -1.2803201e-03   3.3178980e-02  -7.6352288e-03   1.0903831e-03   5.6339350e-05  -4.4023493e-04
   2.1864236e-03   2.0838305e-02  -3.9933800e-03   9.0491302e-04   7.7518073e-05  -5.6217471e-04
   1.0264730e-03   1.3422961e-02   1.0065283e-03   5.7287803e-04   2.0873743e-04  -6.3562920e-04
  -7.4944410e-03   3.0097875e-02  -4.8368988e-03   6.6278006e-04   1.6773393e-04  -6.3754490e-04
  -1.8368654e-03   1.9269158e-02  -1.4568100e-02   3.9778279e-04   2.5879903e-04  -7.9866420e-04
  -3.8649162e-03   1.4331461e-02  -1.6983197e-02   2.5767458e-04   1.6091093e-04  -6.9127527e-04
  -5.5187714e-03   3.3096755e-02  -2.8700413e-02   5.0238235e-04   5.4567770e-05  -7.4602020e-04
  -7.9942892e-03   3.1749653e-02  -2.0517218e-02   6.1037098e-04   1.6147890e-05  -4.2808460e-04
  -4.6246852e-03   2.2517158e-02  -6.1663520e-03   6.2571085e-04   2.0276101e-04  -4.8712068e-04
  -2.5320956e-03   1.2049358e-02  -2.8280768e-03   6.8333333e-04   2.1041822e-05  -4.5799310e-04
  -1.8930502e-03   2.3217823e-02  -3.4019956e-03   1.1644454e-03  -3.6092426e-05  -2.4884098e-04
  -3.0968506e-03   1.4775472e-02   5.7893574e-03   5.9244046e-04  -9.7150647e-05  -3.0375911e-04
  -4.1445217e-03   1.1226511e-03   2.8568347e-02   2.1568673e-04  -4.3312403e-04  -3.7638018e-04
  -2.9578855e-03   4.3190762e-02  -8.4813055e-03   9.2392633e-04  -1.4592871e-05  -1.2136593e-05
  -4.4576238e-03   6.0568203e-02  -6.9662657e-03   1.1028480e-03  -2.2485853e-04  -5.6984343e-04
  -3.7751934e-03   4.7761934e-02  -4.1734820e-03   8.4973148e-04  -4.5393614e-05  -4.1579654e-04
  -5.2092150e-03   6.0323113e-02   4.4229536e-03   9.7960730e-04  -1.1840044e-04  -2.4021201e-04
  -6.7568969e-03   4.5846554e-02   8.6990739e-04   1.0519559e-03  -4.5150603e-05  -7.3273561e-04
  -7.4847760e-03   4.8568855e-02  -6.3581935e-03   1.0604842e-03  -7.9099554e-05  -4.9233471e-04
  -6.8826782e-03   3.6945772e-02  -8.2194260e-03   9.8027578e-04  -8.3469246e-05  -4.5461056e-04
  -3.2678325e-03   4.1366480e-02  -9.3585605e-03   1.0049581e-03  -4.1251652e-05  -2.3702295e-04
  -5.4034150e-03   4.0735267e-02  -5.0545452e-03   1.0413394e-03  -9.6842964e-05  -3.1185216e-04
  -5.0397759e-03   3.0489308e-02  -6.1818039e-03   9.6466351e-04  -7.4531139e-05  -5.9443967e-04
  -8.6748226e-03   3.5564356e-02  -9.3212147e-03   9.9251497e-04  -2.4605412e-04  -8.4958690e-04
  -8.5404807e-03   3.9606934e-02  -1.7341178e-02   8.7315551e-04  -8.1994096e-05  -8.5423967e-04
  -9.2068348e-03   4.1169030e-02  -1.1620716e-02   1.1631353e-03  -1.4587423e-04  -6.9732452e-04
  -1.0601844e-02   3.6337237e-02  -5.0458010e-03   1.1118044e-03  -2.7390135e-04  -5.7266498e-04
  -1.1026788e-02   2.9143904e-02   2.0847556e-03   1.3075635e-03  -2.4479334e-04  -5.7161669e-04
  -9.9868392e-03   3.1364385e-02  -3.1646757e-03   1.4043012e-03  -1.9525421e-04  -3.4790096e-04
  -3.0447956e-03   1.0000005e-02  -1.4023348e-02   6.8141760e-04   3.5756342e-05  -7.1146335e-04
  -3.9543833e-03   2.5406103e-02  -2.4561175e-02   7.0544510e-04   8.8781185e-05  -9.2101893e-04
  -9.2489471e-03   3.4725221e-02  -2.4049366e-02   7.5192852e-04   1.6180760e-04  -8.8726579e-04
  -7.0221460e-03   2.7086037e-02  -1.0254362e-02   6.4058301e-04   1.3447606e-04  -1.0057982e-03
  -6.1956703e-03   2.0924818e-02  -8.3507750e-03   6.4186582e-04   1.4574111e-04  -7.1278354e-04
  -3.9434973e-03   8.9662312e-03  -1.2195744e-02   6.5191990e-04   2.3347542e-04  -1.0774624e-03
  -6.8791609e-03   2.2452126e-02  -1.1927526e-02   1.2550039e-03   1.0855474e-04  -9.0301495e-04
  -3.7868651e-03   6.5231707e-04  -8.2911049e-03   6.2024209e-04   5.2226505e-05  -9.9386500e-04
  -1.2040033e-02   2.1707481e-02  -1.1764498e-02   7.7876183e-04   1.9013956e-04  -8.8327387e-04
  -1.8583216e-02   3.9365214e-02  -1.2384572e-03   1.1381869e-03   1.9697063e-04  -6.6499023e-04
  -1.4366957e-02   2.4110772e-02  -7.7184824e-03   5.9469865e-04   2.2749899e-04  -7.9022146e-04
  -1.1549883e-02   2.7543083e-02  -7.0373863e-03   7.5645254e-04   2.3361022e-04  -8.3672386e-04
  -1.6565202e-02   2.8935914e-02  -3.6901746e-03   1.0352080e-03   1.6416836e-04  -8.1823250e-04
  -1.2910525e-02   1.1535378e-02   2.4978055e-03   5.2325327e-04   9.4810591e-05  -7.7655688e-04
  -7.2147685e-03   1.6598066e-02  -1.5144832e-03   6.1456068e-04   2.2969113e-04  -8.0986089e-04
  -6.6199617e-03   2.5445545e-02  -6.0793854e-03   6.0060013e-04   3.1377167e-04  -7.4174391e-04
  -8.8132298e-03   1.6303456e-02  -6.2449310e-03   5.4719947e-04   1.0143808e-04  -7.3735692e-04
  -4.0869330e-03   5.3284283e-03  -3.6399624e-03   8.7236260e-04   9.0833941e-05  -4.8868222e-04
  -4.5411586e-03   4.1582205e-03  -7.3073596e-04   9.1790672e-04   1.3948782e-04  -5.4994506e-04
  -5.0327450e-03   8.3698215e-03   4.0038560e-03   9.6319720e-04   1.9583503e-04  -6.4381373e-04
  -1.1990066e-03   1.3813923e-02   6.7853086e-03   9.2489980e-04   1.9266946e-04  -5.5649318e-04
  -6.7748730e-03   4.9843919e-03   9.5917172e-03   1.0201258e-03   7.8204372e-05  -6.8723550e-04
  -4.1764523e-03   1.6202294e-02   4.9786340e-03   8.5632606e-04   2.4477683e-04  -5.6697553e-04
   9.8095070e-04   1.0884716e-02  -1.6699981e-02   4.7452732e-04   3.0512691e-04  -9.4304793e-04
  -2.8662065e-04   4.1545644e-02  -3.8304399e-02   7.4085446e-04   3.7576491e-04  -9.4771863e-04
  -9.3005511e-03   3.4461947e-02  -2.7872175e-02   5.1999679e-04   2.6778834e-04  -7.2727781e-04
  -7.8190962e-03   2.6472044e-02  -9.8971719e-03   5.6899675e-04   3.4771783e-04  -5.8832818e-04
  -2.7443831e-03   2.4081001e-02  -1.0129329e-02   4.0193877e-04   2.9830927e-04  -6.2326520e-04
  -8.6032507e-03  -1.9671503e-03   1.5604113e-03  -3.4956947e-04   2.8535748e-04  -8.0184926e-04
  -6.3693169e-03  -4.8831294e-04   4.4916045e-03   9.0356629e-06   2.1678404e-04  -8.0324469e-04
  -6.2728861e-03   2.9354206e-02  -7.5428085e-03   5.0251739e-04   2.8370038e-04  -9.1444676e-04
  -1.3964866e-03   1.9486690e-02  -6.7808782e-03   5.7663328e-04   3.8676937e-04  -8.9237051e-04
  -2.3334608e-03   2.2309123e-02   6.3349786e-04   5.7696413e-04   2.3579401e-04  -5.7011802e-04
  -1.0930566e-03   1.9053254e-02   8.4876344e-03   5.7662414e-04   1.9097883e-04  -6.3930835e-04
  -2.3069582e-03   3.3969856e-03   1.6333736e-02   5.0228257e-04   1.1693330e-04  -7.6332521e-04
  -6.2950843e-03   1.2253467e-02   1.6249537e-02   7.4348581e-04   6.8605727e-05  -5.8715111e-04
  -4.9928299e-03   3.5637826e-03  -3.6323914e-03   3.7148638e-04   4.1472231e-05  -7.3332309e-04
  -1.1114840e-02   1.4507871e-02  -1.7673261e-02   4.0914596e-04   6.6864453e-05  -8.2778973e-04
  -1.1663703e-02   1.4288396e-02  -2.5918922e-02   1.6687043e-04   8.9268159e-05  -5.0627576e-04
  -1.1683652e-02   3.1674872e-02  -4.2632385e-02   4.1309707e-04   3.0401444e-04  -1.0510820e-03
  -1.2254827e-02   4.1689775e-02  -3.7155749e-02   7.3227897e-04   1.7361338e-04  -7.8288438e-04
  -1.5270947e-02   3.1634470e-02  -3.1039330e-02   5.5302928e-04   1.3903981e-04  -8.8822487e-04
  -1.5100685e-02   3.6732788e-02  -2.4708546e-02   9.5702419e-04   1.1414752e-04  -9.0874238e-04
  -1.2608667e-02   4.1871645e-02  -8.8324843e-03   1.1671828e-03  -9.8584754e-06  -6.9447913e-04
  -4.1489280e-03   3.0725138e-02  -2.8698992e-02   7.7906859e-04  -2.8779864e-05  -7.1235868e-04
  -1.9479078e-03   1.0842855e-02  -1.0429833e-02   7.2090031e-04   6.5804451e-05  -8.2394804e-04
  -6.4617573e-03   1.6869405e-02   1.0734043e-02   5.0983763e-04   5.0814049e-05  -7.3168687e-04
  -1.9995453e-03   1.9727747e-02   1.4559009e-02   4.9777101e-04  -1.0198774e-06  -8.7318882e-04
   7.1607749e-04   1.4241249e-02   1.9697677e-02   6.8336291e-04   1.2483725e-04  -5.9979859e-04
  -4.4117716e-03   1.5974484e-02   2.0334216e-02   7.8639084e-04   9.4109594e-05  -6.1961005e-04
  -3.2485994e-03   3.1199122e-02   2.5257968e-02   1.0827235e-03   4.7128921e-05  -6.5973235e-04
  -3.5055250e-03   1.9066989e-02   2.4201668e-02   6.6882852e-04   5.2070943e-05  -6.3661045e-04
  -2.8042564e-03   2.3516869e-02   1.5571773e-02   5.8877729e-04   2.5196303e-04  -7.6415342e-04
  -3.3622355e-03   4.1214715e-02   1.4819373e-02   9.8842119e-04  -3.9910717e-05  -4.8856478e-04
  -5.4940644e-03   4.0122881e-02  -2.6265683e-02   1.3091781e-03   4.2092760e-05  -5.4914927e-04
   9.5495426e-03   2.1546054e-02   2.6687338e-02   1.9304765e-04  -8.1039106e-05  -5.9993713e-04
  -2.8845754e-03   8.7288192e-03   6.8961504e-03   4.9494606e-04  -2.4563910e-04  -7.7789592e-04
  -1.5890047e-02   2.7526892e-02  -1.2909863e-02   1.8084773e-04  -5.5230008e-04   1.9422150e-04
  -1.6555786e-02   9.1425548e-02  -8.8798814e-02   2.4324796e-03  -5.0296477e-04  -3.6084841e-04
  -3.0247272e-02   4.9098944e-02  -2.4960311e-02   1.0288647e-03   5.5306866e-04  -7.0178812e-05
  -5.6568436e-03   4.9513779e-02   2.8696372e-02   1.5011985e-03   4.1612678e-05  -4.7164483e-04
  -2.8439864e-03   4.0708988e-03   1.8786025e-02   7.7826930e-04  -5.5659659e-04  -2.3662594e-04
  -7.8487125e-03   3.2582408e-02   3.4444110e-02   1.0295203e-03  -5.6045017e-04  -6.7952083e-05
  -1.1431774e-02   3.4026141e-02   2.4550049e-02   6.0144521e-04  -4.1808106e-04  -1.0288436e-04
  -7.2718683e-03   6.0517829e-02   1.3104900e-02   6.6234274e-04  -2.7426186e-04  -1.0293094e-04
  -7.0029917e-03   3.0779352e-02   2.0429415e-02   7.3544646e-04  -3.5699913e-04  -2.0915029e-05
   1.3102959e-03   1.7516501e-02   3.1523494e-02   4.6993812e-04  -1.3632762e-04  -2.0657986e-04
   5.9603182e-03   1.5179477e-02   3.3152151e-02   5.6156282e-04   1.0820767e-04  -1.9365452e-04
   1.8751421e-03   1.9034239e-02   1.9477728e-02   4.1400426e-04  -3.7644601e-05  -3.0815708e-04
   1.0127818e-03   2.6700043e-02   9.2582980e-03   6.4385376e-04   1.3419891e-04  -3.5163091e-04
   2.1810302e-03   2.5496064e-02   1.2275293e-02   3.9250225e-04  -1.0115114e-05  -5.7699708e-05
   7.6195462e-03   6.2166448e-03   4.5026692e-03   3.3512999e-04   2.0701246e-04  -2.2390281e-04
   2.2434643e-03   2.3965066e-02   1.2687290e-02   3.2433162e-04   1.0834303e-04  -1.9345457e-04
  -3.9626824e-04   1.0555651e-02   9.0170981e-03   2.4030863e-04  -3.9195547e-05  -3.0480202e-04
   3.1716382e-03   1.0710215e-02   3.5828891e-03   2.9574168e-04  -7.3881711e-05  -4.0695269e-04
   6.0768446e-03   1.2228476e-03   1.3877579e-02   7.4202794e-05  -2.0878692e-05  -4.9363386e-04
   9.4673757e-04  -5.2044961e-03   1.2699794e-03  -3.4940527e-05   9.6557975e-05  -3.2784442e-04
  -8.6188375e-03  -5.5832796e-02  -1.4755579e-02  -1.1885404e-03  -5.5797591e-05  -6.7408339e-04
  -8.9201235e-03  -1.5741474e-03  -1.4022442e-02  -2.1212910e-04   4.1014226e-05  -5.1407811e-04
   3.6099946e-03   2.4795051e-02  -1.3341159e-02  -1.2282029e-04   2.3498890e-04  -3.2119043e-04
   7.5573808e-03  -4.7130855e-03  -3.7158522e-02   1.7892256e-04   5.6385026e-05  -5.1823248e-04
   9.1347969e-03   1.2599993e-02  -1.4110530e-02  -4.2298408e-05   2.5302204e-04  -2.7728796e-04
   7.9506067e-03   5.0501581e-03  -6.9506027e-03   3.7152325e-04   6.3375667e-05  -3.8619577e-04
   7.8798578e-03   8.3188078e-03   6.1201271e-03   1.3696516e-04   2.0402323e-04  -3.8976458e-04
   6.8452738e-03   3.0215397e-03   1.6036008e-02   1.9603397e-04   1.4806721e-04  -4.6586701e-04
   1.9845104e-03  -1.2146100e-02   1.9086185e-02   2.4791599e-04   1.1534238e-04  -5.9116374e-04
   3.2791829e-03  -1.4150520e-02   1.9974764e-02   1.9735071e-04   3.6217862e-05  -3.3847962e-04
   5.7916940e-03  -2.0254335e-02   2.0478977e-03  -3.2302911e-04   3.4049301e-04  -6.4936021e-04
   6.4309278e-03  -1.6760830e-02  -2.1472725e-02  -3.0282590e-04   2.9634199e-04  -6.8545406e-04
   4.7112088e-03   1.1673306e-02  -3.3823900e-02  -4.5687571e-04   4.2825929e-04  -6.6943113e-04
  -2.8097811e-05   2.9980942e-03  -3.4555290e-02  -8.4318568e-04   5.9640659e-04  -6.9538121e-04
  -1.6499305e-03   2.4752735e-02  -2.5460553e-02  -1.5477910e-04   3.6801063e-04  -4.0268505e-04
  -1.2634828e-03   2.3358586e-02  -2.1827568e-02  -7.2734089e-05   4.3280327e-04  -2.1239164e-04
  -2.7476837e-03   2.0012064e-02  -1.5438742e-02  -3.8604786e-04   4.4562463e-04  -2.4903519e-04
  -4.0619808e-03   2.3057408e-02  -7.0935685e-03  -3.9455594e-05   4.3780539e-04  -3.7113941e-04
   1.5224931e-03   3.0471511e-03   1.2119124e-04  -4.5038096e-04   2.4863089e-04  -3.2540109e-04
  -3.4764491e-04   1.2410339e-02  -6.8086160e-03  -1.3174755e-04   2.9705280e-04  -4.7159566e-04
  -8.2410490e-03   8.3391661e-03  -1.4661612e-02   8.8567745e-05   6.0632297e-04  -8.5731814e-04
  -1.4631229e-03  -8.1789999e-03  -8.1840561e-03  -5.5746020e-04   3.6857016e-04  -3.6119034e-04
  -2.9440901e-04  -5.4377631e-03  -1.0901003e-02  -4.2772158e-04   3.5890466e-04  -6.5823391e-04
  -2.4786667e-03  -6.6413261e-03  -1.5509179e-02  -6.5556977e-04   4.8817510e-04  -7.0526045e-04
  -2.4927584e-03  -1.2872011e-02  -1.9744022e-02  -8.1014614e-04   4.7662714e-04  -7.8030564e-04
