   0.0000000e+00   0.0000000e+00   0.0000000e+00   0.0000000e+00   0.0000000e+00   0.0000000e+00
  -1.6722246e-03   1.4654705e-02   2.1084185e-02  -3.9929296e-04   1.3485011e-04  -6.5919214e-05
   1.8532566e-03  -3.9004522e-03  -7.7735810e-03  -3.4453520e-04   1.1281581e-04   1.1457906e-04
  -1.4873118e-03  -2.0161242e-02   8.3223765e-03  -3.9154770e-04  -4.5192559e-05   5.7013938e-05
   2.5837747e-03  -1.0711958e-02   9.4248772e-03  -2.2103960e-04  -6.3631092e-05   1.7815800e-04
   8.3420962e-03   3.8753645e-03   2.1749782e-02  -5.6012857e-06   1.3116827e-04   3.5520468e-04
   1.5072693e-02  -7.0114032e-03   5.0793936e-02  -9.6115666e-05   5.3193816e-06   3.8657791e-04
   1.5485715e-02  -1.8305809e-02   5.2483500e-02  -1.6813678e-04  -1.0010824e-05   2.8232970e-04
   1.0962583e-02  -1.7102079e-02   4.9526892e-02  -2.9199277e-04  -1.1300103e-04   1.9431797e-04
   6.5796084e-03  -1.2150582e-02   4.4191962e-02  -6.4942999e-04   1.0556782e-04   1.2663478e-04
   2.4776746e-03  -1.2067775e-02   2.3933853e-02  -4.2647553e-04   3.3956457e-05   1.1555164e-04
   4.8563663e-03  -1.5580412e-02   1.7882414e-02  -4.8046080e-04  -1.2947918e-04   1.2235259e-04
   5.5034279e-03  -1.0449138e-02   1.6016780e-02  -3.4345383e-04  -6.6628196e-05   9.8592954e-05
   1.2671587e-03  -2.0015687e-03   4.9275933e-04  -3.0205478e-04  -7.8900002e-05   1.4839857e-04
  -2.3383298e-03  -5.7793217e-03  -1.3308058e-03  -8.3457114e-05  -5.8490125e-05   4.4954824e-05
   4.1660626e-03  -1.9387687e-02   6.3696126e-03  -4.3316749e-04   1.7286906e-04   1.0714989e-04
   1.4914715e-03  -1.1436757e-02   6.5840761e-03   4.5546240e-05  -7.2880533e-05   5.1061038e-05
   2.2071755e-03  -2.5145892e-03   4.4810779e-04  -2.2075834e-05   1.4790902e-04   1.1332871e-04
   6.9506247e-03   7.5564245e-03   8.6528425e-03   3.1597279e-05   3.5369199e-05   1.4119701e-05
   8.1697211e-03  -8.1817620e-04   8.6308595e-03  -3.5758243e-05   1.0065259e-05   7.2116057e-05
   4.5603848e-03  -2.2342088e-03   1.5944720e-02  -7.9936078e-05  -1.8883948e-05   7.7020892e-05
   6.2249464e-04   3.7513556e-04   8.1414122e-03  -6.8690843e-05  -6.9858784e-05   1.5944911e-04
  -3.4335405e-04  -7.8201025e-03   2.8893446e-03  -1.2084595e-05   1.3960853e-06   6.4707577e-05
  -3.0675454e-04  -8.7823642e-03   1.0078574e-02  -1.2311850e-04   5.1228000e-05   6.1526676e-05
   1.9250303e-03  -7.5439397e-03   5.8322020e-03  -2.5433161e-04  -3.8438483e-05   1.2380019e-04
   3.0908891e-03  -8.3141022e-03   1.1823488e-02  -8.2428930e-05   1.2469709e-04   8.2668479e-05
   6.1670532e-03  -8.8271649e-03   9.2325200e-03  -1.0444296e-04   8.9239536e-05   4.1770455e-05
   9.9365752e-03  -5.1021222e-03   6.9844325e-03  -2.5636548e-04   5.6585139e-05   1.4349069e-04
   1.4997861e-02  -9.7638937e-03   5.3261548e-03  -2.1706875e-04  -1.4377013e-04   2.9179892e-04
   3.6040091e-03   5.0996805e-03  -2.5984204e-03   2.7163501e-04  -7.6499088e-05  -4.6169317e-05
   2.3484620e-03   4.1949120e-03  -6.3280936e-03   4.0917233e-05  -1.4443517e-04   4.4982814e-05
  -1.4907203e-03   2.4484600e-03   1.3553241e-03  -8.2447997e-05  -3.9488489e-05  -2.0358832e-05
   1.2246146e-03  -5.5112166e-03   5.7033918e-03  -2.2338773e-04  -1.4885575e-04  -2.8310061e-06
   5.1591816e-03  -8.2841679e-03   5.0631913e-03  -2.8320081e-04   3.6035269e-06  -2.0103328e-06
   3.9323899e-03   3.5025610e-03  -3.4371865e-03   2.6812412e-05   1.3364613e-04  -2.8497677e-05
   5.8396866e-03   1.8313759e-03  -1.2916058e-02  -9.3783760e-05   6.8405429e-05   1.1783284e-04
   1.3391496e-02   1.4453187e-02  -2.6022423e-03   5.2887141e-05   9.3709869e-05   1.1455161e-04
   1.1465825e-02   9.0863683e-04   4.5747442e-03  -1.3849969e-04   1.4480038e-04   1.9450585e-04
   1.1540908e-02  -1.1410929e-02   1.6236292e-02   4.4186067e-05  -1.8747954e-06   5.6695041e-05
   7.3147207e-03  -6.6621345e-03   1.7699512e-02   1.1675077e-04  -1.0842053e-04   1.6634810e-04
   2.4570867e-03  -8.9026182e-03   1.9560641e-02  -1.4180125e-04  -1.8844367e-05   9.5134022e-05
   2.7472853e-03  -3.7774552e-03   1.7215677e-02   8.7389279e-04  -1.2099929e-04   7.4810065e-05
  -2.0681740e-03   2.3006764e-02   3.6458054e-02   4.2512186e-04  -4.7559741e-05  -7.0182283e-05
   6.3059153e-03   4.1359515e-03   1.5608766e-02   1.3600180e-04  -6.3162854e-05   1.0244741e-04
   7.4457098e-03  -7.3700627e-03   1.3976670e-02   5.4710326e-05   8.6502538e-06   9.2927010e-05
   1.0170382e-02   3.5390948e-03   1.6999149e-02   2.4614768e-04   4.8572080e-05   1.2260377e-04
   6.5540697e-03  -2.9253714e-03   4.6262543e-02   1.9594385e-04   9.5845175e-05   1.4274601e-04
   1.3866640e-02  -1.7205141e-02   6.6457365e-02   3.9179778e-06   5.8157813e-05   3.7635399e-04
   1.1300689e-02  -1.4567353e-02   7.3089951e-02   6.2366390e-05  -2.8606313e-05   2.0750888e-04
   1.0016947e-02  -1.3655371e-02   6.4692318e-02  -1.2497065e-04  -3.6542712e-05   2.4343654e-04
   1.0482745e-02  -1.4995492e-02   5.6319647e-02   1.2251395e-05  -1.6119580e-04   2.6470111e-05
   1.5875403e-04  -7.0479756e-03   4.1531574e-02  -1.1473496e-04   3.3892436e-05  -7.8696614e-05
   5.0213656e-03   3.8000966e-03   2.0229383e-02  -8.0942811e-05   3.9285580e-05  -3.4251520e-05
   5.0300848e-03   4.8347463e-03   1.3214229e-02  -9.5752060e-05  -4.0599371e-06  -1.4007696e-04
   5.0512149e-03   7.2088021e-03   8.2557317e-03  -1.2823958e-04   2.0428153e-04  -1.2490470e-04
   9.6780746e-03   7.1518865e-03   9.1568837e-03  -4.9013431e-05   9.7181014e-05   5.0609081e-05
   3.3964851e-03   9.0649702e-03  -3.5182074e-03  -1.4644012e-04   1.7035619e-04   3.5189751e-05
  -1.0595290e-03   5.5734445e-03  -2.5197866e-03  -1.3692408e-04   1.1552588e-04  -5.0290818e-05
  -2.0922071e-03   1.2001247e-03   2.7644538e-03  -1.0688592e-04  -3.1436465e-06  -3.4426810e-05
   2.6122675e-03   9.7205146e-03   4.1413572e-03  -1.0846998e-04  -2.9542430e-05   2.6361312e-06
  -2.0711398e-03   1.5372666e-02  -2.5314124e-03  -8.5070277e-05   8.8825076e-05  -9.0409145e-05
   1.5980141e-03   1.7083987e-02   8.7707007e-03   4.6777016e-05  -1.4191356e-04  -8.5398456e-05
  -3.2927291e-03   4.4483713e-03  -1.7966226e-02  -2.0312386e-05   1.1205999e-04  -1.2413307e-04
   5.3953967e-03   1.0309725e-02  -7.1884173e-03   2.2131458e-04  -4.9327172e-05  -5.3870290e-05
   3.4096256e-03   7.3225117e-03  -1.3707162e-02  -1.3010886e-04   1.4638396e-04  -6.0981029e-05
   6.5225205e-03   1.1711282e-02  -9.3892382e-03   1.0660248e-04   5.7113719e-06  -5.7366146e-05
   7.6999514e-03   1.6112718e-02  -8.9214189e-03  -1.1357470e-04   8.3867142e-05  -3.2597666e-05
   9.1794879e-03   5.0106244e-03   2.0351478e-02  -4.6692394e-04  -2.2918680e-05   5.2924462e-05
   8.1994834e-03   9.5142700e-03   1.3388111e-02  -2.3087138e-04   4.5709028e-05   1.5467586e-04
   5.2750863e-03   1.1744945e-02   1.6947691e-02   4.8267575e-05   7.0454395e-05   1.2014949e-04
   1.1192608e-02   4.8183892e-03   1.3374519e-02  -1.6266016e-04   9.2578258e-05   6.1324976e-05
   5.9071231e-03   5.5428521e-03   2.1289225e-02   1.8589131e-04   3.0262124e-05   1.1346997e-04
   1.0502679e-03   8.0303447e-03   2.3143849e-02  -4.8697994e-05   2.0375224e-04   6.3797847e-05
   5.0157164e-03   1.1489677e-02   1.0429285e-02  -2.5166380e-04   2.3151593e-04  -1.7890317e-05
   3.1267881e-03  -1.3816663e-03   1.9811084e-02  -1.6363101e-04   1.6574601e-04  -9.8929270e-05
   3.3787284e-04  -1.4781381e-03   1.7374707e-02  -3.3757017e-04   1.4902592e-04   1.1597602e-05
   7.5381401e-04  -4.8449053e-03   1.1293513e-02  -2.3289281e-04   9.8642074e-05   2.1756557e-05
   2.7671105e-03  -2.1136854e-04   5.3743675e-03  -5.5654453e-05   1.9138355e-04   3.3854735e-05
   1.0772250e-03  -2.5888964e-05   1.0502345e-02  -3.3826620e-04   1.8670610e-04  -8.0897215e-07
   6.5877168e-03  -4.2820175e-03   1.6801520e-03  -3.7833141e-04   8.5183515e-05   5.2023565e-05
   8.1379500e-03  -1.5826070e-02   5.5431571e-03  -1.7008927e-04   8.0099960e-05   2.1518710e-04
  -2.5874899e-03   2.4771664e-03   3.2058713e-03  -3.7241390e-04   2.8876608e-04  -1.0293339e-04
  -7.7989658e-03   3.4713331e-03  -1.6520399e-02  -3.6952254e-04   2.9586419e-04  -1.0553806e-04
  -2.9816308e-03   6.3767196e-03  -5.7799280e-03  -2.4889777e-04   3.2519550e-04  -1.4527488e-04
  -5.1530138e-03   1.4406368e-02  -1.2681537e-02  -1.7465502e-04   3.0300702e-04  -1.1299165e-04
   5.0360608e-03   1.9180273e-02  -4.6810597e-03  -1.1941446e-04   3.9531254e-04   1.1180559e-04
   2.7816640e-03   1.4850845e-02   3.5506396e-03  -3.8700170e-04   3.0833831e-04  -1.2472463e-04
   7.7489808e-03   7.9449844e-03   1.8439674e-02  -4.1081759e-04   2.3354872e-04   1.4350274e-04
   7.2077373e-03   4.4772808e-03   2.3389893e-02  -4.2185076e-04   3.7418651e-04  -1.3645309e-05
   9.7050986e-03  -4.1666997e-03   2.8951730e-02  -1.0635438e-03   2.8401491e-04   1.5847118e-04
   7.1041984e-03   6.7135507e-03   1.1759024e-02  -6.5132338e-04   2.0788787e-04   2.1920053e-04
   4.2758575e-04   1.2557734e-02  -3.6647174e-03  -3.3315707e-04   1.2280671e-04   2.2417967e-04
  -2.1899272e-03   2.5268921e-02   1.0868187e-02  -2.3281617e-04   1.6643899e-04   8.2475098e-05
  -2.9706093e-03   1.7502230e-02  -6.9014346e-03  -3.3934247e-04   1.1187085e-04   1.4776911e-04
  -3.1894252e-03  -3.4918813e-03   5.2302190e-04  -1.4064177e-04   1.6804319e-04   3.7891820e-05
  -2.0918077e-03  -6.6886614e-03   4.1539147e-03  -3.5165882e-04   9.0879067e-05   1.1536520e-04
   7.7700272e-04   2.4533608e-03   1.0852904e-02  -4.9770921e-04   3.9906251e-05   2.7092313e-04
  -5.2781840e-04   1.8984965e-03   3.2268397e-02  -6.3641508e-04   1.2193719e-04   2.8779929e-04
   3.5908553e-03  -6.7802828e-03   3.5188444e-02  -7.0153293e-04   8.3815797e-05   3.4395186e-04
  -2.4793093e-03  -9.4213340e-03   2.4238910e-02  -7.5452365e-04   2.3099213e-04   1.6889646e-04
  -2.5624506e-03  -1.3355893e-02   2.1949665e-02  -8.9348211e-04   1.1089177e-04   1.8714547e-04
  -4.2707641e-03  -4.3516262e-03   9.0433946e-03  -8.2040426e-04   3.4673096e-04   2.5164315e-04
  -2.0390154e-03  -9.2715926e-03   5.9033972e-03  -6.9150817e-04   2.1744776e-04   1.1795693e-04
  -6.4257813e-03  -6.2324383e-03  -4.4446773e-03  -7.1685512e-04   1.2312507e-04   1.6979360e-04
  -1.1933507e-02   2.3853717e-04  -8.7991603e-03  -7.9329965e-04   9.3287285e-05  -1.2357535e-05
  -7.7460397e-03   5.5315929e-03  -6.9136664e-03  -8.5690905e-04  -8.6715031e-05   1.3725947e-04
  -8.4598038e-03   9.3944036e-03  -1.8825262e-02  -8.3210740e-04   1.3809726e-05   2.4793456e-04
  -1.0781810e-02   1.3044627e-02  -1.1889138e-02  -3.7662619e-04  -1.0560859e-05   1.6635905e-04
  -9.3686653e-03   4.2620870e-03   1.3795150e-03  -5.8572787e-04   7.3148854e-05   1.8025485e-04
  -5.1600340e-03  -3.0118119e-03   8.8659832e-03  -5.1116055e-04   2.3244661e-04   1.5489573e-04
   8.1624167e-03  -2.4785899e-03   1.7010329e-02  -2.9426612e-04   6.4233545e-05   2.3512190e-04
   1.0211235e-02   5.0610280e-03   1.3953936e-02  -5.6382638e-04  -7.5714875e-06   2.3629877e-04
   9.9882068e-03  -5.9179507e-03   1.6334979e-02  -4.9169681e-04   1.2761322e-04   2.6709053e-04
   1.4852911e-02   1.3822671e-03   2.4619658e-02  -1.5883189e-04   1.2802517e-04   2.7028258e-04
   9.6880589e-03  -4.4956132e-03  -9.4362339e-04  -3.5882961e-04   4.0365383e-04   1.5129080e-04
   6.1347629e-03  -8.6812124e-03  -6.8175570e-03  -2.7485423e-04   2.1463501e-04   7.1016401e-05
   5.5383901e-03  -8.0082190e-03   8.6367786e-03  -1.8314845e-04   1.7799070e-04   7.6779545e-05
   4.5547269e-03  -4.1228743e-03   3.2807025e-03  -4.3269133e-04   1.6621935e-04   1.3970609e-04
   8.0034472e-03  -6.5798678e-03   4.1138049e-03  -3.4005401e-04  -1.7813623e-05   2.8534097e-04
   3.4689158e-03  -6.2911724e-03   3.2286585e-03  -3.3523589e-04   1.2076847e-04   6.4059354e-05
   4.5141185e-03   2.3485102e-03   2.8820026e-03  -3.3932918e-04   1.5579417e-04   1.1048052e-04
   6.2807331e-03  -1.7660277e-03   5.3762685e-04  -3.3577271e-04   3.0329404e-04   2.1351722e-04
   3.0741967e-03  -8.1585759e-04  -1.1492167e-03  -2.5919014e-04   1.1461290e-04   2.1701847e-04
  -4.6821088e-03  -1.2385098e-03   8.1485360e-03  -9.5406182e-04   1.4986150e-04   8.7396200e-05
  -3.2639320e-03   7.5528489e-03  -1.2424053e-02  -5.2329484e-05   1.9877856e-04   2.4459754e-04
  -4.0668654e-03   1.2100454e-02   6.6423771e-03  -6.5050843e-05   2.7156331e-04  -7.0171892e-05
   2.2135592e-03   1.6390203e-02   3.6447138e-03  -2.7153536e-04   4.6938728e-05   1.1830003e-04
   3.5604490e-03   1.6060025e-02   4.9935088e-04  -1.9447484e-04   9.5011082e-05   9.4748392e-05
   1.8378742e-03   4.9030586e-03  -4.0058296e-03  -7.6398538e-05   1.2604921e-04  -2.8549648e-05
   3.1577910e-03  -2.5524340e-03   2.1778814e-03  -7.3259930e-05   1.0697534e-04   1.1090008e-04
   3.5739622e-05  -2.8786731e-03   1.4886634e-02  -3.7967478e-04   2.3100995e-04   1.9195461e-05
   1.5592915e-03  -1.3568592e-02   3.2029877e-02  -7.8139777e-04   3.1469869e-04  -1.1253802e-05
  -6.2324592e-03  -1.2489919e-02   2.8810930e-02  -5.1643309e-04   2.9416851e-04   2.8952125e-05
  -6.1212186e-03   1.5369604e-03   2.0563247e-02  -4.4265537e-04   2.6146075e-04  -7.0780905e-05
  -6.0671631e-03   1.2410804e-02   2.7247724e-03  -4.5516076e-04  -1.5311533e-06  -2.8212964e-06
  -9.4926257e-03   6.5958468e-03  -7.5274611e-03  -5.6811817e-04   1.5103133e-04  -3.6628246e-06
  -9.2858575e-03   4.7822043e-04   1.6984093e-03  -3.4019857e-04   1.1014427e-04   7.3154973e-05
  -8.9134463e-03   4.9796779e-03  -7.2865150e-03  -4.0850461e-04   1.3035132e-04   4.0894490e-05
  -1.4883850e-03   7.1129819e-03   4.0240054e-04  -3.6802473e-04   1.8229249e-04   1.1008029e-04
   7.2261003e-04   1.0523506e-02  -1.1501149e-03  -3.2396913e-04   2.8510356e-06   1.6904263e-04
   1.4126712e-03   6.6071383e-03  -3.6908004e-03  -3.1587439e-04   8.8913466e-05   2.2729310e-04
  -5.2078620e-03  -3.7697797e-03   8.1713307e-04   9.0626240e-05   9.4951489e-05   1.5247161e-04
  -1.0641693e-02   2.0354685e-02   7.3234538e-03  -8.1196569e-05   1.9682796e-04  -2.7732769e-05
  -1.1095904e-02   3.9881209e-03  -2.8310369e-04  -2.4768572e-04   1.8804788e-04  -5.8983172e-05
  -7.8265410e-03  -4.6511297e-03   3.6183925e-03  -3.6136802e-04   1.1969152e-04  -6.4951246e-05
  -4.3323342e-03   1.2174401e-03   1.1351172e-02  -4.0467398e-04   2.1272066e-04  -5.8684358e-05
  -3.4003527e-03   8.4406436e-03   2.0444258e-02  -2.9664070e-04   2.4926637e-04   7.7836194e-06
  -5.7374091e-04  -4.3532047e-03   4.8584066e-02  -5.6695780e-04   2.6426197e-04   4.6072049e-05
  -1.2681704e-03  -1.8968551e-02   5.8957271e-02  -6.2124303e-04   2.6073516e-04   1.8421199e-04
  -2.5497814e-03  -1.4976933e-02   5.9697667e-02  -6.7914619e-04   3.5402529e-04   8.0329072e-05
   6.0161393e-03  -2.6004518e-04   5.3174430e-02  -4.8432727e-04   2.6448625e-04   2.3403266e-04
  -2.1624771e-04  -5.7186164e-03   3.3824397e-02  -6.1669337e-04   5.0147574e-04  -1.9754504e-05
   4.5373003e-03   4.8717055e-03   2.7962456e-02  -5.4830151e-04   2.9456680e-04   1.3305947e-04
   4.9367589e-03   9.1447262e-03   1.4891210e-02  -7.6433202e-04   1.6368314e-04   7.3212433e-05
  -2.2205361e-03   6.3336732e-03   1.6039349e-03  -8.0478629e-04   3.2001495e-04   3.7884360e-05
  -5.3513180e-03   1.2012050e-02  -7.2705947e-03  -7.3879495e-04   1.8806014e-04   1.2545007e-04
  -4.5693434e-03   1.1539130e-02  -1.4307220e-02  -6.8102904e-04   1.7065194e-04   1.5528628e-04
  -2.5952635e-03  -2.0087053e-03  -1.7888582e-02  -3.3098830e-04   4.6968338e-04   1.4197210e-04
   1.8564177e-04  -5.1565694e-03  -2.3391639e-03  -4.2488874e-04   2.6832935e-04   8.3046996e-05
  -1.0087135e-03  -1.0665613e-02   3.0296030e-03  -4.8469096e-04   2.8713896e-04   9.9222964e-05
   5.6334652e-04  -8.9150599e-03   5.5264046e-03  -4.5235977e-04   3.0452695e-04   5.6259395e-05
   1.9109801e-03   9.8249893e-05   2.5041685e-03  -4.6998766e-04   2.4337531e-04   5.4239349e-05
  -3.6609890e-03  -7.6605811e-03   4.5050734e-03  -7.0070271e-04   3.9603665e-04  -1.1399395e-04
   1.6020680e-03  -2.7287514e-03   2.0629765e-02  -5.8640337e-04   2.3383330e-04   6.1498490e-05
   2.2323553e-03   1.3003066e-02   1.0014979e-02  -6.8230096e-04   1.8695767e-04   9.2667774e-05
  -2.3448629e-03   1.8237773e-02   1.7671141e-02  -5.7643173e-04   3.9432227e-04   3.7705687e-05
   5.8088333e-03   1.7086368e-02   2.7093128e-02  -6.2947782e-04   2.4134507e-04   8.5397028e-05
   3.9434952e-03   2.4015165e-02   5.0319031e-03  -6.0480070e-04   2.9124852e-04   2.9982924e-04
   1.5978143e-03   1.7283943e-02   1.0048153e-02  -5.4646060e-04   3.9581634e-04   2.2369804e-04
   2.7068143e-03   1.7045413e-02   9.3663430e-03  -8.0896120e-04   1.2106632e-04   2.1780978e-04
  -1.3795574e-03   1.7502463e-02  -8.2035875e-03  -4.9018702e-04   1.4630697e-04   1.8025575e-04
  -3.1254028e-03   1.0096811e-02   6.1632598e-03  -5.5976577e-04   2.7539405e-04   1.2760093e-04
   1.8118430e-03   1.9786219e-02  -1.3525798e-02  -4.9950559e-04   2.9395233e-04   4.3614554e-05
  -2.8278061e-04   2.0426992e-02  -1.8596955e-02  -1.3433584e-04   1.7340050e-04   8.2038880e-05
  -2.5306399e-03   2.5783552e-02  -1.0874611e-02  -2.7384602e-04   1.9686946e-05   1.3965940e-04
  -4.9971840e-03   1.1656089e-02  -2.2988396e-02  -5.5555985e-04   2.9695936e-04   8.5978484e-05
  -3.6722696e-03   8.4533149e-04  -1.0807336e-02  -5.0842459e-04   3.0985422e-04   1.0241050e-04
  -8.0741736e-03  -8.8332708e-03  -1.2813455e-03  -5.8932379e-04   1.8515537e-04   1.8049121e-05
  -6.2313096e-03  -1.6500821e-02   5.5381156e-03  -5.1896749e-04   2.0135645e-04   2.2499230e-05
  -5.0330367e-03  -2.1858987e-02   1.0837744e-02  -8.4833863e-04   2.5568825e-04   8.0119023e-05
  -3.0654085e-03  -2.4595605e-02   1.8378207e-02  -8.5367614e-04   2.5391615e-04   1.1466335e-04
  -4.8064179e-04  -2.4298600e-02   1.4900252e-02  -6.3957115e-04   1.8181338e-04   1.8758166e-04
  -1.6363360e-03  -8.8081377e-03   1.5485492e-03  -5.6365416e-04   2.9803065e-04   1.5368554e-04
   4.3473425e-04  -2.0885705e-02   2.8017799e-02  -1.0252257e-03   3.7918057e-04   2.0552227e-04
  -3.0133450e-03  -7.1249715e-03   9.7635507e-03  -8.0323246e-04   3.0082441e-04   2.6595054e-04
  -3.7467727e-03  -2.5610052e-02   7.1459221e-03  -1.0472578e-03   3.7696959e-04   2.0632301e-04
  -1.8068541e-03  -1.4115482e-02   1.2610573e-02  -7.4266652e-04   2.2313991e-04   1.1213106e-04
  -9.9594608e-03  -1.3027923e-02   3.8473718e-04  -1.5373961e-04   1.2336901e-04  -3.1804437e-05
  -1.3841053e-02   1.2231467e-03  -2.1845659e-03  -4.6836845e-04   2.1436734e-04  -1.0339593e-04
  -6.0109200e-03   1.3340681e-03   3.0374764e-03  -4.7048668e-04   1.8678438e-04   2.8218758e-04
  -1.1444928e-02  -8.7660895e-03   7.0147929e-03  -5.2212175e-04   2.4881689e-04   1.3752161e-04
  -6.5408720e-03  -1.2227647e-02   1.9298452e-02  -4.9332147e-04   1.6542189e-04   9.8381278e-05
   1.0828021e-03   3.9837391e-03   1.8948530e-02  -6.0775174e-04   1.2184995e-04   1.3748512e-04
  -1.9180280e-03   5.5982714e-04   1.3110841e-02  -6.1532784e-04   2.8967883e-04   1.2105660e-04
   1.8593539e-03   6.1616110e-04   6.8970756e-03  -4.6593401e-04   2.0479969e-04   3.1181688e-04
  -3.1079632e-03  -7.9431302e-03   1.4468799e-02  -5.4958141e-04   2.8732728e-04   1.9975491e-04
  -4.1772265e-03  -1.9672273e-03   2.1137291e-02  -5.6584883e-04   2.4238476e-04   2.3269561e-04
  -9.6180819e-03  -1.6503923e-02   2.0164167e-03  -5.5836701e-04   2.6407843e-04   8.4600421e-05
  -7.1623933e-03  -8.3229073e-03   2.4276363e-04  -6.8637672e-04   2.6659077e-04   2.4578974e-05
  -4.6211152e-03  -8.2281036e-03   3.4129543e-03  -6.5528644e-04   1.5611790e-04  -5.2393429e-05
