   0.0000000e+00   0.0000000e+00   0.0000000e+00   0.0000000e+00   0.0000000e+00   1.3877788e-17
   1.1584907e-03   7.8761543e-03   2.4841301e-03  -1.0423135e-05  -1.8836427e-04   1.9570869e-04
  -7.1756548e-03   4.7764921e-03   9.6511356e-03   6.8841926e-05  -1.1002629e-04  -3.2020512e-05
  -7.2571487e-03  -4.4819731e-03   1.7408938e-02  -8.2300948e-05  -9.0453010e-05   2.9805231e-05
  -5.9416878e-03  -8.2468921e-03   1.3747785e-02  -1.2468124e-04  -1.8051165e-05  -1.7492556e-04
  -1.4714082e-03  -2.5468731e-02   3.2328755e-02  -3.9008014e-05   7.4803121e-06   1.9758942e-05
  -3.7642337e-03  -1.4447872e-02   2.1043627e-02  -1.7813377e-04   4.5256876e-05  -1.1773889e-04
  -2.5590187e-04  -7.9324797e-03   1.1653628e-02  -6.1686145e-05   1.7098205e-04  -1.5709360e-04
   3.6061175e-03  -8.4612124e-03   2.6788054e-02  -2.5688419e-04  -1.8143423e-04   7.2199549e-05
  -8.6531682e-03  -1.6695182e-02   2.2569183e-02  -2.2719114e-04   1.9922162e-04  -9.9338493e-05
  -6.3109641e-04  -9.7575075e-03   5.4240645e-03  -1.8070061e-04   5.0281323e-05  -1.6285239e-04
   3.8430710e-03  -7.1243950e-03   4.0219634e-03  -1.6009077e-04   2.3147545e-05   4.1125872e-05
   5.1844040e-03   8.5457146e-03   4.3373218e-03   1.1247431e-04   2.2491516e-05  -1.8689535e-06
   3.2998973e-03   4.7636234e-06   1.4590629e-02   1.0747725e-04   9.1181508e-05  -3.0620112e-05
  -4.7045174e-03  -1.2419028e-02   1.8142451e-02  -1.2148597e-04   6.7012047e-05   7.0293054e-05
   4.4880823e-05  -2.4081729e-04   7.2010520e-03  -1.0815213e-04  -5.2973980e-05   1.3973687e-04
  -1.0049524e-02  -5.8664229e-03   8.7770435e-03   1.1009882e-04  -5.2366425e-05  -1.9923971e-04
  -1.2425330e-02   4.6182649e-03   1.2168396e-02  -9.8417649e-05   9.2500973e-05  -3.1841948e-04
  -8.5359444e-03  -1.2689386e-03   6.6536821e-03  -5.4865304e-05  -1.3621903e-04  -3.0568977e-04
  -9.8507439e-03  -5.5038775e-03   1.5739871e-02  -7.8816380e-05  -2.7481166e-04  -1.1180240e-04
  -1.4474027e-02  -3.1214481e-03   9.8058634e-03  -4.5101364e-05  -8.8368520e-05  -2.6382937e-04
  -8.9535184e-03  -1.0307570e-02   7.8372509e-03  -1.8871929e-04  -1.0112097e-04  -2.6231362e-04
  -8.7173301e-03  -1.7856291e-02   1.0095042e-02  -1.4216686e-04  -2.0873310e-04  -5.1918880e-05
  -8.8626603e-03  -2.1833036e-02   1.9615526e-02  -2.9403297e-04  -3.5853257e-04  -1.2519375e-04
  -1.0299913e-02  -2.6116993e-02   1.5967902e-02  -1.7640319e-04  -2.9769736e-04  -1.1214204e-04
  -1.1308841e-02  -3.3253928e-02   1.8726604e-02  -2.6360301e-04  -3.5645230e-04  -7.3775363e-05
  -4.6116073e-03  -3.5417456e-02   2.5592447e-02  -3.7981316e-04  -3.4997298e-04   1.7475490e-05
  -6.8257198e-03  -3.6706376e-02   1.5732327e-02  -4.1436621e-04  -3.7818043e-04   4.9593140e-05
  -1.0209500e-02  -2.6772406e-02   1.3440309e-02  -3.1491968e-04  -3.1207885e-04  -6.8433918e-06
  -6.1702892e-03  -2.6199998e-02   7.1621262e-03  -4.4117932e-04  -3.8696561e-04   5.6499431e-05
  -1.2890168e-02  -2.6798087e-02   3.1609912e-03  -1.9823530e-04  -2.0243679e-04  -9.9414730e-05
  -5.5319697e-03  -2.6012711e-02   9.9720794e-03  -5.8940401e-04  -3.6279207e-04  -1.9988902e-06
  -8.5924130e-03  -1.4378886e-02   3.2962685e-03  -9.6508713e-05  -1.6627076e-04  -7.7875533e-05
  -8.2799068e-03  -1.1241357e-02   1.3396624e-03  -1.9018457e-04  -1.9953031e-04   1.1645618e-05
  -4.6181278e-03  -1.3342522e-02   1.4861129e-02  -2.7548755e-04  -3.6071602e-04   5.7731056e-05
  -7.1294662e-03  -8.1370031e-03   1.5712658e-02  -2.6716408e-04  -2.8673371e-04   4.8912916e-05
  -5.8758525e-03  -1.6825424e-02   1.3451236e-02  -3.8893269e-04  -4.3722371e-04   1.4438595e-04
  -6.6680696e-03  -1.3263459e-02   8.9655576e-03  -3.7294665e-04  -3.1971602e-04  -3.3678440e-05
  -5.8262137e-03  -1.4969686e-02   3.9419295e-03  -2.3089173e-04  -3.3963166e-04   5.9085677e-05
  -6.9419153e-03  -1.1174477e-02   4.1276752e-03  -4.7130374e-04  -2.8626012e-04  -5.5445145e-05
   3.6597804e-04  -3.4979674e-03  -1.8296741e-03  -3.0639393e-04  -3.7533120e-04   1.3507916e-05
  -3.5036522e-03  -4.3501526e-04   1.0447307e-02  -2.6446257e-04  -3.7844183e-04  -3.6398400e-05
  -2.0054796e-03   1.8783972e-03   4.7794385e-03  -2.4876283e-05  -5.8687694e-04   1.7505062e-04
  -4.2198322e-03  -1.9074594e-03   3.8729189e-03  -2.5704137e-04  -3.8849910e-04   8.4879770e-05
  -1.1282092e-03  -3.4994474e-04  -9.7424882e-04  -3.0489232e-04  -5.2133051e-04   1.4182078e-04
  -2.4015909e-03   5.0543056e-03   4.2060484e-03  -2.9717151e-04  -4.3771602e-04   6.2313084e-05
  -6.1102033e-03  -1.0551265e-03   4.5216100e-03  -2.5510656e-04  -4.6464007e-04   1.4405378e-04
  -6.7138278e-03  -3.2105586e-03   8.9655065e-03  -3.6892822e-04  -4.9878080e-04  -3.1648298e-05
  -1.3157289e-02   6.8755247e-03   7.2624970e-03  -3.2254961e-04  -5.1263132e-04  -6.0694997e-05
  -8.2228771e-03   5.7562266e-03   8.4042154e-03  -5.2703561e-04  -3.2248881e-04  -6.1574764e-05
  -1.3422734e-02  -3.1055436e-04   5.3785362e-03   5.3498974e-05  -2.6064898e-04  -2.4557034e-04
  -1.2728138e-02  -6.8817016e-04   8.7699859e-03  -1.1218386e-04  -4.6406035e-04  -2.9737635e-05
  -1.0764497e-02   3.5817998e-03   1.1749186e-02  -2.1259680e-04  -3.5297058e-04  -2.2543524e-04
  -1.1578390e-02   1.0941913e-02   1.2715873e-02  -1.4725166e-04  -4.0127522e-04   1.0269123e-04
  -1.0898990e-02   1.2331491e-02  -7.2249572e-03  -1.7260742e-04  -2.7247423e-05  -2.3711846e-04
  -8.1635454e-03   6.3381223e-03   5.3300431e-03  -1.2528852e-04  -3.7876352e-05  -9.7311780e-05
  -7.8847082e-03   1.4952872e-02   6.4422177e-03  -3.8618623e-04  -2.8803407e-04  -6.4899635e-05
  -5.7522947e-03   1.0192805e-02   1.0813256e-02  -6.5733578e-05  -2.9827180e-04  -4.2799229e-05
  -3.6662921e-03   1.1680700e-04   1.6441166e-02  -8.5588085e-05  -4.2224086e-04  -1.3811394e-05
  -7.4639699e-03  -2.0662680e-03   1.1248569e-02  -2.1467453e-04  -2.0813377e-04  -3.3027612e-06
  -5.1780481e-03  -1.5350200e-02   1.9391835e-02  -4.4714155e-04  -4.0855568e-04  -5.8641936e-05
  -7.8298559e-03  -5.1079939e-03   1.5215530e-02  -5.1714570e-04  -2.9864251e-04   1.1231422e-04
  -6.4045797e-03  -4.9770359e-03   1.4745430e-02  -4.3392346e-04  -4.2469680e-04   6.3471900e-05
  -6.6420078e-03  -5.5403742e-03   1.6707265e-02  -3.9437722e-04  -4.0695315e-04   6.0082135e-05
  -5.0011188e-03  -2.0489646e-02   1.6447839e-02  -3.0050172e-04  -2.6004427e-04   1.6863009e-04
  -6.4302221e-03  -8.8713898e-03   8.2314932e-03  -3.8105764e-04  -3.2095359e-04   1.7616799e-04
  -4.7476876e-03  -1.4965959e-02   1.5788886e-02  -5.1409559e-04  -5.3150655e-04   1.5615457e-04
  -8.5311825e-03  -2.3013768e-02   1.9177467e-02  -6.7116516e-04  -5.0450321e-04   9.3578581e-05
  -6.2867874e-04  -2.4216045e-02   1.1912865e-02  -4.5275126e-04  -3.7525720e-04   1.2703917e-04
   8.3505706e-04  -2.7550351e-02   1.0765817e-02  -5.6967749e-04  -3.0044650e-04   1.8806450e-07
   3.5109303e-03  -2.7661847e-02   3.9984597e-03  -3.2543212e-04  -1.3038671e-04  -6.3459591e-05
   9.5724338e-05  -1.3887148e-02   8.0672121e-03  -1.2067823e-04  -2.6121172e-04  -2.0822403e-05
  -5.2833315e-03  -2.4278828e-03   1.1851173e-02  -4.3118550e-04  -4.6175546e-04   2.6028902e-04
  -1.3063604e-05  -9.5543858e-03   6.1069555e-03  -5.2919306e-04  -2.9964070e-04   1.8744466e-04
  -1.1472860e-03  -1.4582204e-02   1.6309148e-03  -4.7171777e-04  -2.0220816e-04   2.2374290e-05
  -2.8003348e-03  -1.0678815e-02   5.9618867e-03  -4.4917364e-04  -8.8019252e-05   1.4911283e-04
  -7.6035008e-03  -2.7747650e-03  -1.5743985e-04  -3.6564043e-04  -1.7472413e-04  -4.9957805e-05
  -3.9133828e-03   2.6222012e-03   4.0010135e-04  -2.2448234e-04  -3.0084994e-04  -9.3963307e-06
  -1.7257507e-03  -1.5790683e-02   1.1683003e-02  -2.6221802e-04  -3.1928813e-04   3.9363980e-05
  -9.5920292e-03  -2.3790798e-02   2.0776036e-02  -4.9359235e-04  -2.3225365e-04   2.4206100e-05
  -3.4796519e-03  -2.0188750e-02   1.0163404e-02  -5.3624219e-04  -2.4168830e-04  -2.7186713e-05
   1.0999163e-03  -2.5147939e-02   1.1633196e-02  -3.0862545e-04  -4.1171109e-04   8.7845424e-05
  -1.8999968e-03  -2.2642643e-02   1.7873874e-02  -4.2000797e-04  -3.9545074e-04   1.4574826e-04
  -2.9090908e-03  -2.9684366e-02   1.8572570e-02  -5.3224831e-04  -3.1002010e-04   1.3939621e-04
   2.8829381e-03  -2.2080816e-02   9.5447934e-04  -5.3070754e-04  -3.9232177e-04   1.5100569e-04
   1.8426308e-03  -2.0206021e-02  -2.9022329e-04  -4.8765173e-04  -4.8629571e-04   2.0929685e-04
  -3.5101397e-03  -2.2472551e-02   1.1508032e-02  -4.8258940e-04  -5.2184618e-04   2.0234693e-04
  -6.9011786e-03  -2.1368628e-02   1.0800629e-02  -5.0916861e-04  -4.4731296e-04   2.0646027e-04
  -8.5546160e-05  -5.4056441e-03  -9.9179332e-04  -3.4084663e-04  -5.0326879e-04   1.2997011e-04
   6.6496397e-04  -1.8478333e-02   8.6203239e-03  -4.7791086e-04  -4.0653840e-04  -1.9464872e-07
  -2.1055975e-03  -1.8110045e-02   1.0352707e-02  -6.2819141e-04  -5.8663823e-04   2.1363445e-04
  -2.4292064e-05  -2.8355666e-03   4.4643374e-03  -5.1277193e-04  -4.1845317e-04   1.6268215e-04
   6.1929410e-04  -3.2264833e-03  -6.4362570e-03  -3.5210215e-04  -4.6902006e-04   1.2768140e-04
  -1.1123908e-03   4.6612434e-03  -8.0803163e-03  -2.8161172e-04  -5.4200981e-04   1.7149214e-04
  -5.0770282e-03  -3.4441221e-03  -4.0087568e-05  -1.9880409e-04  -5.2077497e-04   1.0601058e-04
  -2.1996224e-03  -2.0395507e-03  -2.3388401e-03  -4.5629942e-04  -4.4345051e-04   2.0499515e-04
  -8.8461840e-03   5.1477032e-04  -5.3871849e-03  -4.5292775e-04  -2.7937862e-04  -5.6759597e-05
  -4.8590171e-03   5.8379960e-03   4.2389950e-04  -3.7375814e-04  -4.6555547e-04   6.5516517e-05
  -1.1754945e-02   2.5782909e-03   2.6387571e-03  -4.4934027e-04  -3.9507420e-04  -2.2098125e-04
  -8.1481393e-03  -6.8866171e-03   5.8730270e-03  -3.8823261e-04  -4.6080672e-04  -7.8958793e-05
  -6.8817411e-03  -8.7218499e-03   5.6529609e-03  -5.2627668e-04  -4.5400649e-04  -3.0678717e-05
  -3.7711072e-03  -1.2773105e-02   4.8067537e-03  -4.6272183e-04  -3.9949372e-04  -3.6725870e-05
   9.0518721e-04  -7.6790862e-03   3.0301848e-03  -4.3963464e-04  -3.5786820e-04   2.1428604e-05
   2.1190459e-03  -1.0359762e-02   9.6161749e-03  -4.2565124e-04  -4.3934429e-04   1.6866165e-04
  -1.3762901e-03  -1.2848447e-02   7.7739501e-03  -4.2946833e-04  -3.3050632e-04   9.8887232e-05
   1.7943066e-03  -1.0983474e-02   7.8198129e-03  -3.9772879e-04  -5.0378515e-04   8.0855849e-05
  -5.6152384e-03  -1.1005517e-02   6.2053728e-03  -4.8935682e-04  -2.8878279e-04   1.2925779e-04
   1.1003142e-03  -1.2409228e-02   5.8141108e-03  -5.0834075e-04  -4.6326923e-04   2.0196872e-04
   3.1108906e-04  -1.7443693e-02   5.9115880e-03  -5.0021750e-04  -3.9880470e-04   3.8307189e-05
   4.1632678e-04  -7.5400910e-03   7.7030373e-03  -4.7653187e-04  -3.1520063e-04   2.1171646e-04
  -6.9471984e-04  -8.0109836e-03  -3.4014731e-03  -1.2678984e-05  -4.1636708e-04   2.1190119e-04
  -5.0592711e-03  -3.8825885e-03   2.4147429e-03  -3.5068426e-04  -3.4951579e-04   8.8862970e-05
  -1.2375818e-03  -8.4721417e-03   7.5273826e-03  -3.4708700e-04  -4.5296896e-04   2.0416828e-04
  -2.9268115e-03  -5.4203019e-03   6.2156038e-03  -5.0032215e-04  -4.4355807e-04   1.3621340e-04
   6.2594927e-04  -1.2192190e-02   7.9309216e-03  -4.8180237e-04  -4.5520832e-04   1.4009616e-04
  -1.2881724e-03  -7.2534627e-03   1.2539418e-02  -5.2278048e-04  -3.3739209e-04   5.7153919e-05
   7.1133387e-03  -1.2667070e-02   2.0064854e-02  -4.7568980e-04  -3.9380083e-04   2.6681383e-04
   3.9860065e-03  -5.0456883e-03   7.7747899e-03  -4.0328714e-04  -4.5997534e-04   3.1672443e-04
   2.0983799e-03  -2.2018294e-04   4.7647069e-03  -5.1234654e-04  -3.6917073e-04   2.2554720e-04
  -9.6287208e-04   1.7039427e-03   6.1685554e-03  -4.4838305e-04  -4.8448032e-04   1.7844366e-04
  -5.0006209e-03  -2.6679347e-03   1.1367707e-02  -5.6538690e-04  -4.6394579e-04   2.1324243e-04
  -8.3638768e-04  -2.2537376e-03   1.6613869e-04  -5.5487887e-04  -5.6652116e-04   2.8203957e-04
   2.7980981e-03   4.5463796e-03  -1.2204758e-02  -5.3300710e-04  -5.6552781e-04   3.3059870e-04
  -1.2008689e-03   5.9673003e-03  -1.0049262e-02  -6.4852940e-04  -3.6337055e-04   1.5372145e-04
  -7.6618210e-03  -7.4421780e-03  -3.4775295e-03  -4.8525302e-04  -3.2317788e-04  -5.1490988e-05
  -7.4131914e-05  -1.1732100e-03  -7.1491664e-04  -4.7065276e-04  -6.8305776e-04   3.0380149e-04
  -3.9653555e-03   3.8285876e-03  -1.8028363e-03  -6.4989581e-04  -1.8463596e-04   1.7585291e-04
  -1.1907866e-03   2.3575807e-02  -7.5593988e-03  -1.0680344e-04  -3.4805477e-04   2.0598161e-04
  -1.4825621e-03   2.6106586e-02  -4.8562045e-03   1.4618491e-04  -3.3984140e-04   2.1826363e-04
  -1.1134619e-02   4.7897834e-05  -7.4591244e-03   9.0412171e-04   1.0752222e-03  -5.5629009e-04
   3.4179054e-03   2.1681751e-02   8.7055927e-03   3.9380989e-04  -1.8588871e-04   2.3385721e-04
   3.0286627e-03   1.9561445e-02   1.5006847e-03   4.4292944e-04  -4.7237603e-04   2.0704653e-04
  -2.5807096e-03   1.8513211e-02   1.5085438e-02  -1.9414657e-04  -4.0552183e-04   2.2065874e-05
   1.4604308e-03   4.1320487e-03   1.9672347e-02  -3.1405313e-04  -2.4990936e-04   1.8081369e-04
   2.8793482e-03  -8.1724904e-03   1.9594857e-02  -6.2838551e-04  -4.5788897e-04   1.6513620e-04
   2.4288245e-04  -1.1946334e-02   1.4390629e-02  -5.7131801e-04  -1.6929265e-04   2.6888453e-05
   3.6387418e-03  -5.0582309e-03   1.1152886e-02  -3.7912391e-04  -3.1546731e-04   2.2217280e-04
  -6.2750557e-04  -1.0064046e-02   1.5993650e-02  -7.2814958e-04  -2.7460837e-04   1.1428721e-04
   4.8281191e-03  -7.5668921e-03   1.3860444e-02  -6.0519555e-04  -4.1393263e-04   2.4889045e-04
  -3.0797345e-03  -5.6773968e-04   9.2953131e-03  -2.8704122e-04  -1.7589465e-04  -1.2655684e-04
   7.4594330e-03  -3.7378747e-03   1.5544020e-02  -4.6921292e-04  -1.1475704e-04   3.8954637e-05
  -6.1989584e-03   2.8850582e-03   9.1969640e-03  -6.7173013e-05   6.4606426e-05  -6.4989909e-05
   2.6523395e-03   1.3767112e-03   3.5217534e-03  -2.1709737e-04  -1.8506894e-04   2.9101070e-04
   7.0019948e-03   1.7275402e-02  -1.7847401e-03  -2.2570606e-04  -2.1778257e-04   1.9265572e-04
   5.0475051e-03   1.1947492e-02   7.0359928e-03  -3.4170906e-04  -1.2063415e-04   2.6764316e-04
   4.8345764e-04   3.1229171e-03   1.9506988e-02  -3.1066341e-04  -3.4380674e-04   3.2999038e-04
   2.9065756e-03   4.5921226e-03   1.0751064e-02  -2.8988688e-04  -2.6721090e-04   3.4290186e-04
   3.0944177e-03  -7.9920840e-04   1.4625846e-02  -3.5515935e-04  -2.0612352e-04   2.6771192e-04
   3.6267582e-03   6.0054443e-03   4.4377377e-03  -6.3892307e-05  -3.3560060e-04   3.6890649e-04
  -3.3962697e-03  -5.8170504e-03   1.0127288e-02  -3.5054260e-04  -9.9005499e-05   3.7413214e-05
   1.1773513e-03  -2.8294926e-03   9.5264111e-03  -4.2162548e-04  -2.0362204e-04   2.0590544e-04
   2.4594660e-03   3.8024891e-03   1.0724558e-02  -4.4518895e-04  -2.4548449e-04   3.0248745e-04
   1.0619892e-03   5.4885203e-03   5.9406613e-03  -3.4770291e-04  -1.9457707e-04   2.5524627e-04
   5.3026385e-03   5.9300732e-03   2.1460786e-03  -1.2508795e-04  -2.1302171e-04   1.1983622e-04
   7.5597986e-03  -6.1062338e-04   1.0531725e-02  -4.8834790e-04  -1.5864754e-04   4.6025092e-04
   1.1113552e-02   2.5286191e-03   4.7773670e-03  -3.2127265e-04  -3.5089922e-04   5.5056209e-04
   1.7761174e-03   1.0369596e-04   1.1830857e-02  -5.3287296e-04  -1.7032111e-04   3.9192241e-04
   7.3013655e-03   7.2084748e-03   7.0943835e-03  -4.8782176e-04  -2.1282965e-04   2.7223213e-04
   4.1873679e-04   1.9332086e-02  -7.6656083e-03  -3.8692269e-05  -6.3998402e-05   3.3809249e-04
   3.5306489e-03   2.4186193e-02  -5.1670706e-03  -2.7606622e-04  -9.8833795e-05   1.9670652e-04
  -6.2734140e-04   1.7724138e-02   9.8056677e-04  -1.8619861e-04  -1.1150840e-04   2.1243225e-04
  -3.5772790e-03   5.9368327e-03   1.9054136e-03  -2.2173936e-04  -8.3344108e-05   1.5899977e-04
  -1.1811572e-03   2.2088177e-02   8.5322447e-03  -3.1338096e-04  -2.0766141e-04  -5.8352133e-05
   2.2363528e-03   1.9149755e-02   7.7271282e-03  -9.4985093e-05  -2.5905922e-04   2.0415277e-04
  -2.0073274e-03   3.5154643e-03   7.2397781e-03  -1.8074502e-04  -1.4267317e-04   4.3598246e-05
  -7.8713981e-04   2.2971321e-03   7.0279565e-03  -3.6926181e-04  -1.5351439e-04   1.3503737e-04
   6.7530243e-03   8.8389288e-03  -6.5504148e-03  -8.6112645e-05  -2.4298588e-04   2.5339718e-04
   2.7585809e-03   1.1409026e-02  -6.0036410e-03  -2.0667791e-05  -2.4212543e-04   2.7009174e-04
   1.1002231e-03   1.4599351e-02   4.6134879e-03   6.3829731e-05  -3.3672401e-04   1.4747408e-04
  -7.9050887e-04   1.0530953e-02   2.0483886e-02  -4.2193247e-04  -4.7428381e-04   3.9333412e-04
   4.1697112e-03   8.4910299e-04   1.7641175e-02  -4.7893725e-04  -7.0234297e-04   3.0857605e-04
  -3.2032995e-03   2.0901485e-02   4.8449290e-03  -9.2808904e-05  -5.6843027e-04   4.6713509e-04
  -2.3644209e-03   1.6598340e-02   8.3021131e-03  -4.1364560e-04  -3.1797784e-04   3.2559869e-04
  -9.3055361e-03   1.1522202e-02   2.2204098e-02  -5.9841874e-04  -2.5239355e-04   8.3897645e-05
  -6.8914472e-03   3.6531806e-03   1.1489220e-02  -3.8942244e-04  -3.3466319e-04   1.9113724e-04
  -5.3079848e-03   6.2240661e-03   7.5538975e-03  -4.5979115e-04  -2.7086736e-04   2.1407547e-04
  -2.1537246e-03   8.4561584e-03   1.3985132e-02  -2.8065493e-04  -2.2276337e-04   1.8814418e-04
  -1.2256690e-03  -2.2294326e-04  -7.4977244e-03  -1.0787356e-03   9.5832376e-04  -3.9560522e-04
   8.6795220e-03  -2.5151934e-02  -1.6174512e-03  -6.6080264e-04   4.4807259e-04   2.3157652e-04
   1.1719376e-02   1.0388951e-02  -8.6367968e-03  -1.3043921e-04   5.4768020e-05   1.5875850e-04
   4.4751908e-03   1.0986737e-02  -1.3150633e-03   3.1219497e-05   2.1396372e-05   2.4131131e-04
  -1.5967896e-03   5.0141457e-03  -4.3257356e-03  -9.1802464e-05   2.5014478e-04   6.9379406e-05
   1.2084778e-02   5.0412280e-03  -3.1200949e-03  -2.0286083e-04   2.3880191e-05   2.7594657e-04
   6.6267140e-03   2.2251179e-02  -2.7674742e-04   8.7147642e-05   1.5815729e-04   3.7994580e-04
   2.5358601e-03   1.9112860e-02   1.0326184e-02   9.7332181e-05   1.9325177e-05   1.4485239e-04
  -1.4875819e-04   1.7189347e-02   1.5508551e-02   5.3719962e-05   6.6599321e-05   1.4026983e-04
   1.8595292e-03   1.3288100e-02   1.2500122e-02  -1.0444304e-04   4.8315614e-05   2.5309893e-04
   4.3096078e-04   1.1419113e-02   1.0001220e-02  -7.1223854e-05   6.3948992e-05   1.7292319e-04
   5.4280625e-04   6.1131630e-03   1.6416447e-02  -3.3794388e-04   5.4583062e-05   1.1074918e-04
  -1.1137876e-03  -3.5474533e-03   8.7319986e-03   4.0335293e-06   2.0475579e-04  -5.3880875e-05
   1.8482638e-03   2.5154067e-03   9.7008267e-03  -6.7056930e-05   7.8412943e-05   1.0340237e-04
   3.6500596e-03   4.7090845e-03   4.1551294e-03   2.1413335e-04  -3.3160936e-05   2.8772442e-04
   3.8463552e-03   2.1953757e-03   1.1047942e-02  -1.0002142e-04   7.5813767e-05   1.6544219e-04
   5.0710345e-04  -3.1356250e-03   5.6625759e-03  -1.1827991e-04   1.9351399e-04   8.4427500e-05
   7.1470811e-03  -5.9441125e-03   3.9524446e-03  -3.1051619e-04   9.5410520e-05   9.7328810e-05
   2.9521027e-03   2.3928588e-03   1.0211748e-02   6.8251547e-05   5.5507366e-05   1.9481201e-04
   4.4401659e-03   7.2626331e-03   1.3134728e-02  -1.3750241e-04   2.6687838e-04  -1.7455939e-04
   8.6483953e-04   1.6615414e-02   5.7580763e-03  -1.1711352e-04   1.3725183e-04   2.4187414e-04
   3.2350617e-03   1.0136222e-02  -6.3539211e-04  -1.1832645e-04   3.2018991e-04   1.6478988e-04
   6.6518133e-03   1.0958220e-02   7.3765266e-03  -1.9287152e-04   2.4002860e-05   3.3903134e-04
