   0.0000000e+00   0.0000000e+00  -7.1054274e-15   1.1102230e-16   0.0000000e+00   0.0000000e+00
   1.0211705e-03  -5.3820696e-03  -1.6587681e-02   2.1345837e-04   1.8060409e-04   6.6769968e-06
   1.4714429e-02   2.8163079e-02  -4.5781884e-03   3.9969922e-04  -1.0506648e-03  -2.3106244e-04
   1.1943667e-02   2.9100065e-03  -2.0042189e-02   3.3533329e-04  -3.9174762e-04   3.3520296e-05
   8.4349529e-03   8.0665237e-03  -3.8155689e-03  -2.4230140e-04  -3.0052180e-04  -1.6864320e-05
   6.7410536e-03   4.0536421e-03   7.9110845e-03  -2.8197743e-04  -3.2546943e-04  -5.2875293e-05
  -1.7552142e-03  -1.3006613e-02  -1.0162346e-02   1.1397658e-04  -1.1481637e-04  -6.9129251e-05
  -9.9527285e-03   2.4223199e-03   1.2809932e-03  -4.8058091e-04  -6.2532265e-05  -3.0319882e-04
   1.7055723e-03   1.4171768e-02   2.7851747e-03  -4.9766480e-04  -2.3115344e-04   9.7173797e-06
  -5.3467055e-03   3.5008661e-03  -3.5313065e-03  -4.8630891e-04  -1.3150599e-04  -2.0574818e-05
  -9.5218990e-03   2.1837053e-02   3.0435159e-02  -9.0703236e-04   1.4883634e-04  -1.5734485e-04
   1.5393252e-02   3.1343822e-02   3.6176019e-03  -5.0415137e-04  -4.8769776e-04   2.0310463e-04
   1.9973881e-02   2.6058924e-02   4.0440506e-03  -6.9996395e-04  -5.1268690e-04  -3.7408279e-05
   2.0367576e-02   1.7903727e-02   1.7763349e-02  -5.0401391e-04  -6.7186099e-04  -9.7422360e-05
   1.6015386e-02   1.5851828e-02   2.5937282e-02  -6.6997225e-04  -7.1643030e-04  -1.1919362e-04
   9.8918433e-03   7.0106827e-04   1.5169095e-02   2.1195493e-04  -6.0195187e-04  -1.9762887e-04
   3.7210040e-03  -1.0154657e-02   3.3931990e-02  -9.9924399e-04  -5.9212957e-04  -2.7256742e-05
   5.2053793e-03  -1.9298409e-02   2.2609442e-02  -1.9428057e-04  -4.2789253e-04  -5.6988449e-05
  -4.7748123e-04  -2.4489553e-02   2.2771147e-02  -2.1017979e-04  -3.6299371e-04  -2.6126071e-05
   4.5233732e-03  -2.4930330e-02   1.1606937e-02  -3.6067560e-04  -3.7444891e-04  -2.2564015e-05
   4.7937082e-04  -3.5227908e-02  -1.5975856e-03   2.5914139e-04  -6.1881387e-05  -2.9456220e-05
  -4.4565897e-03  -8.0578872e-03   8.1480880e-04  -5.6909393e-04  -4.0705402e-04  -4.1973518e-05
  -7.3620500e-03  -3.0395183e-03  -4.2744221e-03  -4.6217444e-04  -3.7195884e-04  -2.9913703e-04
  -6.0886856e-03  -1.3198149e-02  -1.3832752e-02  -6.2348379e-04  -6.4935888e-04  -1.7886742e-04
  -6.5133711e-03   4.9329216e-03  -2.3806422e-03  -7.2853921e-04  -4.5305478e-04  -2.6981104e-04
  -9.5150952e-04  -1.2007359e-02  -1.7500321e-02  -3.9190687e-04  -5.0807566e-04  -2.4777042e-04
   3.8371898e-03   5.5036341e-03  -1.3830897e-02  -3.5337928e-04  -4.3278879e-04  -1.5502400e-04
   3.3780216e-03   9.1777634e-03  -4.4516976e-03  -3.9918474e-04  -3.9132037e-04  -2.1065244e-04
   1.0252438e-02   2.9377122e-03   4.7147043e-04   2.3366736e-05  -4.1909138e-04  -1.2464092e-05
   1.5923777e-02  -6.1912348e-03  -1.8939249e-02  -2.5114601e-04  -1.1095706e-03   2.1539165e-04
   8.5052086e-03   3.1690682e-02   7.2441998e-03  -6.1323416e-04  -3.6958831e-04  -1.4731608e-04
  -1.4316348e-03  -4.8629811e-03  -2.3829200e-02   4.8210029e-04  -4.5994717e-04  -1.6835909e-04
  -2.0321597e-03   2.0198466e-04  -9.7092479e-03  -7.2644971e-04  -4.9541407e-04   1.3567549e-04
   3.3567417e-03   2.0487181e-02  -3.7647996e-03   1.2206965e-04  -7.0664958e-04   9.2024679e-05
   5.6838784e-03   3.8470742e-02   2.3765576e-03  -6.9855463e-04  -7.7356848e-04  -1.4123476e-04
   9.4760227e-03   3.7947948e-02   1.0837102e-02  -8.8011572e-04  -5.4177042e-04  -1.3004896e-04
   1.4496271e-02   4.7081958e-02   2.1030204e-02  -9.8261917e-04  -5.1312521e-04   7.1363463e-05
  -5.8527181e-03   2.2694234e-02   3.8978834e-02  -7.0062393e-04   3.4853308e-04  -2.4820461e-04
   1.3511616e-02   2.6708879e-02   4.4072942e-02  -8.3546331e-04  -3.9753614e-04   6.5433779e-05
   4.8228937e-03  -7.8145198e-03   1.6756309e-02  -9.0103457e-04  -5.5141949e-04   8.0063522e-05
   5.2047309e-03   1.8824200e-02   2.5133379e-02  -1.1257321e-03  -4.4193950e-04   4.0825970e-06
   1.5603754e-02   9.4986240e-03   2.7374224e-02  -6.2386380e-04  -5.2598081e-04   1.5070986e-05
   1.5311388e-02   2.3028272e-03   2.8914088e-02  -9.3872262e-04  -5.5907481e-04   1.9312885e-05
   1.4947601e-02   7.0250978e-03   2.9230806e-02  -8.8504647e-04  -4.8531998e-04  -9.6924857e-05
   1.6384896e-02   1.6417044e-02   2.1657953e-02  -1.0312353e-03  -5.5189946e-04  -1.2733549e-04
   8.2401894e-03  -9.5815892e-03  -1.2332035e-01   1.9378791e-03  -6.9656301e-04  -5.6282068e-05
   5.6525798e-03   5.8953837e-02  -1.6207317e-03  -1.3940900e-03  -5.3495885e-04   2.0532042e-04
   9.2031389e-03   9.5128380e-02  -1.0761053e-02  -1.5472680e-05  -1.6846876e-03  -2.1660502e-04
  -1.6272102e-02   1.1848378e-02  -2.1041517e-02  -1.7918482e-03  -2.9580477e-04  -1.0142913e-03
  -5.5764354e-03   2.1876261e-02   1.2429733e-02  -1.2297260e-03   1.5660295e-05  -6.6664988e-05
   4.6620049e-03   5.9790748e-02   2.7161583e-02  -1.6207290e-03  -3.1659172e-04  -2.4335344e-04
  -5.0916706e-03   2.7178384e-02   1.1704465e-02   4.2937912e-04  -3.2261737e-04  -3.6116498e-04
  -2.0169973e-02   5.2552423e-04   3.0564017e-02  -2.2814298e-03   2.2402380e-04   8.0990961e-05
  -3.8706210e-03   2.9843500e-02   4.8572244e-02  -2.2661830e-03  -1.6393521e-04  -3.4276454e-04
   4.2376687e-03   3.1455155e-02   3.4548510e-02  -2.1294725e-03  -2.1119114e-04  -2.6755511e-04
  -7.2469231e-03   1.0342273e-02   1.8876408e-02  -1.1664682e-03  -1.7840051e-04  -4.1837946e-04
  -1.6107724e-03   6.2360003e-03   1.0361227e-02  -6.5819585e-04  -2.9341854e-04  -2.0197186e-04
  -4.5846017e-03   1.6023575e-03   1.6189945e-02  -5.5111038e-04  -1.8490306e-04  -1.7559620e-04
   1.1698203e-03   3.4462986e-02   1.4076441e-02  -1.1090126e-03  -3.8633103e-05  -4.9342069e-05
  -4.2809151e-03   3.3194154e-02   4.8349499e-03  -1.0179643e-03  -9.2739971e-05  -9.5158474e-05
  -2.9496475e-03   3.1180663e-02   2.1399180e-02  -1.2098738e-03  -2.6704893e-04  -2.4087356e-04
  -9.3800808e-03   2.9146508e-02   2.2017948e-02  -1.2106179e-03  -1.5290576e-04  -4.3102642e-04
  -3.0341220e-03   2.7860730e-02   5.8572688e-03  -1.1165234e-03  -2.8779334e-04  -4.1368579e-04
  -5.8345639e-03   4.3237024e-02   7.6485710e-03  -1.1512497e-03  -1.0268366e-04  -4.0237043e-04
  -2.7676026e-03   3.6178020e-02   1.3486958e-02  -1.1290320e-03  -3.2578067e-04  -4.7135245e-04
  -3.1854521e-03   2.5684383e-02   1.6441540e-03  -9.3885360e-04  -2.7938489e-04  -4.5636383e-04
  -2.0907941e-03   2.6998639e-02  -4.2670343e-03  -4.1654791e-04  -3.5413585e-04  -3.8443382e-04
  -1.2637420e-03   1.0889147e-02  -8.5814063e-02   9.5033160e-04  -1.3760302e-03  -1.1921291e-04
   2.5028170e-02   1.3279813e-01  -1.0422375e-01  -5.2371169e-03  -1.8717027e-03  -2.0388097e-04
   1.2786169e-02   1.1207804e-01  -2.5121993e-02  -3.0321901e-03  -8.2328115e-04  -7.6144105e-04
   1.4383006e-02   6.7712120e-02  -1.4183362e-02  -1.2785453e-03  -5.3510032e-04  -4.2227837e-04
   5.6789568e-03   3.7176568e-02  -1.7031883e-02  -6.2721908e-04  -5.9356956e-04  -4.7975203e-04
   2.7408233e-03   7.7725681e-02   3.1328020e-03  -1.2543473e-03  -9.0073592e-05   3.6866815e-05
   3.9836653e-03   5.7914963e-02   4.8165109e-03  -1.2161954e-03  -2.4223336e-04  -3.4637763e-04
   1.0938214e-02   3.5842740e-02   5.8561161e-03  -1.2352508e-03  -4.5124021e-04  -1.2877105e-04
   3.5876787e-03   3.3649014e-02   1.3756459e-02  -1.3365494e-03  -2.9675594e-04  -2.4592677e-04
   1.2540369e-03   3.0352569e-02   6.1452863e-03  -1.5270749e-03  -2.0122305e-04  -2.3282355e-04
   1.2793823e-02   3.8096624e-02   3.3852663e-03  -1.4462180e-03  -4.1033245e-04  -2.6020556e-04
   1.4675588e-02   4.4118958e-02  -1.9545175e-03  -1.3844638e-03  -3.7713560e-04  -1.7720433e-04
   9.5539258e-03   4.6110574e-02  -1.1558276e-02  -1.2094760e-03  -4.9647898e-04  -2.1279770e-04
   1.1629420e-02   4.8140843e-02  -5.3618299e-03  -1.3165718e-03  -4.2014959e-04  -2.3780989e-04
   3.7682265e-03   2.4255209e-02  -2.0097822e-02  -3.3732688e-04  -3.5099917e-04  -4.8778084e-04
   2.8579813e-03   3.6421711e-02  -3.0398119e-03  -9.2221115e-04  -2.8251888e-04  -6.1222618e-05
   8.7101292e-03   1.3362223e-01  -2.6993457e-03  -1.2123587e-03  -1.3125148e-03  -5.1458458e-04
  -1.4419907e-02   1.2481121e-01  -1.7277964e-02   6.3298636e-04  -5.3552076e-04  -2.6725749e-04
  -3.3884578e-02   5.0741885e-02  -5.0309252e-02   1.3944646e-03  -1.1591280e-04  -6.7788530e-04
  -3.0964268e-02   3.3867364e-01   2.0079340e-01  -6.5451163e-03   1.1692374e-03  -7.2789596e-04
   8.9135637e-03   6.5080515e-02  -7.2503699e-02   4.2488150e-04  -3.0107807e-04  -1.9443861e-04
  -1.5138949e-04   2.7819860e-02  -9.5357457e-03  -5.5431310e-04  -6.8522715e-04  -3.0421423e-04
  -1.3815716e-02   2.6509932e-02   2.8180374e-02  -8.8130877e-04  -1.2668419e-04  -2.7224377e-04
  -4.4811445e-03   8.4795392e-03   3.2927387e-02  -1.0388152e-03  -1.8431599e-04  -1.2781324e-04
   6.4780933e-04   1.2409706e-02   1.9896090e-02  -5.7960669e-04  -2.4475439e-04   2.9662991e-04
   9.1756632e-03   2.7244126e-02   2.6626537e-02  -1.0638402e-03  -1.7826942e-04  -2.2893059e-05
   3.2935037e-03   2.5808434e-02   2.9071436e-02  -1.1546731e-03  -2.7647655e-04  -1.4862323e-04
  -2.4698733e-03   2.5029786e-02   2.6234067e-02  -1.1661052e-03  -2.6524551e-04  -2.6939203e-04
  -4.7834076e-03   1.6588362e-02   1.6544458e-02  -9.5032689e-04  -2.6302199e-04  -3.4973943e-04
  -9.0644305e-03   1.6118143e-02  -3.0924140e-02   1.3543414e-03   1.5589769e-04  -1.2926031e-04
  -7.7731286e-03   6.4701383e-02   2.1901615e-03  -2.4958447e-03  -3.1541935e-04  -3.0256566e-04
   1.2957484e-02   3.8527750e-02  -1.9755909e-03  -1.7135851e-03  -3.1369853e-04  -1.9597433e-04
   1.0729514e-02   3.2665170e-02  -7.7515699e-03  -1.3562856e-03  -2.8315594e-04  -1.4499294e-04
   1.3093088e-05   1.3009548e-02  -1.1821544e-02  -9.8780607e-04  -3.8053369e-04  -7.0157131e-05
   8.9799543e-03   2.5507382e-02   1.3240199e-03  -1.3567102e-03  -4.4437902e-04  -2.2271588e-04
   1.1969155e-02   3.3121459e-02  -6.6816843e-04  -1.3780665e-03  -6.0297479e-04  -8.7031214e-05
  -1.1780632e-02   2.2787100e-02  -3.1544567e-02  -1.3027087e-04  -1.7226920e-04  -5.8427271e-04
  -6.4144911e-04   4.2838578e-02  -1.3563933e-02  -3.9515528e-04  -3.7527510e-04  -3.5785575e-04
   1.4344914e-02   2.1282915e-02  -2.3874575e-02   5.8693676e-05  -5.7183313e-04  -1.3150059e-04
   1.4913487e-03   4.0409984e-02   7.6047527e-03  -5.4777006e-04  -1.8324421e-04  -8.1882802e-05
   5.7158878e-03   4.2537052e-02  -3.3838632e-03  -5.5189682e-04  -3.9843970e-04  -1.2059912e-04
   4.8714185e-03   3.4342298e-02   3.4376813e-03  -5.7721317e-04  -4.1385017e-04  -2.4224450e-04
   4.2405850e-04   2.3168442e-02   6.1841641e-03  -8.0206875e-04  -2.5298306e-04  -1.1151133e-04
  -1.6560777e-03   2.5330239e-02   3.0965628e-03  -9.9474427e-04  -3.8832770e-04  -2.2637553e-04
  -2.1240270e-03   2.8206114e-02  -9.3265028e-03   1.3904463e-04  -3.0307758e-04  -2.5240111e-04
   1.2094771e-02   3.7497226e-02  -1.0012020e-01  -1.4225245e-03  -1.1732986e-03  -2.3087815e-05
   1.6190543e-02   1.0750120e-01  -1.0293264e-02  -1.0591595e-03  -4.7156771e-04  -3.4945398e-04
   1.9365651e-02   6.8849958e-02  -2.7783411e-02  -2.4255602e-03  -8.5262017e-04  -3.9421579e-04
   2.4314340e-02   7.1808284e-02  -2.0118619e-03  -1.0315835e-03  -8.2841160e-04  -2.5175475e-04
   1.5057547e-03   3.5638394e-02   7.7406727e-04  -1.3905715e-03  -3.3200648e-04  -3.7983308e-04
   5.0703011e-03   4.9718266e-02   1.2774764e-02  -1.4588355e-03  -5.5335828e-04  -3.0470530e-04
   1.0574817e-02   5.5474191e-02   1.2269288e-02  -1.5790398e-03  -5.4319659e-04  -2.9537523e-04
   1.1704324e-02   5.6140466e-02   7.6956436e-03  -1.5224715e-03  -7.1357629e-04  -3.1718204e-04
   1.0713271e-02   6.6244489e-02   7.4899102e-04  -1.3410860e-03  -6.9799668e-04  -3.6528382e-04
   1.1406825e-02   6.4512248e-02   4.6205781e-03  -1.3659477e-03  -7.5137652e-04  -3.2771937e-04
   1.3366097e-02   1.0160355e-01   4.1425601e-02  -2.9294784e-03  -9.1195241e-04  -2.7660473e-04
   1.3074299e-02   4.0948476e-02  -9.3380289e-02  -1.2902606e-03  -1.2642984e-03  -1.7810380e-04
  -1.5147771e-02   8.3824147e-03  -1.2435219e-01   2.9336354e-03  -7.4940569e-04  -4.1371530e-04
   1.2657052e-03   1.0410873e-01  -3.5167353e-02  -2.4780693e-03  -1.8184717e-04  -3.5142206e-04
  -3.3823436e-04   2.7566959e-02  -3.1565908e-02  -5.0120779e-04  -3.5565876e-04  -5.4546197e-04
  -6.5134487e-04   3.0713337e-02  -1.7681866e-02  -3.2578424e-04  -2.7129351e-04  -5.3676220e-04
   1.6241998e-03   3.0177438e-02   7.8998949e-03  -1.2884493e-03  -4.7797286e-04  -3.8696215e-04
  -2.1936359e-03   2.3158144e-02   1.7146811e-02  -1.0853117e-03  -4.3265821e-04  -5.2687449e-04
  -1.1969450e-02   2.3900864e-02   2.2902797e-02  -1.9037551e-03  -5.0998872e-04  -6.2863196e-04
   9.2270867e-03   9.6815857e-03  -1.6585152e-02  -1.3862537e-03  -6.8308963e-04  -2.9683726e-04
   7.0296172e-04   3.5282780e-02  -1.8083467e-02  -7.2094277e-04  -6.9117404e-04  -3.0408237e-04
   5.6820682e-03   4.3356221e-02  -1.7207224e-02  -1.2790123e-03  -4.5636621e-04  -2.9100239e-04
   7.3922387e-03   4.0402932e-02  -1.5736744e-02  -9.6888231e-04  -6.7234856e-04  -3.3674094e-04
   4.9019830e-03   1.5612775e-02  -2.3482275e-02  -8.0688157e-04  -5.3607422e-04  -1.1530089e-04
  -5.1698182e-03   2.3272287e-02  -8.7175395e-03  -1.0401650e-03  -5.2035853e-04  -6.5983936e-04
   6.1880554e-03   4.7709023e-02  -2.1824122e-04  -1.1498488e-03  -4.6221757e-04  -3.3872410e-04
   4.8247226e-03   4.5338335e-02  -1.1109630e-02  -1.0455885e-03  -4.6999091e-04  -2.3232049e-04
   7.6165566e-04   3.5734419e-02  -1.3928708e-02  -1.0203903e-03  -5.2508116e-04  -2.3822686e-04
  -2.6571563e-03   3.6765483e-02  -1.4453184e-02  -1.2501904e-03  -5.1023672e-04  -3.3579123e-04
   7.7284344e-03   3.6880666e-02  -1.2649427e-02  -1.2243950e-03  -7.0245028e-04  -3.5390002e-04
   7.6522614e-03   4.7348322e-02  -1.1680699e-02  -9.0567990e-04  -5.4688390e-04  -3.9034326e-04
   9.2567736e-03   4.8890312e-02  -9.0100352e-03  -1.0513756e-03  -7.4757923e-04  -3.4544596e-04
   5.1456551e-03   5.4644060e-02  -1.5317361e-02  -1.1142547e-03  -5.9962941e-04  -4.3832668e-04
   8.6825865e-03   5.2505335e-02  -2.2439647e-02  -6.6116060e-04  -6.5697442e-04  -2.9165857e-04
   2.2754858e-04   4.2701243e-02  -1.7091089e-02  -8.7563108e-04  -5.9586444e-04  -5.1552389e-04
   2.1203560e-03   2.1570517e-02  -1.7500912e-02  -7.6881371e-04  -6.1313933e-04  -4.3913238e-04
   7.1140732e-03   2.7832459e-02  -3.9858088e-03  -1.2194604e-03  -5.5741631e-04  -2.7263594e-04
   5.5589382e-03   3.4775932e-02  -1.9318623e-03  -9.3848211e-04  -5.9121899e-04  -3.5975247e-04
  -2.8591633e-03   3.2244440e-02  -2.2083413e-03  -8.5360146e-04  -5.9999525e-04  -3.7970616e-04
  -1.0626473e-02   1.2166569e-01   7.9791198e-02  -4.4149583e-03  -1.0317050e-03  -7.2225494e-04
   6.5599890e-03   4.2967050e-02  -4.5241936e-02  -2.4173817e-03  -1.2843656e-03  -1.0104168e-04
   4.9604273e-03   5.2496442e-02  -1.4252067e-02  -2.0262039e-03  -7.5651950e-04  -4.4372070e-04
   2.0220971e-04   2.8259583e-02  -5.5219896e-03  -1.1459912e-03  -6.9819744e-04  -5.4776790e-04
   5.7812116e-03   7.6990582e-02   4.6716183e-02  -2.2927886e-03  -8.0808748e-04  -4.9727038e-04
  -2.3340782e-03   4.4855735e-02   4.7014382e-03  -1.8254410e-03  -5.3927650e-04  -9.3234726e-04
  -1.6892512e-02   1.0767039e-01  -1.4632100e-02  -7.1926737e-04  -6.7198656e-04  -9.8733156e-04
  -1.5839613e-02   9.3876941e-02  -1.3116893e-01   1.7481205e-03  -7.1993859e-04  -2.0419145e-04
  -2.4087776e-02   1.9523898e-01   2.4608776e-02  -3.8677806e-03   8.4605218e-04  -7.6462274e-04
  -5.0546403e-05   2.6797855e-02  -3.9456173e-02  -2.4844001e-05   3.6991106e-05  -1.6640941e-04
  -5.1107327e-03   3.5741926e-02  -3.2442502e-03  -5.1430944e-04  -5.0972333e-04  -3.8647766e-04
  -3.2305201e-03   3.9898912e-02   3.7430276e-02  -1.2064878e-03  -5.5786842e-04  -6.1098891e-05
  -2.1113486e-02   1.9278857e-01   1.8455108e-01  -6.7140190e-03  -1.1508032e-03  -9.3411551e-04
  -1.9217172e-02   6.4155142e-02  -2.0201789e-02  -2.6106443e-03  -5.8342782e-04  -4.6693774e-04
  -2.4085985e-02  -1.4804884e-02  -2.8536687e-02  -2.7385372e-03  -3.4189904e-04  -8.2913168e-04
  -1.3559240e-02   6.3736184e-02  -8.5146828e-03  -1.4751470e-03  -8.4924836e-04  -9.7353741e-04
  -5.2942971e-03   3.4314457e-02  -7.4429909e-02   3.6002640e-04  -4.9873622e-04  -3.2919460e-04
  -2.4776533e-02   4.1555894e-02  -1.9664809e-02  -1.1315949e-03  -3.6788858e-04  -5.9866120e-04
  -1.6126443e-02   5.7241584e-02  -2.2118575e-04  -1.3667164e-03  -4.1765183e-04  -4.7677835e-04
  -1.5859380e-02   5.7685132e-02   5.1980748e-03  -1.1313771e-03  -5.1246707e-04  -4.7704316e-04
  -3.2041095e-02   4.3331256e-02   4.0906542e-04  -1.1213458e-03  -2.7712412e-04  -6.6286685e-04
  -1.9343594e-02   4.1914560e-02   9.8530818e-03  -1.2267030e-03  -3.5213165e-04  -7.0290642e-04
  -9.8011601e-03   5.9235677e-02   1.8392755e-03  -1.3123202e-03  -4.7382411e-04  -3.7723206e-04
  -1.0977099e-02   6.6172884e-02  -1.2153795e-02  -1.2669843e-03  -4.0986634e-04  -5.4718482e-04
  -1.5578713e-02   7.1113421e-02  -2.7252614e-02  -1.0053398e-03  -4.1422036e-04  -7.2573278e-04
  -1.2079737e-02   6.4819953e-02  -1.7980415e-02  -1.1452049e-03  -4.8954511e-04  -5.7987624e-04
  -1.0849794e-02   6.1817194e-02  -1.0111764e-02  -1.0907632e-03  -4.2182005e-04  -6.2347861e-04
  -4.7733324e-03   9.9948399e-02   2.6427355e-02  -2.8287395e-03  -4.1895610e-04  -8.1827534e-04
  -1.9724253e-02   7.3108744e-02  -2.3350032e-02   2.5540164e-03   3.9506264e-04  -7.9953454e-04
  -1.6151198e-02   4.7212663e-02  -5.9671077e-03  -5.1786423e-04  -2.8660658e-05  -6.3225506e-04
  -1.7513671e-02   5.9885342e-02   4.3387609e-03  -9.8097075e-04  -1.2878720e-04  -4.9261238e-04
  -6.6541417e-03   5.0619489e-02   1.2650583e-02  -1.6386874e-03  -2.4404520e-04  -4.4229182e-04
  -3.1592426e-03   4.5108899e-02   1.6664328e-02  -1.7260392e-03  -3.2026096e-04  -3.6917805e-04
  -9.5667542e-03   4.0121956e-02   7.2259424e-04  -1.0746897e-03  -1.5644998e-04  -3.8247258e-04
  -5.6008128e-03   5.5086555e-02   6.6127828e-03  -1.9630164e-03  -3.5656400e-04  -4.4883252e-04
  -1.6140994e-03   7.1516421e-02  -7.5690197e-03  -1.6600002e-03  -5.0409870e-04  -5.0731354e-04
  -1.2989894e-04   7.2143625e-02  -1.5369088e-02  -1.3136361e-03  -4.3886745e-04  -4.7404213e-04
  -4.4862417e-03   6.8806770e-02  -9.4557519e-03  -1.0357296e-03  -4.9034898e-04  -5.7002201e-04
  -1.2486552e-02   5.8091706e-02  -3.2629958e-03  -1.3433121e-03  -3.5243558e-04  -5.9519149e-04
  -1.0678027e-02   5.0390638e-02  -1.5934644e-02  -9.4317740e-04  -1.9060135e-04  -4.3762770e-04
  -1.3728919e-02   3.9508672e-02  -1.3403094e-02  -1.2555662e-03  -1.0841552e-04  -2.8401072e-04
   1.0656889e-02   1.5236524e-01   2.5790628e-02  -4.3881424e-03  -1.3498673e-03  -1.2661809e-04
   1.4764620e-02   7.1592475e-02  -9.3390877e-02  -1.2622101e-03  -8.1506572e-04  -3.2305570e-04
   2.4066612e-03   9.0948341e-02  -2.2915772e-02  -2.2496308e-03  -6.1604422e-04  -2.2100185e-04
   2.1777962e-04   7.5846486e-02  -1.2136367e-03  -1.7310420e-03  -6.3176295e-04  -4.2803877e-04
  -1.0584150e-02   5.0545965e-02  -2.9253884e-02  -2.0717733e-04  -4.0916577e-04  -7.5756407e-04
  -1.3332474e-03   5.3006948e-02   2.6776290e-03  -1.5597906e-03  -7.6269694e-04  -4.2574849e-04
   4.2640545e-03   6.6685030e-02   3.6905247e-03  -1.7028377e-03  -6.9111080e-04  -4.0137197e-04
   2.4298351e-03   7.1031204e-02  -2.0988505e-03  -1.6365541e-03  -6.4614860e-04  -2.9272612e-04
