   0.0000000e+00   0.0000000e+00   0.0000000e+00   0.0000000e+00   0.0000000e+00   0.0000000e+00
  -5.8347414e-03  -1.2086202e-02   3.6920676e-04  -1.2415724e-04  -3.3639652e-05  -3.2531884e-05
   3.6504225e-03  -6.4786529e-03   1.6539834e-03  -4.5290338e-05  -1.3682925e-04  -5.9492607e-06
   4.6958970e-04  -1.6476243e-02   3.9739157e-05  -6.1760047e-05  -1.1632962e-04  -1.1596651e-04
   2.0750184e-03  -1.9376426e-03  -3.1933729e-03  -3.0659944e-04  -6.6233109e-05  -8.4821092e-05
  -1.5254641e-03   1.9355510e-03  -2.1946802e-02  -6.3652325e-05  -7.7138228e-05  -3.9598961e-05
  -8.8710709e-03  -1.0145292e-02  -1.9958234e-02  -1.0464164e-04   9.7997383e-05  -1.1529577e-04
  -6.7137861e-03  -1.4667200e-02  -2.2807486e-02   7.2468176e-05   2.3041783e-05  -7.9544394e-05
  -7.5447210e-03  -1.8429873e-02  -2.2140096e-02   8.2636499e-05   1.2106404e-04  -4.9083489e-05
   8.0287138e-04  -1.4573878e-02  -2.1969101e-02   1.7211050e-04  -1.8112994e-05   1.2482215e-04
  -3.8519071e-03  -1.9370465e-02  -1.9501528e-02   1.0695987e-04   4.3581168e-05   8.0632216e-05
  -3.0879761e-04  -1.4150893e-02  -9.2666623e-03   1.0288918e-04   4.6793372e-05  -9.5613290e-06
  -4.0491095e-03  -2.8496264e-02  -1.2638097e-02   6.0783719e-05   4.8716260e-05   4.3630849e-05
  -1.7327489e-04  -2.1548802e-02  -1.3774771e-02   5.1792347e-05   1.9465277e-05  -4.9361260e-05
   2.2507785e-03  -1.2396890e-02  -1.9656450e-02   9.5014890e-05   2.3781889e-05   7.1655958e-05
   3.8031671e-04  -9.9373860e-03  -2.1904305e-02   2.3723654e-05   6.5332969e-05   1.0715500e-04
   2.3996948e-03  -1.8356474e-02  -1.2821411e-02   1.6698523e-04   4.1338729e-05   1.3561308e-04
  -5.7039206e-04  -1.1443748e-02  -1.1829923e-02   3.0741597e-05   3.6306187e-06   1.2297294e-05
  -3.5908360e-03  -8.5011387e-03  -1.0763457e-02   1.4353020e-04  -1.4847638e-06   9.1096731e-05
  -8.5858501e-03  -8.9138479e-03  -2.1681587e-02  -7.0331226e-05   7.4338180e-05  -3.8140975e-05
  -4.4564197e-03  -5.4735820e-03  -1.4334066e-02   1.9603310e-04   1.0813272e-04   5.1164805e-05
  -6.6379056e-03  -7.8445636e-03  -2.1346307e-02   1.5213177e-05   6.6920858e-05  -9.3852642e-06
  -5.1144558e-03  -1.2922567e-02  -1.6033613e-02   2.4591225e-04   9.3040273e-05   3.1833207e-05
  -1.3829559e-03  -1.5342879e-02  -1.8274082e-02   1.6674869e-04   8.6374605e-05   1.1233002e-04
  -5.6103106e-03  -7.1201618e-03  -1.4650787e-02   1.4202234e-04   1.2811315e-04   7.9503615e-06
  -2.5142955e-03  -8.1646741e-03  -8.0907164e-03   1.7039140e-04  -1.4643974e-05   1.0542960e-04
  -6.7920918e-03  -1.3876575e-02  -4.7770958e-03   1.4535807e-04   9.1127236e-05   4.7418136e-05
   2.2055161e-03  -9.9128385e-03  -1.5863762e-04   8.6980395e-05   4.6036500e-05   1.3929400e-04
  -1.6957728e-03  -5.7425092e-03  -1.2520629e-03   3.5293236e-05   7.4278299e-05   2.1458555e-07
   6.9606942e-04  -4.7331541e-03  -5.8940586e-04   1.5585977e-05   8.8489460e-06   5.4144934e-06
  -2.6553048e-03  -5.4103153e-03  -6.6357796e-03   1.3929646e-04   1.3004742e-04   6.4712169e-05
  -1.7812017e-03  -2.6938631e-03  -2.6033004e-03   4.1456984e-05   1.5859683e-04   9.2683837e-05
  -1.6095021e-04  -4.1102702e-03  -5.0090010e-03   1.3287573e-04   1.4864052e-04   1.4064321e-04
  -3.8688521e-03  -8.7982733e-03  -5.4538642e-03   1.4617401e-04   1.4718254e-04   7.2429790e-05
   1.9173192e-03  -1.1693365e-02  -9.4763185e-03   2.3439118e-04   1.7631797e-04   1.8682154e-04
   5.8580678e-03  -1.5734029e-03  -6.1571978e-03   1.2550928e-04   4.2948910e-05   1.8656433e-04
   3.0193533e-03  -4.6178961e-03  -2.2504284e-03   1.6660374e-04   7.6400234e-05   1.1624925e-04
   4.8476217e-03   1.9197523e-03   2.6282436e-03   1.6186430e-04   3.6496276e-05   1.1623719e-04
  -2.9109069e-03  -3.6906568e-03  -8.0887298e-03   1.2118973e-04   1.8517219e-04   5.0746249e-05
  -2.0112371e-03  -9.0015146e-03  -6.2371429e-03   2.6260276e-04   2.2808549e-04   9.1060000e-05
  -7.0817694e-04  -5.7646784e-03  -2.7944466e-03   1.9471556e-04   2.2159049e-04   1.4725941e-04
  -3.3673369e-03  -1.5139965e-02  -9.4526271e-03   2.9737484e-04   1.8940392e-04   9.4257229e-05
  -6.9346199e-04   1.2147458e-03  -4.9552387e-03   2.5797345e-04   1.5768888e-04   1.1733305e-04
  -7.0930099e-03  -9.1791139e-03  -1.1339709e-02   1.9354643e-04   2.9769006e-04   1.3814481e-04
   3.3722319e-03  -2.8592056e-03  -1.0564100e-02   3.9089281e-04   1.4417152e-04   1.4629848e-04
  -4.5991857e-03  -4.5475121e-03  -1.2887584e-02   1.7895904e-04   2.4041190e-04   1.6327764e-04
  -6.1730981e-04   1.0029003e-03  -5.1198718e-03   3.3966338e-04   1.5796732e-04   1.2999783e-04
   3.1206060e-04  -1.0595955e-02  -1.3557512e-02   3.6454285e-04   1.3201347e-04   2.4167797e-04
   7.5310202e-04  -6.9323073e-03  -4.5687240e-03   2.5370813e-04   1.5510924e-04   1.6287697e-04
   5.9460275e-04  -5.3890689e-03   5.5316501e-04   2.6104413e-04   2.0127749e-04   1.4531279e-04
   2.8436637e-03   7.6019745e-03  -1.1585677e-02   3.6459454e-04   2.2531135e-04   6.5810909e-05
   1.0648620e-03  -3.4357634e-03  -1.3516184e-02   2.4814246e-04   2.1931215e-04   1.8966975e-04
   1.8073801e-03   6.5154158e-04  -1.5045040e-02   3.9556424e-04   1.7033743e-04   1.9119468e-04
   2.4069852e-04  -6.7068591e-03  -1.1471502e-02   3.3143882e-04   1.5663489e-04   2.1403180e-04
   1.4774475e-03   1.0521998e-03  -1.5685664e-02   4.1547600e-04   1.4366088e-04   1.5066827e-04
  -1.7455771e-03  -4.3446616e-03  -9.0144042e-03   2.9843492e-04   2.0424805e-04   1.3095528e-04
   1.0355092e-03  -1.3814904e-03  -1.1561814e-02   5.1530878e-04   1.9662479e-04   1.7486004e-04
   1.2022865e-03   6.1278589e-03  -9.5179114e-03   3.3613484e-04   1.9604656e-04   1.9816266e-04
   2.1770483e-03  -4.9170576e-03  -1.3113345e-02   4.1129881e-04   2.2335080e-04   2.1983332e-04
   2.1569606e-03  -7.8630641e-03  -6.3211829e-03   2.9864367e-04   2.5859324e-04   2.1150420e-04
   4.9244269e-04  -7.8783263e-03   1.1228643e-04   3.0140774e-04   4.8819904e-04   2.5368366e-04
   4.1511240e-03  -1.2881334e-02  -7.2827260e-03   3.2830820e-04   3.3161923e-04   2.7254062e-04
   1.4324067e-03  -9.3801854e-03  -9.4803513e-03   2.0933330e-04   1.9810954e-04   1.7111217e-04
   1.5056324e-03  -5.6098912e-03  -1.6441551e-03   3.1031944e-04   1.7579418e-04   1.7719454e-04
  -4.0179526e-03  -6.0132015e-03  -4.2774561e-03   2.2893771e-04   2.8378490e-04   2.1972665e-04
  -6.9349684e-03  -2.6374838e-03  -7.2104492e-03   1.4135735e-04   2.5397988e-04   1.2152482e-04
  -4.8287070e-03  -6.7422267e-03  -1.0052497e-02   2.5784252e-04   1.7634377e-04   1.6519227e-04
  -8.6134866e-03  -2.6592836e-03  -1.4373859e-02   1.3417905e-04   2.4735076e-04   1.2027319e-04
  -5.8225026e-03  -4.3264570e-03  -7.6787398e-03   2.1297971e-04   2.8213810e-04   2.1005324e-04
  -3.4134021e-03  -1.4598206e-02  -9.4178920e-03   1.9346972e-04   1.1294836e-04   5.4911866e-05
  -1.6655833e-03  -4.0290358e-03  -6.6399891e-03   3.2837050e-04   1.2162115e-04   8.9253443e-05
   1.6349483e-03  -7.4241383e-03  -3.7198732e-03   1.3699679e-04   1.5935980e-04   1.8452963e-04
   1.7558740e-03  -6.1266067e-03  -1.1835327e-03   2.6802307e-05   1.3694346e-04   1.1625480e-04
   2.8234670e-03  -4.3994849e-03   6.7494379e-04   9.3457475e-05   1.5605640e-04   1.0064902e-04
   2.2442233e-03   3.4027579e-03  -2.3623106e-03   9.8081375e-05   1.5666456e-04   1.1302849e-04
  -7.0566716e-04  -1.1440903e-02  -1.0834629e-02   1.1460534e-04   2.0354716e-04   9.9893115e-05
  -6.6166794e-04  -1.4341273e-02  -1.7463566e-03   1.2828211e-04   1.8616823e-04   2.1457972e-04
   2.3375124e-04  -9.5505515e-03  -7.8676864e-03   4.2284235e-05   2.0966759e-04   1.1974171e-04
  -3.7391237e-04  -1.7326051e-02  -8.4320734e-03   1.7554412e-04   1.2718423e-04   1.4330258e-04
   4.8389060e-03  -4.9621626e-03  -9.7095612e-03   1.0735948e-04   1.0136188e-05   3.0829708e-04
  -2.3425670e-03  -8.0372737e-03  -1.5468055e-02   1.6793403e-04   9.5268943e-05   2.0160693e-04
   8.9741799e-04  -1.5830343e-02  -8.4482605e-03   8.1966118e-05   8.2420169e-05   1.5060532e-04
  -4.0054846e-03  -8.2371486e-03  -8.6847151e-03   9.2727063e-05   1.1733924e-04   5.4171236e-05
  -5.4505419e-03  -9.7230380e-03  -8.9097615e-03  -9.3100553e-06   1.0568475e-04  -2.6621399e-06
  -4.3986179e-03  -1.4308048e-02  -7.5778336e-03   1.7338922e-04   1.2083910e-04   8.9493714e-05
  -1.0050148e-02  -1.0288927e-02  -1.4384519e-02   7.6760851e-05   1.7325891e-04   4.2742836e-05
  -1.0572872e-02  -1.5460991e-02  -1.1259386e-02   2.0358860e-04   1.5753719e-04   2.8889547e-05
  -1.1630770e-03  -7.3703301e-03  -1.2192871e-02   3.2949832e-04   7.1016759e-05   3.8848051e-05
  -6.1338962e-03  -7.4195713e-03  -1.0015067e-02   5.6328033e-05   2.0783809e-04   8.0563861e-05
  -2.7680596e-03  -9.7934565e-03  -2.9983280e-03   1.3342212e-04   1.5688441e-04   3.6360763e-05
   1.8016897e-04  -9.8333775e-03  -5.4450903e-03   2.1828689e-04   2.0227287e-04   8.6628462e-05
  -2.4731401e-03  -1.2300614e-02  -9.9577032e-03   1.3170074e-04   2.6497119e-04   1.2154077e-04
   2.5544181e-03   3.4978617e-03  -4.9911284e-03   2.5479930e-04   2.2253588e-04   1.5189968e-04
   6.3939901e-03  -9.0156641e-04  -2.6520633e-03   1.7403406e-04   1.3649653e-04   1.5652110e-04
   4.3817688e-03  -9.2961490e-03   5.1495342e-04   2.6996247e-04   1.8654868e-04   2.2960249e-04
   7.7112739e-03  -2.6368098e-03  -8.3306432e-03   3.9414585e-04   1.7770338e-05   2.2185861e-04
  -1.1100568e-03  -1.1703602e-02  -3.9861228e-03   2.2116545e-04   1.1472824e-04   2.2057014e-04
  -3.6979526e-03  -1.0133461e-02  -8.8381201e-03   1.5929132e-04   1.7326429e-04   1.3593315e-04
  -4.1493145e-03  -4.8193175e-03  -8.1423314e-03   1.0171270e-04   2.1941043e-04   1.3346546e-04
   1.3233607e-03  -5.7765847e-03  -1.2750991e-02   2.9169584e-04   1.5314811e-04   8.0506492e-05
  -4.9035658e-03  -1.1351332e-02  -2.1117544e-02   2.0727368e-04   2.3440482e-04   8.1874781e-05
  -5.0833397e-03  -1.1906596e-02  -2.0187853e-02   2.3349170e-04   2.2426727e-04   1.7593459e-04
  -4.4709433e-03  -1.5383017e-02  -1.6849642e-02   2.0286838e-04   1.6548624e-04   1.1341006e-04
  -3.7411298e-03  -1.5611850e-02  -6.5054875e-03   2.7956009e-04   2.8301826e-04   2.2974447e-04
  -3.6782518e-03  -1.5683193e-02  -8.0421549e-03   2.1105110e-04   2.2385955e-04   1.6018514e-04
   2.2482166e-03  -1.5919923e-03  -1.2548521e-02   2.6475482e-04   9.8337350e-05   2.0896690e-04
  -2.9985928e-03  -1.0138777e-02  -1.6378982e-02   1.8169954e-04   2.0059730e-04   1.4958332e-04
  -1.5407596e-03  -1.7570382e-02  -7.4662951e-03   1.6560016e-04   1.9553163e-04   1.8550923e-04
   4.6645254e-03  -1.0327683e-02  -2.5526425e-03   2.0875555e-04   2.3053497e-05   1.5715430e-04
  -3.5191142e-03  -3.2712498e-03  -4.1702693e-03   1.5093557e-04   8.0506287e-05   6.3011873e-05
  -3.1471728e-03  -1.0039952e-03  -7.6362692e-03   8.2485634e-05   1.8704513e-04   1.1280718e-04
  -2.2889610e-03  -4.9712743e-03  -1.6754644e-02   8.7831770e-05   2.0244505e-04   1.4885728e-04
  -1.0560832e-04  -2.1333826e-02  -7.6090978e-03   2.9583404e-04   1.6824700e-04   1.9190984e-04
  -1.3356730e-03  -8.6981392e-03  -7.0980933e-03   2.5842779e-04   2.0173401e-04   8.6353404e-05
   2.2642595e-03  -1.2896713e-02  -8.4934930e-03   2.2788156e-04   1.7409030e-04   1.1735586e-04
   5.8242285e-03  -6.5730263e-03  -1.0761207e-02   1.3174025e-04   8.1966332e-05   1.6654953e-04
  -1.1607017e-03  -8.7880015e-03  -1.0768465e-02   2.4225779e-05   2.3398465e-04   7.5165493e-05
   1.9260970e-03  -1.6955145e-02  -8.8203777e-03   6.9333664e-05   1.1485671e-04   1.5827791e-04
  -4.9189634e-03  -9.3442103e-03  -1.0436824e-02   1.2112727e-04   1.8245146e-04   1.3962811e-04
   1.7418781e-05  -6.9942844e-03  -9.4095356e-03   2.4234177e-04   4.0373619e-05   1.6246747e-04
  -3.7770468e-03  -1.3522884e-02  -1.4836855e-02   3.1297438e-04   1.6600945e-04   1.2448546e-04
  -3.3900277e-03  -1.6300669e-02  -8.1099041e-03   2.7455814e-04   1.4718187e-04   1.7463940e-04
  -3.0824682e-03  -1.2603625e-02  -7.9286318e-03   2.9248773e-04   1.8505184e-04   1.0237151e-04
  -2.1670102e-03  -8.6415989e-03  -9.0841693e-03   2.3470670e-04   1.8855454e-04   2.8616249e-04
  -2.2942372e-03  -7.2889490e-03  -1.7273065e-02   1.0324553e-04   8.0793936e-05   1.7877291e-04
   3.1221789e-03  -1.2794978e-02  -1.4825743e-02   4.0680556e-04   4.5254558e-05   1.8199093e-04
  -8.2748839e-04  -1.4177505e-02  -6.2691528e-03   2.3930736e-04   1.7715539e-04   1.2892302e-04
   3.6104583e-03  -9.1851257e-03  -2.5997140e-03   1.2518771e-04   5.3439437e-05   6.0035308e-05
  -1.3366481e-03  -4.0851731e-03  -7.3540152e-03  -6.6475151e-06   1.5538107e-04   9.1553799e-05
   1.4891720e-03  -1.0614261e-02  -8.4805053e-03   1.6061607e-04   8.9426875e-05   6.1701753e-05
  -4.6928552e-03  -9.6403182e-03  -1.3535896e-02   6.4153282e-05   2.6256228e-04   1.2068603e-04
   4.2333847e-04  -1.3144443e-02  -8.0194498e-03   1.3147802e-04   1.9601770e-04   1.5221905e-04
   4.7078553e-03  -5.0287627e-03  -1.6834019e-03   2.1430637e-04   1.9513708e-04   1.1952231e-04
  -2.6139906e-04  -4.4857063e-03  -7.6295904e-03  -3.4158135e-06   2.1270757e-04   7.3274415e-05
  -1.8441927e-03  -1.2175933e-02  -6.4586167e-03   1.9357301e-04   2.0401626e-04   1.5721452e-04
   1.0568362e-03  -5.9780678e-03  -9.6483041e-03   2.2499680e-04   1.7773844e-04   1.1759285e-04
  -1.5817688e-03  -1.0053528e-02  -1.0462534e-02   9.4723563e-05   1.4419425e-04   9.8175617e-05
  -4.5367480e-03  -1.6996694e-02  -4.3123686e-03   2.4394908e-04   2.6739534e-04   1.2263145e-04
  -9.3157810e-04  -2.6598123e-03  -1.1445864e-02   1.5431907e-04   2.1202172e-04   7.5906050e-05
   2.3997752e-03  -2.9471914e-03  -9.8012803e-03   1.2266443e-04   1.6966854e-04   1.3184954e-04
   5.0633156e-03  -1.6892511e-03  -1.5112899e-02   1.7292869e-04   9.1417234e-05   2.0871718e-04
  -2.7071278e-03  -8.5372211e-03  -1.6873142e-02   7.6729080e-05   9.6350337e-05   1.1952273e-04
  -3.3588057e-03  -1.3283257e-02  -2.3150776e-02   3.7183040e-04   1.0481838e-04   1.0812945e-04
  -1.6634147e-03  -1.5630138e-02  -1.5998944e-02   1.3339224e-04   1.4017780e-04   1.4094524e-04
   9.5442655e-04  -1.6833999e-02  -6.5063430e-03   2.2118799e-04   4.6337214e-05   1.1791289e-04
   2.5720789e-03  -1.7762872e-02  -1.0892946e-02   2.5829661e-04   6.1589420e-05   1.0325446e-04
   1.1111116e-03  -1.3951682e-02  -1.5724062e-02   2.7198831e-04   1.3510564e-04   1.8316962e-04
  -4.2714733e-03  -8.3588140e-03  -1.5656920e-02   2.2852252e-04   1.6465617e-04   1.0169382e-04
  -9.6963690e-04  -1.8773271e-02  -1.5975682e-02   2.8875316e-04   1.5553111e-04   1.4691554e-04
   4.7057931e-03  -1.0019853e-02  -1.5620922e-02   2.0950029e-04   8.6136449e-05   2.0551588e-04
  -1.3967120e-03  -9.0267691e-03  -1.4033702e-02   6.0556818e-05   2.1405331e-04   1.5406014e-04
  -2.7341264e-03  -7.9461233e-03  -5.0257740e-03   2.0594572e-04   3.3953104e-04   1.1954651e-04
   3.4815759e-04  -9.9901489e-03  -3.9476556e-03   1.0628268e-04   1.4493025e-04   1.3330946e-04
   2.8913617e-03  -1.9772333e-02  -4.5308564e-03   2.8526396e-04   2.0872050e-04   1.9693766e-04
   1.9645040e-03  -1.2799709e-02  -6.7384194e-03   1.2196893e-04   2.1660190e-04   1.5887542e-04
   1.6708731e-03  -5.8877052e-03  -3.8879860e-03   7.2131047e-05   2.4450430e-04   1.3632447e-04
   2.8170308e-03   6.6196409e-03  -9.8082359e-03   1.9821667e-04   1.6777790e-04   1.2355928e-04
  -7.9981157e-04  -8.5473060e-03  -1.5306253e-02   1.9273602e-04   3.0343899e-04   1.2728301e-04
   2.2285868e-03  -1.7271624e-02  -1.3070740e-02   2.4522624e-04   2.1892931e-04   2.0128734e-04
  -5.5942976e-04  -1.8538030e-02  -8.7301247e-03   1.5361643e-04   2.7575389e-04   9.2457113e-05
   4.0306882e-03  -1.6811806e-02  -3.0680958e-03   2.7718327e-04   2.2624841e-04   1.6549813e-04
   1.0235663e-03  -1.4358075e-02  -6.0257606e-03   2.6633032e-04   2.6477602e-04   1.0193203e-04
   1.4540237e-03  -1.4106987e-02  -1.0589892e-02   2.1049108e-04   1.7741623e-04   2.2078691e-04
   7.1937881e-04  -4.5050791e-03  -8.3677517e-03   3.4797616e-04   2.2258867e-04   1.0734933e-04
   2.5723609e-03  -5.0704264e-03  -1.0165798e-02   2.9266125e-04   2.0547322e-04   1.6371648e-04
   2.4936300e-03  -1.6757970e-02  -1.5547079e-02   2.3700169e-04   1.6425455e-04   1.9909060e-04
   9.0546264e-03  -4.2470992e-02   1.1514337e-03   7.5946114e-04  -2.1252251e-04  -2.2479738e-04
  -1.2999744e-03  -4.6056585e-02  -2.6634361e-02  -9.6580719e-05  -4.4945402e-04   1.3803417e-04
  -9.1727568e-03  -1.0044776e-02  -3.9716586e-02  -1.5621017e-04   1.9467130e-04   1.6028524e-04
   9.3680763e-04  -2.0026526e-02  -1.9815445e-02   1.2239291e-04  -4.4990297e-05   1.7326243e-04
   6.6546301e-04  -1.4469081e-02  -7.6550968e-03   1.9667442e-04   2.5669753e-05   1.4036350e-04
  -2.0591593e-03  -2.0512783e-02  -1.0867025e-02   1.8147426e-04  -3.6336779e-05   1.4429323e-04
   1.1482319e-04  -4.4303494e-03  -1.5255461e-02   1.1072675e-04  -3.5565949e-05   1.2668436e-04
  -1.1540945e-05  -1.1320389e-02  -1.4058716e-02   2.5663380e-05  -2.3032138e-05   1.9277142e-04
   2.1062336e-03  -1.5110896e-02  -9.3102991e-03   1.0318126e-04  -2.3765554e-05   2.0864351e-04
   4.6258439e-03  -1.3535048e-02  -4.9297558e-03   2.0256277e-05  -1.8793363e-05   2.4561842e-04
   2.2994414e-03  -1.3557844e-02  -1.9868605e-03   6.4652117e-05   9.7192991e-05   2.0873912e-04
   2.4859302e-03  -1.2166628e-02  -7.3470814e-03   1.2086167e-04   5.8981627e-05   1.7740008e-04
   6.3027558e-03  -1.5643022e-02  -6.9061968e-03   8.6503376e-05  -1.6645755e-04   3.0993855e-04
   4.0122544e-03  -2.0001282e-02  -9.7357568e-03   7.1109502e-05  -1.2089644e-04   2.6813351e-04
   4.8018525e-04  -2.3159059e-02  -2.2775791e-03   3.5714308e-06  -1.4521741e-05   2.4875019e-04
   1.1666020e-02  -1.6761046e-02   1.2831408e-03   6.4354577e-05  -8.6504148e-05   2.3637547e-04
   6.6995857e-03  -1.4315080e-02  -7.5830574e-03   9.7747258e-05  -7.7886591e-05   2.0656563e-04
   4.7280851e-03  -8.8939040e-03  -1.2012219e-02  -4.2111045e-05  -8.0209242e-05   2.5765443e-04
   3.2011754e-03  -1.0412528e-02  -1.5059274e-02   7.8250514e-05   2.7667468e-05   2.4685980e-04
   4.4421632e-03  -8.7938642e-03  -2.3076203e-02   6.3394629e-05  -2.3706294e-05   2.1975165e-04
   7.3793597e-03  -1.9431848e-02  -5.3402400e-03   2.3958463e-04   4.4019486e-05   2.5990760e-04
   2.9747436e-03  -1.6759758e-02  -9.8532246e-03   2.7585354e-05   8.5854703e-05   1.9357734e-04
   2.4671806e-03  -1.2267784e-02  -8.0830509e-03   4.6566322e-05   8.4061906e-06   2.0465723e-04
   3.5815679e-03  -1.4929082e-02  -1.0865779e-02   3.4330185e-05   3.1559002e-05   2.4329148e-04
  -2.2219953e-03  -2.3707142e-02  -7.4091601e-03   4.5652337e-05   1.3346621e-04   2.2514882e-04
   3.5959548e-03  -2.5122143e-02   4.9951418e-03   1.8855669e-04   8.2831226e-05   1.5579850e-04
   1.7596224e-03  -1.5168919e-02  -2.5856836e-03   1.3581651e-04   1.8128703e-04   1.6549320e-04
  -2.1789309e-03  -1.0473415e-02  -4.4214368e-03   1.1051857e-04   2.6840292e-04   1.1416942e-04
   3.1786228e-04  -1.9789674e-02   4.4784543e-04   2.8368780e-04   2.8921909e-04   1.3834414e-04
  -2.1049357e-03  -1.6030768e-02  -8.8368785e-03   1.8765788e-04   3.5060642e-04   1.2891838e-04
   2.5559551e-04  -1.2942943e-02  -3.1102694e-04   1.3462967e-04   3.5757082e-04   1.0331374e-04
   5.0684427e-03  -1.3746705e-02   2.3335218e-03   2.2019135e-04   2.8964891e-04   2.4626237e-04
   4.3608668e-03  -7.1781885e-03  -3.0143433e-03   5.4557395e-05   3.2267026e-04   2.1040118e-04
   3.5449599e-03  -1.5749474e-02  -1.6227350e-02   2.6688233e-04   2.9266370e-04   2.8710440e-04
