   0.0000000e+00   0.0000000e+00   0.0000000e+00   0.0000000e+00   0.0000000e+00   0.0000000e+00
   3.8779165e-03  -4.6732073e-03   9.6823240e-03  -6.5365289e-04  -5.9256803e-05  -9.1377011e-05
   2.1523789e-03  -4.3379984e-04  -3.9494528e-03  -2.3612268e-04  -2.5814865e-04  -3.4507594e-05
   4.7020937e-03   4.1924990e-03   4.6642186e-03  -4.0568375e-04  -4.1409517e-04   1.1238543e-05
   7.0962846e-03   2.7696260e-03   1.2685064e-02  -4.3261546e-04  -3.0353485e-04   5.0107694e-05
   7.8113911e-03   5.6395445e-03   1.5078773e-02  -5.5635513e-04  -3.3755534e-04   6.5613997e-05
   4.8349236e-03   8.9251382e-04   1.1236044e-02  -2.5003061e-04  -2.9866208e-04   2.4955273e-05
   9.7076833e-05   1.1300066e-02   1.5107165e-02  -3.7392545e-04  -2.5058470e-04   1.1912887e-04
   2.4023555e-03   1.7517113e-02   1.7650033e-02  -1.1137197e-04  -3.7762521e-04   5.9674714e-05
   9.6953168e-04   2.0212268e-02  -1.2533135e-02  -3.3054231e-04  -4.9904735e-04   1.2905210e-04
   5.7131549e-04   2.3137940e-02  -1.5144671e-02  -6.8319776e-04  -9.7734271e-05   1.7193431e-04
  -3.0132719e-03   1.7276915e-02   1.1449022e-02  -4.4969897e-04  -1.8185070e-04   9.4047857e-05
  -3.4670482e-03   1.0276682e-02   3.2765118e-02  -2.9907512e-04  -1.7454844e-04   2.1121057e-04
   8.2933668e-05   1.3209469e-03   2.8693488e-02   1.7391096e-04  -3.3121218e-04   1.5069981e-06
   9.9812797e-03   1.2513520e-01   8.7788733e-02  -1.5940680e-03   1.9347913e-04  -9.3935088e-04
   5.1434343e-03   7.7316015e-02   3.0097324e-02  -3.5761833e-04   4.0637796e-05  -1.6364898e-04
  -5.5028894e-03   5.3628756e-02   1.5106306e-02  -1.0759606e-03   1.3327719e-04  -1.5819315e-04
  -7.3633967e-03   5.6245516e-02   2.0654661e-02  -3.1265955e-05   5.1563851e-05  -5.2863590e-04
   9.2733095e-03   4.2072672e-02   5.2523159e-03  -1.6674276e-03   1.0810265e-04   1.9081554e-05
   1.2211003e-02   4.9447219e-02   2.1647222e-02  -1.3817024e-03  -1.4832067e-05   1.7228743e-04
   1.5318404e-02   4.3068955e-02   2.7412031e-02  -1.5507204e-03  -1.0277029e-04   6.7731648e-05
   7.7201402e-03   2.6921623e-02   2.5254110e-02  -1.0743116e-03   1.2723642e-04   1.5348300e-04
   7.9530700e-03   3.3108461e-02   1.4093007e-02  -1.2312819e-03   3.7972082e-04   1.7674619e-04
   1.5595939e-02   4.4661563e-02  -1.1366526e-02  -1.2761304e-03   3.9575792e-06   1.7549977e-04
   1.0796683e-02   4.3645585e-02  -1.1565367e-02  -1.3793096e-03   8.3950956e-05   1.3989058e-04
   1.0024773e-02   4.5827294e-02  -9.8599074e-03  -1.5135200e-03   8.5246349e-05   8.0627144e-05
   8.7238007e-03   3.9219998e-02   9.1716482e-03  -1.2731784e-03   5.6715012e-05   2.0527268e-04
   7.1501156e-03   4.3001359e-02   1.7381244e-02  -1.3532265e-03   6.4541791e-05   1.6202653e-04
   4.9474132e-03   4.2177907e-02   1.9566035e-02  -1.4617169e-03   6.6008180e-05   1.4885486e-04
   5.5500655e-03   4.7184690e-02   8.8129340e-03  -1.6965303e-03   1.2166449e-04   4.8293421e-05
   7.9636189e-03   3.6412290e-02   1.2383447e-02  -1.4110128e-03   5.1139813e-05   1.4842124e-04
   1.2483567e-02   4.1029684e-02   1.2345994e-02  -1.4936706e-03   1.4159077e-05   2.2582154e-04
   1.1885571e-02   3.8720775e-02   8.2329645e-03  -1.5946689e-03   9.6111574e-05   2.6322912e-04
  -7.1553220e-04   1.4140949e-02  -2.5090742e-02  -9.8668253e-04   2.7449216e-04  -5.4374829e-04
   5.8518017e-03   3.7505610e-02  -9.1670614e-04  -1.5002320e-03   2.8594447e-04   5.3313718e-05
   4.1091288e-03   4.8768636e-02  -9.5191115e-03  -1.3482903e-03   2.2090871e-04  -1.8502001e-05
   3.7695796e-03   3.8414557e-02   5.8603248e-03  -1.4242157e-03   1.0477145e-04   1.4385311e-04
   6.1223582e-03   4.6157861e-02  -5.7618943e-04  -1.7089294e-03   1.0448407e-04   6.0695821e-05
   1.3069702e-02   4.1023964e-02   8.3495740e-03  -1.1865585e-03   4.7526691e-07  -2.2275332e-05
   4.6773804e-03   5.7939976e-03  -2.4260405e-02  -1.0018197e-03   1.5264915e-04   1.5960359e-04
   7.8707403e-03   4.4273830e-02  -1.9496264e-02  -1.2292015e-03   1.1960326e-04   6.2528530e-05
   1.4917493e-02   3.8498434e-02  -7.6889480e-03  -8.3590303e-04   2.7547704e-04  -1.6442370e-05
   1.5010364e-02   2.9255329e-02   2.7768286e-02  -9.0318525e-04   2.5918530e-04   2.5619288e-04
  -2.5735644e-02   1.6567414e-01   5.2949324e-02  -1.0183600e-02  -5.6307568e-04  -3.0510138e-03
   1.6046252e-02  -6.9454303e-03   2.0292263e-03  -1.6934311e-03  -2.5486478e-04   6.8887243e-04
   2.7678242e-02   3.7261544e-02   2.6359988e-02  -2.1395775e-03  -7.8589104e-04   2.0098832e-04
   3.3443582e-02   4.0239008e-02   3.9093792e-02  -2.1337067e-03  -8.4889823e-04   3.3277671e-04
   2.6911221e-02   1.7396610e-02   5.6013760e-02  -2.0742854e-03  -7.9351910e-04   2.8325565e-04
   2.8264213e-02   2.5376702e-02   4.9600456e-02  -2.1646598e-03  -8.3975197e-04   3.3408792e-04
   2.7726572e-02   2.7807532e-02   4.7298120e-02  -2.1754549e-03  -8.3729017e-04   2.3994863e-04
   3.0425002e-02   3.1306454e-02   3.9498727e-02  -2.4054493e-03  -8.1297359e-04   1.8151036e-04
   2.9613405e-02   2.5311360e-02   2.5339171e-02  -2.1267774e-03  -6.8646628e-04   2.9693880e-04
   3.2352709e-02   1.1740061e-02   9.3689944e-03  -1.9119543e-03  -7.3206777e-04   5.0651059e-04
   3.9252403e-02  -4.2526050e-02  -1.1355393e-02  -1.3574820e-04  -6.3747387e-04   6.4690940e-04
   2.1919855e-02   1.6246953e-02  -9.1340009e-03  -1.3218104e-03  -3.1433384e-04   1.1363074e-04
   2.8659574e-02   4.3206034e-03   9.5816671e-03  -1.1592933e-03  -3.8396602e-04   2.2980385e-04
   2.8831247e-02   1.4064988e-03   1.6792483e-02  -1.1414095e-03  -4.6456505e-04   2.1587578e-04
   2.6514549e-02   4.9515160e-03   1.8309504e-02  -1.2670482e-03  -4.0353971e-04   1.9070640e-04
   2.7482672e-02   1.3072044e-02   1.6028466e-02  -1.4980074e-03  -4.5892649e-04   1.7376394e-04
   2.2216876e-02   5.8480460e-03   1.3857501e-02  -1.1205627e-03  -2.9366346e-04   2.2838623e-04
   2.7574346e-02   7.8872511e-03   8.6310721e-03  -1.0816404e-03  -4.1848655e-04   2.5228926e-04
   2.4177089e-02   1.6664593e-02   1.0053779e-02  -1.3742844e-03  -3.9843636e-04   2.1093802e-04
   3.0370442e-02   1.3373763e-02  -9.9780974e-04  -1.4190783e-03  -3.9662417e-04   2.6410577e-04
   2.8836254e-02   6.5153847e-03   7.3778050e-03  -1.2515138e-03  -3.6186773e-04   2.1984423e-04
   2.6256350e-02   2.1043851e-04   1.0050047e-02  -1.2716202e-03  -3.9999808e-04   2.4057025e-04
   2.7361970e-02   7.1284703e-03   1.0852832e-02  -1.3702206e-03  -3.7359783e-04   2.6360528e-04
   2.8260928e-02   1.4710003e-02   7.4451778e-03  -1.4476979e-03  -4.3296863e-04   2.7150693e-04
   2.7164948e-02   5.5486994e-03   1.4937550e-02  -9.3614175e-04  -4.6982796e-04   2.8938311e-04
   2.7020524e-02   3.0003885e-03   2.0788551e-02  -1.3607538e-03  -5.0484945e-04   2.9670885e-04
   2.7167030e-02   6.5541445e-03   7.1159833e-03  -1.2884076e-03  -3.9955685e-04   3.0429932e-04
   3.3838540e-02   2.2707126e-02   9.2740763e-04  -1.5559467e-03  -4.5987230e-04   2.7251857e-04
   2.9937445e-02   1.0127030e-02   1.8521671e-02  -1.0746796e-03  -4.1294476e-04   6.3221204e-04
   9.4305451e-03   2.5719327e-03   1.1410371e-03  -1.1825852e-03  -4.9559242e-05  -7.5967428e-05
   2.2399302e-02   2.1174989e-02   5.2417104e-03  -9.3519668e-04  -2.1749069e-04   2.1732776e-04
   2.4484237e-02   1.6819067e-02   1.1199350e-02  -9.4670914e-04  -2.3415694e-04   2.3279858e-04
   2.3048277e-02   1.4699742e-02   1.1883781e-02  -1.1865427e-03  -1.7338342e-04   2.0950922e-04
   2.0454590e-02   9.7480857e-03   2.4374751e-02  -8.1056945e-04  -2.7462440e-04   2.8834370e-04
   9.5702078e-03   2.2789439e-02   1.6608615e-02  -1.0567052e-03  -3.2225985e-04  -2.5393175e-05
   1.0998046e-02   1.2712156e-02   1.9811563e-02  -8.3326720e-04  -1.3000328e-04  -5.2677925e-05
   1.1872191e-02   3.6437945e-02   1.0879109e-02  -1.1356853e-03  -4.3733994e-04   1.8164960e-04
   1.5911604e-02   2.5518295e-02  -9.7478601e-04  -1.1541312e-03  -3.5059691e-04   2.9018005e-04
   1.3641667e-02   2.5722263e-02   2.1970840e-02  -9.7477777e-04  -3.9033183e-04   3.5596912e-04
   1.2712268e-02   3.0494055e-02   2.0643233e-02  -8.7645045e-04  -2.9410769e-04   2.8795514e-04
   8.8025074e-03   3.1372568e-02   3.4693279e-02  -1.0291885e-03  -3.0702170e-04   3.2656797e-04
   7.9176534e-03   2.0218293e-02   4.1669825e-02  -1.2081761e-03  -3.6777248e-04   2.8330003e-04
   7.6959514e-03   2.3356815e-02   2.9112863e-02  -8.0563143e-04  -2.9566867e-04  -4.5801562e-05
   1.3743707e-02   2.6226984e-02   3.2343590e-02  -1.0610673e-03  -2.8580398e-04   1.2625339e-04
   2.0018658e-02   2.6255100e-02   2.3717059e-02  -1.3406743e-03  -2.6603193e-04   2.4676936e-04
   1.7039389e-02   2.2892960e-02   2.6003552e-02  -1.1146697e-03  -8.6227972e-05   3.6756647e-04
   2.0917808e-02   2.3435972e-02   2.4806770e-02  -1.2093302e-03  -9.7652131e-05   3.1948348e-04
   1.8953740e-02   2.1528910e-02   1.5664181e-02  -1.0947901e-03  -1.0125945e-04   3.0583670e-04
   1.6434793e-02   1.5223105e-02   1.5555320e-02  -1.1202778e-03  -1.8283464e-04   3.7434216e-04
   1.8937947e-02   2.2944079e-02   1.5547314e-02  -1.2703385e-03  -2.4345464e-04   4.0692769e-04
   2.0480539e-02   2.6901606e-02   7.4400198e-03  -1.2546694e-03  -2.8859172e-04   3.1363673e-04
   2.1249200e-02   3.0803175e-02   5.5716947e-03  -1.3990748e-03  -2.8100815e-04   2.5935146e-04
   1.6454681e-02   1.9528702e-02   9.7651362e-03  -1.1099915e-03  -1.7235911e-04   3.2496685e-04
   1.7560450e-02   1.9227672e-02   6.3991928e-03  -1.1639223e-03  -2.0902574e-04   2.2313505e-04
   1.5313186e-02   1.6206127e-02   1.1560416e-02  -1.2421709e-03  -1.7573468e-04   3.2094274e-04
   1.1752914e-02   9.8759133e-03   1.6031950e-02  -1.3280598e-03  -2.3955473e-04   1.3380902e-04
   2.4716912e-02   8.3718409e-03   8.1356115e-03  -7.8635800e-04  -6.2094796e-04   4.7446858e-04
  -3.1037167e-03  -5.1033411e-02  -4.4121559e-02  -3.4884630e-03   2.6152443e-04  -5.1929526e-04
   6.0384434e-02   7.5337815e-03  -5.3213688e-03  -2.9101424e-03  -1.2762201e-03   4.0524717e-04
   5.9701076e-02  -5.8052938e-02   4.0530935e-04   3.8978893e-03  -5.7011049e-04   1.9872814e-03
   3.4673011e-02   4.3758944e-03   2.4195300e-02  -5.0318309e-04  -8.9240489e-04   4.2356797e-04
   3.4513994e-02   1.0424779e-02   4.1804179e-02  -1.4510601e-03  -9.9988415e-04   5.1983400e-04
   3.7695736e-02   9.6762089e-03   5.0243158e-02  -1.4292226e-03  -9.9154166e-04   4.5485754e-04
   3.9486781e-02   1.1371187e-02   4.1829747e-02  -1.6043108e-03  -1.0959932e-03   3.4869346e-04
   3.2156871e-02   1.5106453e-02   3.2892308e-02  -1.8041361e-03  -9.1526084e-04   2.3310217e-04
   3.3163155e-02   1.4360054e-02   2.8563363e-02  -1.6557264e-03  -9.8978359e-04   2.9306665e-04
   3.3155692e-02   1.8512595e-02   2.3465862e-02  -1.7761630e-03  -9.0211082e-04   1.9207145e-04
   3.0715913e-02   1.2939265e-02   3.0507965e-02  -1.3783321e-03  -8.9480739e-04   3.2496737e-04
   3.6283131e-02   7.9205052e-03   3.1278320e-02  -1.2743796e-03  -1.0267387e-03   3.2497897e-04
   3.3607342e-02   1.5631337e-02   2.7276590e-02  -1.5776858e-03  -8.5938674e-04   3.2084725e-04
   3.7583129e-02   1.5420919e-02   2.2277635e-02  -1.5541098e-03  -8.3069928e-04   2.9147016e-04
   3.6116202e-02   1.0799680e-02   2.5839163e-02  -1.4586205e-03  -9.2068650e-04   3.1723436e-04
   3.7919782e-02   1.1590737e-02   2.4932271e-02  -1.6092701e-03  -9.2184228e-04   4.4350674e-04
   3.7623694e-02   1.0463601e-02   2.6916246e-02  -1.5943510e-03  -9.2673424e-04   4.1989333e-04
   4.0410649e-02   1.1786176e-02   3.1053280e-02  -1.5795270e-03  -9.6883467e-04   3.8964944e-04
   3.9441700e-02   1.2434828e-02   3.3611495e-02  -1.4548950e-03  -1.0161816e-03   3.8406528e-04
   3.9342881e-02   1.7646821e-02   2.7956508e-02  -1.7568505e-03  -9.6506420e-04   4.2674789e-04
  -4.2612512e-03  -4.4647337e-02   2.3700191e-02   2.1163940e-04   1.0431705e-03  -1.2497060e-04
   1.1738311e-02  -4.6581045e-02   3.1500483e-03   8.1385694e-04  -4.1206623e-04  -2.6574922e-04
   2.8993385e-02   1.7678483e-03   6.5958811e-03  -5.4371127e-04  -1.1813542e-03   2.5896851e-04
   8.2464611e-03  -8.0045082e-03  -1.3480735e-02  -4.0034414e-04  -1.1349708e-04   3.4245969e-04
  -1.5793627e-03   1.8320881e-05   2.9461588e-02  -4.9361640e-04  -2.8292678e-05   2.3541819e-04
   1.2253382e-03   7.2235392e-03   4.6249875e-02  -5.2682267e-04  -4.5794798e-05   2.6083658e-04
   1.9161519e-03   7.1885340e-03   5.0605662e-02  -6.9662483e-04  -8.0798358e-05   3.0985362e-04
  -3.6318228e-03  -1.5209084e-02   2.1666653e-02   3.0733266e-04   4.9682368e-05  -3.1755661e-04
   3.4601111e-03   1.5661935e-02   3.1713206e-02  -4.5978154e-04  -8.5969691e-05  -1.7418707e-04
   4.8006474e-03   3.2589173e-03   3.8694847e-02  -4.6947198e-04  -1.2491945e-04  -9.5652283e-05
   6.5902234e-03   6.3491839e-03   3.8293458e-02  -6.3669276e-04  -2.5862221e-04  -1.0419753e-04
   4.2881887e-03   3.5304900e-03   3.0780864e-02  -6.4862225e-04  -4.6343981e-05  -1.4183429e-04
   2.8887518e-03   4.9583487e-03   2.7277913e-02  -4.3239961e-04  -1.9596423e-04  -1.3372863e-04
   4.0068053e-03   4.5556751e-03   2.4694031e-02  -5.6441325e-04  -1.5068143e-04  -2.7650020e-05
   3.2069813e-03   2.1341971e-03   2.3643828e-02  -6.3953624e-04  -1.6175835e-04  -8.9597511e-05
   3.9017399e-03   6.6012574e-03   2.5530454e-02  -6.2603781e-04  -1.6010113e-04  -6.7899383e-05
   2.1848174e-03   5.9938838e-03   2.7838923e-02  -5.0939673e-04  -1.4892339e-04  -2.2237597e-05
   8.9486520e-03   1.2591923e-03   2.2920601e-02  -5.2281551e-04  -1.2933194e-04  -7.2620834e-05
   7.4097811e-03   4.5101464e-03   1.8467346e-02  -7.0105234e-04  -1.9545103e-04  -1.1102336e-04
   7.6523447e-03   6.0367009e-02   2.6950153e-02  -2.8118901e-03  -6.3686647e-04  -4.3537282e-04
   2.8798497e-02  -6.6080146e-03   8.8501012e-03  -1.2669332e-03  -6.7901985e-04   3.1328267e-04
   2.6124075e-02   9.3448682e-03   1.3521896e-02  -1.6783993e-03  -7.4870471e-04   1.7783201e-04
   2.8965503e-02   1.4072461e-03   2.2348467e-02  -1.8936302e-03  -6.8635445e-04   2.2638788e-04
   3.0349346e-02   1.0304167e-03   1.9456673e-02  -1.8411472e-03  -6.8820078e-04   2.3906383e-04
   2.6908595e-02  -1.4275084e-03   2.5275937e-02  -1.6407343e-03  -6.4642119e-04   1.7442447e-04
   2.8738546e-02   4.4834151e-03   2.9927666e-02  -1.5892041e-03  -6.2964956e-04   1.6886630e-04
   2.8732100e-02   8.1622741e-03   6.2526965e-03  -1.7755744e-03  -5.6112300e-04   8.1256642e-05
   2.7713337e-02   2.4864192e-03   1.9013741e-02  -1.7061881e-03  -5.0196176e-04   1.9066422e-04
   2.9356150e-02   5.9520131e-03   1.2867802e-02  -1.4829471e-03  -4.9791030e-04   3.1384833e-04
   3.3101875e-02  -5.3026957e-03   1.6786595e-03  -5.1258324e-04  -5.1137838e-04  -2.3051250e-04
   2.7590190e-02   1.7204788e-02   1.8122432e-02  -1.7280514e-03  -3.5269710e-04   4.1756532e-05
   2.5365541e-02   1.0205474e-02   2.9506370e-02  -1.6300834e-03  -3.7622496e-04   1.4761503e-04
   2.5555477e-02   2.0601611e-03   3.6723824e-02  -1.6325970e-03  -3.3896069e-04   1.7597926e-04
   2.7650288e-02   4.3676345e-03   3.0033053e-02  -1.7483937e-03  -2.7406969e-04   1.1064897e-04
   2.5819027e-02   3.5907462e-04   3.6291765e-02  -1.5766293e-03  -3.0230952e-04   2.1572207e-04
   2.6560026e-02  -9.1468694e-04   3.9166491e-02  -1.4328843e-03  -3.2017102e-04   1.3074504e-04
   2.6601458e-02   5.4024581e-03   2.6425512e-02  -1.6950585e-03  -2.8829297e-04   1.8726687e-04
   2.9057132e-02   1.1452418e-02   2.1280072e-02  -1.7730551e-03  -3.5592390e-04   1.8266415e-04
   2.7764143e-02   1.3651665e-03   2.1015382e-02  -1.5976681e-03  -3.4828288e-04   2.2326862e-04
   3.0955654e-02   8.6006615e-03   2.7952657e-02  -1.5220422e-03  -3.3140507e-04   1.9048089e-04
   3.1735614e-02   1.4491298e-02   2.6545226e-02  -1.5557730e-03  -2.6412765e-04   2.7630341e-04
   3.3317426e-02   9.6104561e-03   2.2603370e-02  -1.6952469e-03  -2.0145083e-04   2.2508119e-04
   3.3616601e-02   1.7019998e-02   2.6506869e-02  -1.5299210e-03  -2.7580530e-04   2.7201439e-04
   3.0289134e-02   1.4515257e-02   2.8405922e-02  -1.4518276e-03  -3.0692740e-04   2.2195727e-04
   3.4865739e-02   1.1807257e-02  -3.4227001e-03  -2.2943387e-03  -5.3341099e-04   2.3161858e-04
   2.9220693e-02  -4.3952160e-02  -1.0064563e-02  -9.8388133e-04  -2.6617098e-04   1.5274190e-04
   3.2412492e-02  -3.8797125e-02  -3.9888891e-03  -6.8740594e-04  -4.6029385e-04   1.9373354e-04
   3.2730168e-02  -3.7734302e-02   5.8898693e-03  -1.0837757e-03  -4.9043912e-04   2.8878191e-04
   3.1962776e-02  -4.1757395e-02   1.4774845e-02  -1.3698039e-03  -3.8787568e-04   3.5089730e-04
   3.1323271e-02  -4.0845880e-02   1.9155381e-02  -1.1747489e-03  -3.9662956e-04   3.9267529e-04
   2.9387928e-02  -3.5244998e-02   1.6322854e-02  -1.3327198e-03  -4.1794191e-04   2.5379624e-04
   3.1762320e-02  -3.4209286e-02   2.1446946e-02  -1.1909697e-03  -5.3550450e-04   2.6083520e-04
   3.4749090e-02  -3.3329404e-02   1.3614395e-02  -1.4452043e-03  -6.0663792e-04   2.3145105e-04
   2.8573285e-02  -3.2757537e-02   1.3896202e-02  -1.6284660e-03  -4.4733340e-04   2.4286197e-04
   3.4071957e-02  -3.1013489e-02   1.1404478e-02  -1.5465713e-03  -4.5143029e-04   3.6365097e-04
   3.0913400e-02  -3.0604648e-02   1.9209220e-02  -1.3631214e-03  -5.6365382e-04   3.1076326e-04
   2.4864548e-02  -3.3919411e-02   2.1172297e-02  -1.2668454e-03  -5.5836940e-04   4.4395201e-04
   2.2004800e-02  -2.5898863e-02   2.7008809e-02  -1.2526916e-03  -5.6103846e-04   1.3888329e-04
  -5.5307630e-04   3.8963012e-02   4.4209449e-02  -2.0082798e-03  -9.6792963e-05  -1.9328583e-04
   1.8874227e-02   6.9807691e-03  -2.2059490e-02  -7.6072994e-04  -2.0148486e-04   5.3434227e-04
   5.6656605e-03   2.3322574e-02   3.0208839e-02  -1.4868745e-03  -7.2706789e-05   5.9581128e-05
   1.8331842e-02   4.7857333e-03   4.1949140e-02  -1.4867311e-03  -3.5057737e-04   2.0863104e-04
   2.1423724e-02  -8.0068302e-03   5.6216307e-02  -1.1622820e-03  -3.5380568e-04   4.0306556e-04
   2.6668043e-02  -2.0186727e-02   3.9265147e-02   6.1890324e-04  -6.8090190e-04   1.7491849e-04
   1.7405546e-02   3.7580604e-03   4.2719634e-02  -2.2380693e-04  -1.3972749e-04   3.8851241e-04
   2.6056604e-02   9.7431572e-03   2.0057295e-02  -8.2318697e-04  -2.9142971e-04   3.9655381e-04
   2.6194080e-02   2.6867515e-03   2.9325135e-02  -1.0741070e-03  -2.8531573e-04   4.0990179e-04
   2.8650657e-02   3.4142470e-03   3.7094590e-02  -9.8037795e-04  -3.6584393e-04   5.0440311e-04
   2.4947155e-02  -2.2037177e-03   3.8701023e-02  -7.0532956e-04  -2.6577694e-04   4.3141410e-04
   2.6009587e-02   2.4435490e-03   3.6736486e-02  -8.9275406e-04  -3.1613794e-04   3.9825687e-04
   2.4715002e-02   2.5525766e-03   2.6251429e-02  -8.7621996e-04  -3.6968266e-04   3.8116070e-04
   2.6264461e-02   6.6101822e-03   2.1390393e-02  -1.1028286e-03  -3.5355921e-04   3.5091692e-04
   2.7403154e-02  -1.0466727e-02   1.3793591e-02  -6.1604700e-04  -3.2643748e-04   4.0494503e-04
   2.6741805e-02  -1.8192433e-03   1.5008748e-02  -8.4163481e-04  -2.6578740e-04   4.2527071e-04
   2.8541904e-02  -1.6859330e-03   6.9728937e-03  -9.2070150e-04  -3.2446194e-04   3.9123856e-04
   2.8055813e-02   8.7101590e-04   7.6972641e-03  -8.9386169e-04  -2.9888100e-04   4.1293831e-04
   2.5574634e-02  -7.4974287e-05   8.7684240e-03  -8.1233740e-04  -2.7157026e-04   4.1506142e-04
   2.3751103e-02  -4.2228639e-03   1.1258589e-02  -9.6456382e-04  -3.2928125e-04   4.7202642e-04
   2.6537874e-02  -1.8163188e-02   7.9597038e-03  -4.8014679e-04  -3.5893952e-04   3.4987316e-04
   2.3809656e-02  -6.4053124e-03   3.8255348e-03  -1.0038343e-03  -2.4366786e-04   2.8701625e-04
