   0.0000000e+00   0.0000000e+00   0.0000000e+00  -5.5511151e-17   0.0000000e+00   0.0000000e+00
   5.3182773e-03  -9.1641041e-03   9.0867188e-04   1.8271087e-05  -3.0915912e-05   2.9040009e-05
   9.9319508e-03  -2.2169816e-04  -1.7392022e-03  -1.7573237e-04  -1.0535859e-04   3.3043836e-05
   9.2019704e-03  -2.2459055e-04  -9.7013330e-03  -3.0361866e-04  -2.3560629e-04   1.4597378e-04
   6.4841794e-03   1.9626849e-03  -1.8509120e-02  -3.3714764e-04  -2.6035547e-04   4.4366436e-05
   4.3004770e-03   3.7564187e-03  -1.5610170e-03  -2.0924320e-04  -1.6994674e-04   3.8487780e-05
   7.5243444e-03   1.2403027e-02  -3.9020448e-03  -3.1783082e-04  -2.7509061e-04   3.3235884e-05
   6.0808344e-03   1.8610463e-03  -6.0604625e-03  -2.4456896e-04  -2.5062642e-04  -2.2875289e-06
   2.8601235e-03   5.0806903e-04  -5.2871462e-03  -1.8194903e-04  -2.3562082e-04   3.8202881e-05
   9.2367997e-03   7.2871607e-04  -1.2001280e-02  -2.4252862e-04  -2.5250462e-04  -6.6071157e-07
   1.1348422e-02   4.3428620e-03  -1.2808985e-02  -2.5021733e-04  -2.4665679e-04   8.9850127e-05
   9.5876957e-03   4.7486313e-04  -8.9384712e-03  -1.9386471e-04  -2.2370967e-04   1.3813624e-04
   6.1149270e-03  -3.6919982e-03  -3.6915603e-03  -1.3350619e-04  -1.8168477e-04   1.3864823e-04
  -1.4249411e-03  -1.7423506e-03  -9.1861173e-03  -9.0880538e-05  -1.0759790e-04   8.1562958e-05
   7.0595098e-03   1.4952489e-03  -4.3656339e-03  -1.4026375e-04  -2.2436414e-04  -1.2892903e-05
   1.2766346e-02   2.7203394e-03  -2.0476691e-03  -1.4722649e-04  -3.0220861e-04   5.2088570e-06
   1.2164469e-02  -7.3954440e-03  -1.3352825e-02  -1.9670744e-04  -3.0831663e-04   6.1436165e-05
   1.0461119e-02  -6.6682414e-03  -4.1143249e-03  -1.2146492e-04  -2.5969721e-04   1.4114790e-04
   8.9021447e-03  -8.5994701e-03  -1.3596828e-02  -1.9655419e-04  -2.7219841e-04   2.4071666e-04
   9.7385127e-03  -2.9419555e-03  -7.3929763e-03  -1.3438788e-04  -1.4716806e-04   1.7851627e-04
   9.7775442e-03   2.3912592e-03  -9.9203267e-03  -3.1467927e-04  -1.5894276e-04   2.4544509e-04
   9.5316742e-03  -5.8285020e-03  -4.2174926e-03  -1.7843901e-04  -1.6636983e-04   1.8378603e-04
   8.7731610e-03  -6.4210072e-03  -3.4399976e-03  -1.5070850e-04  -2.2800717e-04   2.2296004e-04
   6.6466059e-03  -2.2787465e-03  -5.8597744e-03  -2.5353804e-04  -2.0027185e-04   5.2230899e-05
   1.1450517e-02  -4.8508758e-05  -4.2503444e-03  -1.7953547e-04  -2.4420636e-04  -2.9038232e-05
   8.7227828e-03   2.5970050e-03  -1.1143661e-02  -3.3386822e-04  -2.1495908e-04   8.5757547e-05
   8.2334313e-03   5.4300128e-03   2.7362024e-03  -1.9793070e-04  -2.1650312e-04   2.4335863e-04
   5.3577119e-03   9.6780556e-03  -5.5067439e-03  -3.5161557e-04  -1.6799647e-04   1.5686735e-04
   2.7156254e-03   1.3070068e-02  -8.8880162e-03  -3.3995829e-04  -1.0310721e-04   1.1121890e-04
   5.3265070e-03   5.1485257e-03  -2.4403619e-03  -2.1184725e-04  -1.8415521e-04   1.1535841e-04
   3.9531798e-03   5.0450052e-03  -1.5992816e-03  -1.7930571e-04  -2.0238833e-04   1.3253018e-04
   3.0316850e-03  -2.0660608e-03  -1.9981304e-03  -1.2767018e-04  -2.0051766e-04   5.0080074e-05
   2.4800636e-03  -8.4688330e-03  -2.2195773e-03  -6.2942519e-05  -1.9514721e-04   6.2366140e-05
  -3.3654064e-03  -7.8031321e-03  -1.3591961e-02  -1.8256534e-04  -1.0044174e-04   6.3363643e-05
   7.0617829e-03  -3.9472448e-03   4.3513502e-04  -2.3269006e-05  -3.1886202e-04  -6.6292100e-06
   5.8514427e-03  -9.8451226e-05  -2.9595830e-03  -7.9766266e-05  -3.4776609e-04  -2.8418093e-05
   7.7207039e-03  -1.1202711e-03  -7.6245444e-03  -1.6214173e-04  -2.8404230e-04   4.8739880e-05
   4.1688477e-03   2.1355101e-04  -1.1399143e-02  -2.2990504e-04  -2.3120152e-04   7.3951731e-05
   4.6161714e-03  -5.7393722e-04  -1.9772308e-02  -1.6499223e-04  -1.8877210e-04  -9.7418199e-06
   5.2089611e-03   5.3382438e-03  -1.4264189e-02  -2.8554035e-04  -2.0080772e-04   1.1355919e-04
   2.1046625e-03   1.4818889e-02  -1.3977177e-02  -3.2898683e-04  -1.3051359e-04   1.5183061e-04
  -1.7392984e-04   1.6213314e-02  -1.0438800e-02  -3.0618131e-04  -1.4712639e-04   1.1036781e-04
  -2.6561837e-03   1.6964320e-02  -8.6606794e-03  -2.2625238e-04  -1.1731611e-04   1.1958174e-04
   5.9606477e-03   1.8892713e-02  -9.3627527e-03  -3.3548767e-04  -1.5266858e-04  -1.0602189e-05
   9.3926362e-03   4.6437718e-03  -4.7575121e-03  -2.9649552e-04  -2.1428267e-04   6.2711092e-05
  -5.0594345e-03  -3.4423443e-03  -1.5255379e-02  -2.6958536e-04   2.2416294e-05   1.5013219e-04
   2.9575950e-03  -3.1632344e-03  -7.2982573e-03  -1.8248617e-04  -1.1189483e-04   1.3421732e-04
   6.1583954e-04  -8.0878180e-03  -4.7349189e-03  -1.9182664e-04  -1.0690941e-04   5.9093094e-05
   1.0602189e-02  -4.8337464e-03   1.4830249e-04  -1.9182554e-04  -2.4568610e-04  -4.5747810e-05
   9.6960949e-03  -8.0692959e-03   3.5945124e-04  -3.0478144e-04  -3.2509907e-04  -5.7464217e-05
   4.3076075e-03  -5.8395090e-03  -5.0668062e-03  -3.0364593e-04  -2.6119058e-04  -5.0836484e-05
   6.4927913e-03  -3.1243304e-03  -6.4057227e-04  -2.9941766e-04  -3.0112497e-04  -5.7448787e-05
   6.3449664e-03   4.9040949e-03   4.0464806e-04  -3.8423469e-04  -1.9942786e-04   8.4088789e-05
   6.4985562e-03  -1.1313911e-03   1.1571382e-03  -2.6599589e-04  -1.4913823e-04   1.2203674e-04
   1.3381030e-02  -1.0288441e-02  -6.8145027e-04  -1.8107450e-04  -2.8477961e-04   8.1899595e-07
   1.9530761e-02   8.5018600e-03  -9.8272655e-03  -2.7269322e-04  -3.8431443e-04   1.6994893e-04
   7.4581965e-03   4.1420441e-04  -1.1309454e-02  -1.4406684e-04  -2.5956886e-04   2.2865864e-04
   3.8505597e-03   1.1613756e-02  -2.3808939e-02  -4.3080019e-04  -2.0052882e-04   1.7177901e-04
   1.2944305e-02  -3.7972240e-03  -5.7408676e-03   1.3502656e-04  -3.0736910e-04   1.5106217e-04
   6.8137241e-03  -1.4143237e-03  -9.5475151e-03  -6.0044227e-05  -2.8586992e-04   2.2840379e-04
   2.4918513e-03   4.1658702e-03  -6.3614518e-03  -5.2528560e-05  -1.8014810e-04   2.7975178e-04
  -1.3996726e-03   2.9711463e-03  -1.0507604e-02  -1.4780841e-04  -1.8029547e-04   3.1004610e-04
   2.4666377e-03   7.7880437e-03  -4.8719488e-03  -1.0588859e-04  -2.4236049e-04   2.0545864e-04
   6.5831027e-03   3.1799790e-03  -8.4961538e-03  -1.5227214e-04  -2.8298461e-04   2.0545062e-04
   1.4831952e-02   6.0237275e-03  -6.6350967e-03  -1.7000819e-04  -4.1804748e-04   5.4986302e-05
   9.7348907e-03   5.7546577e-03  -1.7042607e-02  -2.8229743e-04  -3.8121526e-04   9.3246136e-05
   1.6095385e-02   4.0585505e-03  -4.1023003e-03  -1.8957976e-04  -4.5382150e-04   7.4699451e-05
   1.4848746e-02   4.4182966e-03  -6.1425616e-03  -2.8744848e-04  -3.9470423e-04   1.9460941e-04
   9.1870021e-03   1.2401059e-03  -6.7465188e-03  -1.1167337e-04  -2.3444626e-04   1.9224364e-04
   1.0710887e-02   7.2744192e-03  -1.8857674e-02  -3.3713933e-04  -2.7616485e-04   2.3592890e-04
   1.4078360e-02   4.6352236e-03  -1.1270077e-02  -2.1590014e-04  -3.3109131e-04   1.5795895e-04
   7.8628913e-03  -1.4586888e-03  -1.0964843e-02  -1.4242181e-04  -3.0759563e-04   2.9207683e-04
   6.8188521e-03  -6.6632925e-04  -1.7829482e-02  -2.4499470e-04  -2.8157548e-04   2.0285513e-04
   7.1905796e-03  -5.4767984e-03  -8.5423112e-03  -1.3213640e-04  -2.9306414e-04   2.2759637e-04
  -1.5764600e-03  -1.1022534e-02  -1.3670665e-02  -1.1144538e-04  -1.4726306e-04   2.8356201e-04
   6.2902964e-03   7.0749544e-04  -1.0565245e-02  -1.0690454e-04  -2.8509808e-04   1.1572041e-04
   1.2179046e-02   3.1374917e-03  -1.1741996e-02  -2.2391165e-04  -3.7677258e-04   8.9710137e-05
   1.3350158e-02   3.1909666e-03  -1.0618681e-02  -2.2897259e-04  -3.6916163e-04   1.6786270e-04
   1.4726723e-02   7.4554663e-03  -1.4372968e-03  -2.1797013e-04  -3.7459948e-04   1.0150605e-04
   1.0438975e-02   1.0747463e-02  -9.2770912e-03  -2.3043895e-04  -3.0168320e-04   1.3506018e-04
   8.4874569e-03   8.6920527e-03  -3.3501828e-03  -1.3802852e-04  -2.7966133e-04   9.5593833e-05
   1.0621026e-02   3.8507643e-03  -4.5305290e-03  -1.8819238e-04  -2.3721514e-04   1.8349586e-04
   8.3530671e-03   8.2579756e-03  -1.0070213e-02  -3.1493289e-04  -2.2938976e-04   2.8442263e-04
   9.7593725e-03   9.2277813e-04  -6.9274118e-03  -2.0833520e-04  -2.4545264e-04   2.5594325e-04
   7.8876394e-03  -5.5081678e-03  -6.6792656e-03  -8.6407751e-05  -2.2582742e-04   2.3531092e-04
   5.9911572e-03   3.0568122e-03  -8.4785101e-03  -2.1238955e-04  -1.4030112e-04   2.6713947e-04
   1.0845412e-02   4.1498095e-03  -4.3906767e-03  -2.4124711e-04  -1.5088332e-04   1.4663048e-04
   1.1660030e-02   8.5674811e-03  -4.4554188e-03  -4.3480456e-04  -2.3465497e-04   1.5679493e-04
   6.7890230e-03   1.1495150e-02   3.2013634e-03  -3.0990216e-04  -1.5143049e-04   1.5059634e-04
  -1.5408629e-04   4.6903704e-03  -1.4677201e-03  -2.2000231e-04  -4.6113631e-05   1.7640209e-04
  -1.5754107e-04   3.2389204e-03  -7.2442779e-04  -2.5493567e-04  -4.5434983e-05   1.5082068e-04
   9.8366974e-03   3.2117302e-03   7.9192764e-03  -1.3505918e-04  -2.3544262e-04   1.2920099e-04
   5.4777854e-03   5.3492589e-03  -1.3798540e-02  -4.6705858e-04  -2.1062825e-04   1.7465827e-04
   6.1436436e-03   4.9363102e-03  -1.0059815e-02  -2.1478775e-04  -1.9478408e-04   2.5461478e-04
   8.6668928e-03   6.6511903e-03  -1.7606425e-02  -3.1071442e-04  -2.3616719e-04   1.7258705e-04
   4.5293758e-03   2.9100317e-03  -8.6691872e-03  -2.3252574e-04  -2.1390873e-04   1.9407826e-04
   5.9652475e-04   1.0708683e-03  -4.2681495e-03  -1.3693166e-04  -8.4271941e-05   1.4007080e-04
   3.1057431e-03   1.1694916e-04  -1.9439118e-03  -1.2348125e-04  -1.2263605e-04   1.3507724e-04
   4.7231432e-03   4.9003504e-03  -1.2064846e-04  -1.4825332e-04  -9.5676969e-05   2.3198913e-04
   9.4978877e-03   1.0577884e-03   5.5207209e-03  -1.8014843e-04  -2.2931194e-04   2.1413181e-04
   8.4820848e-03   4.3646508e-03  -5.1778033e-03  -1.0553642e-04  -2.5992086e-04   2.0679098e-04
   3.3200562e-03   3.4311294e-03  -1.6418201e-03  -1.4671417e-04  -1.3380112e-04   1.4721714e-04
   2.7037458e-03   1.1840756e-02  -6.5958591e-03  -2.8254638e-04  -1.4185047e-04   1.0389873e-04
   2.5510559e-03   9.9034004e-03  -2.9909897e-03  -2.0522976e-04  -1.9281771e-04   1.6529392e-04
  -2.1663440e-03   6.8112359e-03  -8.4071221e-03  -1.9254290e-04  -4.6043765e-05   1.4200120e-04
   1.4920990e-03   1.3336374e-02  -1.1717874e-02  -3.8007343e-05  -8.4543551e-05   1.4486238e-04
   1.4391099e-04   2.2078472e-02  -1.8474592e-02  -3.2462337e-04  -9.0543894e-05   1.3408393e-04
   2.2823817e-03   1.4307569e-02  -6.7812042e-03  -1.4172341e-04  -1.2978369e-04   1.4348684e-04
   2.6517667e-03   1.2702194e-02  -5.0569137e-03  -1.4017375e-04  -6.8034584e-05   1.7805139e-04
   1.1507210e-05   6.5897288e-03  -7.0615485e-03  -9.4196345e-05   5.4996934e-05   1.7944737e-04
   2.0492809e-03   3.1489012e-03  -4.1252422e-03  -5.9787449e-05  -1.5148967e-05   8.3210042e-05
   3.9863617e-03   2.3957799e-03   1.5017373e-03  -6.3249052e-05  -6.2470917e-05   9.5232658e-05
   8.6846714e-03   3.5189632e-03   4.5504158e-03  -9.0422863e-05  -2.2249172e-04   1.3409439e-04
   5.9619193e-03   8.1184691e-03   4.0646271e-03  -1.6314556e-04  -1.6860733e-04   2.0537111e-05
   8.1372272e-03   7.6033351e-03   3.5599434e-03  -1.9767764e-04  -2.0102944e-04   1.1871643e-05
   2.8121972e-03   1.9891521e-03   7.9383690e-04  -1.0279910e-04  -1.2065600e-04   4.7012564e-05
   1.9223366e-03   4.2267421e-03   3.6682267e-03  -8.4476505e-05  -1.5699794e-04   1.0877585e-04
   3.3892153e-03   8.4531374e-03   2.4820904e-03  -1.2258944e-04  -1.4818160e-04   1.7064412e-04
   2.8215382e-03  -1.2426206e-02  -9.6137579e-03   7.8972319e-06  -7.5142287e-05   6.6848826e-05
  -3.5725251e-03  -9.0237296e-03  -1.1906626e-02   4.8261940e-04   9.0283629e-05   2.7533597e-04
   3.6296171e-03   6.6594166e-03  -2.6730286e-02   6.1714748e-05  -7.8455593e-05   1.3615745e-04
   3.9452888e-03   2.6406036e-03  -6.0814540e-03   7.4237284e-05  -1.0977316e-04   9.6234391e-05
   1.9599394e-05   6.8546617e-03   6.6649791e-04   2.1491393e-05  -3.9402353e-05   5.8180419e-05
   7.5249800e-03   6.3462268e-03   1.0623818e-02   8.7394227e-05  -2.1152214e-04   1.1776609e-04
   6.1328797e-03   1.5349693e-03  -1.6431162e-02  -1.0863171e-04  -1.8033640e-04   8.9129703e-05
   6.8075179e-03  -2.6218320e-03  -1.0418461e-02   1.3436967e-04  -1.5900929e-04   2.3382002e-04
   5.8503490e-03   4.6406903e-03  -1.9657995e-02   3.1783064e-05  -8.5464397e-05   2.9172618e-04
   7.1462839e-03   2.5333062e-03   9.4904505e-04   1.5608339e-04  -7.2763184e-05   3.4524077e-04
   9.6133857e-03   1.5769181e-02  -1.0601772e-02  -1.1140829e-04  -9.7971390e-05   2.8875818e-04
   7.3109443e-03   1.4356891e-02  -4.6414655e-03  -6.4979664e-05  -1.7200749e-04   2.0960175e-04
   4.5006812e-03   7.4288041e-03  -1.1248107e-02  -1.7878021e-04  -1.0109554e-04   2.2458809e-04
   1.0317850e-02   4.1685681e-03  -5.8856705e-04  -1.8752465e-05  -1.7983580e-04   2.0644850e-04
   5.8155541e-03  -1.1950046e-03  -6.8110428e-03   8.5242870e-05  -5.2292757e-05   2.9315760e-04
   6.0181029e-03  -2.6688996e-03  -1.0288675e-02   5.6662061e-05  -2.4776009e-05   3.2327193e-04
   1.3550803e-02   2.1335218e-03  -4.5852081e-03  -6.8415602e-05  -1.6817375e-04   2.7240287e-04
   8.6299173e-03  -1.5287136e-04  -1.0521427e-03  -1.4334515e-05  -1.2368276e-04   3.0303449e-04
   1.2988954e-02  -8.8191055e-03   1.6711470e-03   4.6055764e-04  -2.3612274e-04   1.5142697e-04
   1.9245727e-03  -3.2147694e-03  -2.3694673e-02   6.5008123e-05  -6.6328372e-05   2.7837542e-04
   2.9321039e-03   1.3148837e-02  -9.1950816e-03   1.0042893e-04  -1.4095304e-04   2.4805389e-04
  -2.6964766e-03   2.7515377e-04  -1.0546375e-02   1.3090679e-04  -1.7866322e-05   2.5714324e-04
   1.9004205e-03   4.6514307e-03  -1.7198977e-03   2.2396772e-04  -2.5400704e-05   1.0648917e-04
   5.8564981e-03  -2.0623556e-03  -1.2678895e-02  -2.6802456e-05  -1.6761671e-04   1.9938514e-04
   2.3754537e-03  -2.3960382e-03  -6.7361279e-03   4.3494360e-05  -1.0115986e-04   2.1032931e-04
   3.1251150e-03   1.2370209e-02  -7.2567739e-03  -6.3822310e-05  -1.4202086e-04   2.4744441e-04
   5.1647206e-03   1.6683338e-02  -1.0710703e-02   8.2901580e-06  -9.2326396e-05   2.3408968e-04
   4.7321877e-03   1.9981863e-02  -9.2499868e-03  -2.8048150e-05  -1.2732359e-04   2.5718284e-04
   6.1088760e-04   1.8112166e-02  -8.1083483e-03   3.5962723e-05  -3.3776254e-06   2.9501078e-04
   8.0287442e-03   1.3204131e-02  -9.6500582e-03   5.1282214e-06  -1.5692997e-04   3.0377034e-04
   7.8055008e-03   1.4095347e-02  -1.0462061e-02  -2.6139133e-05  -9.7470728e-05   2.5427528e-04
   4.6623297e-03   9.8155391e-03  -4.3747397e-03   3.3681771e-05  -1.2280941e-04   2.4910382e-04
   2.2508949e-03   1.8736764e-02  -1.8871853e-02  -2.1465820e-04  -1.3799226e-04   2.8058102e-04
   2.9960265e-03   2.0022273e-02  -8.6234727e-03  -5.8696486e-05  -1.3011776e-04   3.3450222e-04
   4.8803286e-04   2.7030408e-02  -8.7472597e-03  -1.7353667e-04  -3.3272254e-05   2.6399619e-04
  -5.7714885e-04   2.3075247e-02  -1.3552521e-02  -1.1501897e-04  -6.1963606e-05   2.5144127e-04
   3.6061671e-03   3.0376196e-02  -1.4261300e-02  -2.4341253e-04  -1.1345323e-04   1.4289161e-04
   3.7838648e-04   1.9949854e-02  -5.9950311e-03  -5.9405137e-05  -7.2235823e-05   2.3937632e-04
  -3.9111056e-03   1.4654697e-02  -7.9797057e-03   1.8338674e-05   8.9764990e-06   1.4241776e-04
  -5.0052987e-03   2.4102539e-03  -6.3350772e-03  -6.4818324e-06  -6.1751635e-06   1.6498082e-04
   1.0351372e-02   7.4895807e-03   6.4280962e-05  -1.0792710e-04  -3.3893309e-04   8.1984014e-05
   1.3333592e-03   4.0763827e-03  -3.0646117e-03  -1.2230140e-04  -2.0711861e-04   7.2676797e-05
   2.1809292e-03   1.7673369e-03  -4.3573918e-03  -8.9658542e-05  -2.1641739e-04   9.9594469e-05
  -9.2151701e-04   6.1992722e-03  -5.8448621e-03  -1.9254372e-04  -1.2419502e-04   1.1993577e-04
  -9.2030473e-04  -7.2367794e-04  -4.3931216e-03  -1.5294218e-05  -1.0502808e-04   1.2730570e-04
  -2.6820591e-03   6.5149323e-03  -8.5617516e-03  -1.3038777e-04  -1.2372383e-04   1.7014998e-04
  -5.2582901e-04   5.3774312e-03   3.0161026e-04  -3.4187879e-05  -2.0810066e-04   1.1887102e-04
  -4.0580224e-03   2.9579022e-03   6.2021240e-05   4.9975230e-05   1.3647346e-05   9.3852851e-05
   2.0725843e-03   6.5142651e-03   5.0938094e-04   4.5817773e-05  -1.3930162e-05   1.5037555e-04
   8.1962996e-03   7.5458667e-03   2.8026761e-04  -1.8509645e-05  -1.0978016e-04   2.5767172e-04
   2.7563009e-03   1.0397160e-02  -9.2410425e-03  -1.4846957e-04   1.4503933e-05   3.5700292e-04
   4.6649067e-03   8.4907614e-03   1.1804455e-03   9.5755001e-05   3.7232294e-05   4.7090985e-04
   2.0628076e-03   6.4494734e-03  -4.2733717e-03  -4.1366485e-05   7.4735349e-06   3.8442682e-04
  -1.7566755e-03  -5.5035047e-03  -6.9538999e-03   1.2988315e-04   7.9253137e-06   4.3249163e-04
   4.8080952e-03   6.2735353e-03  -4.5239213e-03   1.5023212e-05  -8.0047644e-05   2.4743529e-04
  -4.9195619e-03  -8.0698027e-03  -9.8397950e-03   1.2330026e-04   5.1078462e-06   4.3716120e-04
  -6.9565349e-03  -2.1453198e-03  -1.3946265e-02   1.0397433e-04   6.2535542e-05   3.9573336e-04
   7.8780431e-04  -5.5847937e-03  -6.9677995e-03   1.7367134e-04  -2.8472727e-05   3.5699116e-04
  -8.6406968e-05  -6.6444649e-03  -1.5284761e-02   1.2872530e-04   5.7582866e-06   3.5689409e-04
  -2.7031165e-04  -6.6351629e-03  -4.4722185e-03   2.4309092e-04   7.7032079e-06   2.5245802e-04
  -8.6767725e-04   2.9673415e-03  -1.8076643e-02   1.5981160e-05   2.1328810e-05   3.2404959e-04
  -2.1244962e-03   3.7468377e-03  -9.0792880e-03   8.3411073e-05   6.4706660e-05   3.4246382e-04
  -1.4272685e-03   5.9344410e-03  -1.7088285e-02   2.6803990e-06   8.5291683e-05   3.4098387e-04
  -6.2769623e-03   6.4839771e-03  -1.3247780e-02   8.6784772e-05   1.1157200e-04   2.2398961e-04
  -4.3758513e-03   1.6098206e-02  -1.2500189e-02  -1.4143821e-04   9.3458078e-05   1.7065756e-04
  -1.0261358e-02   1.8072517e-02  -2.5814522e-03   6.9504606e-05   1.5519296e-04   1.4126528e-04
  -1.4096007e-02   1.9653146e-02  -9.0442033e-03  -5.1405939e-05   2.6784507e-04   8.8879855e-05
  -6.4472292e-03   3.0366031e-02  -6.5222936e-03  -1.1281105e-04   1.1475556e-04   6.9608682e-05
  -9.0913872e-03   3.4491007e-02  -1.4345817e-02  -1.5845485e-04   1.8134417e-04   1.9339596e-04
  -9.6402574e-03  -1.4564572e-03  -1.1654772e-02   5.7761656e-04   3.0135643e-04   3.0421786e-05
  -8.0335032e-03   1.8460936e-02  -3.7458913e-03   4.2291523e-05   2.5898175e-04   2.1881319e-04
  -3.8694579e-03   2.9284084e-02   2.6600587e-03   4.4128964e-05   1.0737853e-04   8.3801834e-05
  -1.2783479e-03   1.4641752e-02   1.2127433e-02   1.0978151e-04   2.6988025e-05   6.5814005e-05
   1.5964576e-03   4.5762021e-03   1.2894053e-02   1.4659754e-04  -3.1109437e-05  -1.1087509e-05
   2.0552168e-03   3.7381415e-03   1.3885451e-02   1.1273251e-04  -6.6477820e-05   8.1744533e-05
   8.2076977e-04  -3.3847014e-03  -1.2240097e-03   1.2442946e-05  -2.8470318e-05   2.7606221e-04
   3.9934335e-03  -2.9978328e-03  -9.3982281e-04   6.3762906e-05  -2.4321530e-05   3.4298837e-04
   6.7477271e-04   1.2152121e-03  -1.0452898e-02  -4.3724617e-05   6.1530697e-05   3.9267228e-04
  -2.6416729e-03  -2.1476613e-03  -9.3364082e-03   2.4598970e-05   5.0088264e-05   3.8695544e-04
  -5.7748606e-03  -5.5912401e-03  -5.0723386e-03   3.8801904e-05   1.1500685e-04   3.3742971e-04
  -4.1411355e-03  -6.0450857e-03  -5.2431715e-03   1.8246935e-04   4.4265314e-05   3.5817472e-04
   2.3383988e-03   4.7562590e-04  -6.3689460e-03   8.3751105e-05  -1.7659584e-05   1.9800226e-04
