   0.0000000e+00   0.0000000e+00   0.0000000e+00   0.0000000e+00   2.6469780e-23   1.3877788e-17
   8.0587626e-03  -6.5060025e-03   4.8504485e-03  -3.2103864e-04  -6.0037510e-05   1.2550102e-04
   8.3392604e-03  -2.9826606e-02   8.1700658e-03  -8.6365877e-04  -2.3244489e-05   7.4361970e-05
   5.9194651e-03  -2.2172374e-02   1.4234294e-02  -4.7733857e-04   1.1366837e-04   1.4365535e-04
   1.6473561e-03  -2.1573582e-02   9.9516751e-03  -2.9641610e-04   3.3405095e-05   6.9900368e-05
  -3.5003671e-03  -2.0954269e-02   1.1797199e-02  -2.5436340e-04   4.0469362e-05  -3.1268054e-05
  -6.9040378e-03  -1.3456081e-02   1.3998283e-02  -6.9375424e-04  -2.9712555e-05  -6.9823025e-05
  -1.4256251e-04  -1.9363673e-02   2.2231432e-02  -1.4485463e-03  -1.9876396e-04   6.1335513e-05
   4.5250426e-03  -2.5380698e-02   1.9217211e-02  -1.3256314e-03  -1.9448991e-04   3.2224690e-05
   8.2745188e-03  -1.9426301e-02   1.3578285e-02  -1.6367595e-03  -1.7924947e-04  -7.0467958e-05
   3.6516017e-03  -2.4666419e-02   7.5635041e-03  -1.5571868e-03  -1.3870287e-04  -7.9317134e-05
   9.9887765e-04  -1.9395109e-02   1.4842437e-02  -1.4600853e-03   1.9811710e-05  -9.6743732e-05
   2.1051422e-03  -2.2661511e-02   2.7099492e-03  -9.2270989e-04  -2.2823278e-04   7.6924206e-05
  -5.3775117e-03  -2.3576934e-03  -9.3072931e-03  -7.4537883e-04   9.1951484e-05  -9.4118540e-05
   4.9177815e-03  -3.4441052e-02   1.1105307e-02  -2.6665405e-04   1.3855748e-05  -5.1452348e-06
   5.4663771e-03  -2.9501526e-02   1.7628562e-02  -6.0082668e-04   3.4485770e-05   8.8694982e-05
   9.4529757e-03  -2.6201502e-02   1.6703625e-03  -7.2375282e-04  -1.0353354e-04   1.8996566e-04
   1.0328321e-02  -2.6996488e-02   6.0343026e-03  -9.8660508e-04  -1.4630246e-04   2.1249815e-04
   3.2151204e-03  -1.4385583e-02  -9.6974229e-04  -6.5093231e-04   1.4357158e-04   1.6456642e-04
   8.2896909e-03  -1.5740301e-02   9.6819773e-03  -6.7844862e-04   7.7295841e-05   2.5814565e-04
   1.1697336e-02  -2.3487591e-02   2.4974512e-03  -6.5934530e-04   2.8088160e-05   3.8041269e-04
   3.4067850e-04  -1.8714522e-02   2.7636107e-03  -8.3515292e-04   2.8695654e-04   2.1528353e-04
   2.7984068e-03  -2.8500439e-02   2.4692909e-03  -4.9230920e-04   1.3213617e-04   2.1645902e-04
  -2.6909547e-04  -4.1892701e-02   2.5995535e-02  -3.3011847e-04   2.0827595e-04   2.3307004e-04
  -6.9468057e-04  -2.8712389e-02   1.6883937e-02  -8.0463977e-04   1.1671051e-04   2.3847727e-04
   7.5000577e-03  -9.2575684e-03   1.9091543e-02  -6.8521197e-04  -1.6609349e-04   2.7986735e-04
   2.0643128e-03  -1.1016564e-02  -1.2922016e-03  -7.2431668e-04   5.7111334e-05   1.5678857e-04
  -2.9026867e-03  -2.3208633e-02   1.8864742e-02  -5.9906287e-04   1.4719654e-04   2.1176361e-04
   1.7507549e-03  -2.3535966e-02   1.1817668e-02  -4.3201976e-04   1.0740693e-04   2.6276284e-04
  -6.5001919e-04  -2.0123450e-02   1.0084135e-02  -5.9234191e-04   1.2644030e-04   2.3504249e-04
  -1.5055677e-03  -2.4135908e-02   1.9961591e-02  -6.0960093e-04   1.0940311e-04   1.6854618e-04
  -3.9252180e-04  -1.9432742e-02   2.6562434e-02  -1.5166939e-03  -1.4610839e-05   2.4902789e-04
   2.4103848e-03  -2.7300704e-03   8.6039255e-03  -1.3173128e-03   3.3645573e-05   6.6381431e-05
   1.8290806e-03  -1.2445446e-02   1.7121034e-02  -1.3605055e-03  -8.0592411e-06   9.8304329e-05
   2.2927345e-03  -1.0402210e-02   1.0359905e-02  -1.4813880e-03  -4.6583038e-05   9.2588292e-05
   2.1078724e-04  -2.2666092e-02   5.2619720e-03  -1.7075629e-03  -1.0865406e-05   1.0440172e-04
   4.8537893e-03  -1.4431629e-02  -5.2539302e-03  -1.3805215e-03  -1.5403454e-04   7.2334114e-05
   2.2465180e-03  -1.5959284e-02  -6.1147788e-03  -1.3330991e-03  -1.1319887e-04   1.0646694e-04
  -1.2629070e-03  -2.6822362e-02   3.9203378e-04  -8.6528225e-04  -6.3592951e-05   2.5197371e-04
  -1.7080432e-03  -2.0170031e-02   7.7893643e-03  -6.4207060e-04   4.9944630e-05   2.5418378e-04
  -1.2776851e-03  -1.4814736e-02   1.7948951e-02  -6.0326719e-04   3.9433906e-04   8.0525299e-05
   8.6044184e-03  -1.4835754e-02   5.3156326e-03  -8.2864087e-04  -2.6191117e-06   4.0824088e-04
   7.0180774e-03   6.6324872e-03  -1.2905569e-02  -3.9700068e-04   1.6495837e-04   3.3023139e-04
   1.0613846e-03   2.4648863e-03   5.9528845e-03  -2.7232966e-04   2.8954124e-04   2.9886915e-04
  -1.2949092e-03  -1.1400382e-02   1.1499587e-02  -5.5659450e-04   2.8876772e-04   1.8639379e-04
   3.8882004e-03  -1.1425080e-02   6.0011940e-03  -1.1638725e-03   2.0740708e-04   2.6523259e-04
   2.9252395e-03  -4.7088183e-03   4.8933619e-03  -7.6195175e-04   2.2280557e-04   2.1461832e-04
   1.3056780e-03   6.5297324e-03   3.5219077e-03  -8.1565577e-04   2.3058846e-04   2.1801248e-04
   7.6702600e-04   2.9772387e-03   1.9135068e-02  -6.1021580e-04   2.1681264e-04   2.5023766e-04
   2.1653103e-03  -1.5228316e-02   1.9835230e-02  -7.8616903e-04   2.2409477e-04   2.9302245e-04
  -3.3685759e-03  -1.7974878e-02   2.5548859e-02  -1.3017915e-03   2.0878039e-04   1.7647543e-04
   3.5460147e-03  -1.6054647e-02   1.4047245e-02  -7.0027218e-04   2.0406613e-04   2.5549202e-04
   1.0432243e-02  -8.9815919e-03   5.4842004e-03  -1.0347732e-03   5.7204465e-06   3.6958047e-04
   7.4571564e-04  -1.2514386e-02   1.2945284e-02  -9.0235244e-04   4.5974837e-05   3.2281562e-04
  -4.5577164e-03   6.2448161e-03   8.2936478e-03  -8.9677204e-04   1.8785969e-04   1.9860360e-04
   1.4797287e-03  -5.3187378e-03   2.6963115e-02  -1.5417641e-03   4.2914488e-05   3.3931470e-04
   2.0021925e-03  -5.8086035e-03   2.4344369e-02  -1.6490919e-03   6.8019402e-05   2.6188842e-04
   4.1588164e-03  -1.6977461e-02   1.6493549e-02  -1.7181642e-03   1.0160308e-04   3.0846789e-04
   3.6020551e-03  -3.2002860e-02   2.9466875e-02  -1.8137152e-03   2.4290091e-04   2.9601669e-04
   3.0530264e-03  -1.8462103e-02   9.8883921e-03  -1.1763834e-03  -2.1912046e-04   1.9289424e-04
   8.6456325e-03  -1.2004765e-02   1.0282836e-02  -4.6588636e-04  -3.5144051e-04   2.1402909e-04
   2.5744761e-03  -9.2643104e-03   1.4350432e-02  -9.4015068e-04  -2.9127398e-05   2.5416513e-04
   3.2733747e-03  -2.0738029e-02   1.3473872e-02  -6.5292633e-04   3.4932704e-04   2.2915616e-04
   1.1661021e-02  -3.3156749e-02   2.7352995e-02  -6.0545441e-04   3.6421341e-04   5.3508465e-04
   1.3143500e-02  -2.9851580e-02   2.1320514e-02  -9.6737935e-04   3.2847657e-04   5.8642518e-04
   1.6257888e-02  -2.3314667e-02   2.2090480e-02  -1.1386838e-03   3.1834109e-04   5.4498100e-04
   1.5777686e-02  -2.7747530e-02   1.3269462e-02  -1.3872432e-03   3.7158385e-04   5.5209399e-04
   1.4751220e-02  -1.7888313e-02   9.2650282e-04  -1.1508338e-03   4.0439048e-04   5.1688521e-04
   1.5022491e-02  -2.0863454e-02   2.4068899e-02  -2.0591963e-03   2.5605224e-04   7.2506701e-04
   7.4968835e-03  -2.2101475e-02   1.6836995e-02  -1.4339373e-03   3.6435145e-04   4.9474651e-04
   7.6657503e-03  -1.5369498e-02   5.9240645e-03  -1.2477061e-03   2.4477830e-04   4.0566218e-04
   6.2383850e-03  -5.2340997e-03   1.8439139e-02  -8.1362859e-04   3.6278582e-04   4.0270457e-04
   5.9395206e-03  -8.0456019e-04  -3.5203024e-04  -9.4683114e-04   3.1613426e-04   4.1358778e-04
  -2.9103828e-04  -1.0058232e-02   4.2942753e-03  -8.1946783e-04   4.9824023e-04   4.6189909e-04
   5.9759839e-03  -1.5637599e-02   1.3116053e-02  -1.0695507e-03   3.4148074e-04   5.0390347e-04
   1.0251860e-02  -1.4185709e-02   1.1271197e-02  -1.0122438e-03   3.2575853e-04   6.1607375e-04
   6.8509588e-03  -1.6182858e-02   1.6819700e-02  -1.0073665e-03   5.1353662e-04   5.8330115e-04
   3.2698435e-03  -2.7358988e-02   3.6887450e-02  -1.7659312e-03   5.9918797e-04   4.7866974e-04
   6.8461145e-03  -3.3702517e-02   2.0083781e-02  -1.5199934e-03   3.6108951e-04   6.0458825e-04
   1.0553641e-02  -3.4444950e-02  -1.3518392e-02  -5.8371865e-04   2.4482051e-04   5.5462877e-04
   8.7606630e-03  -2.2766610e-02  -1.0958842e-02  -4.0757444e-04   3.0001946e-04   6.8891118e-04
   1.1797059e-02  -3.1939525e-02   3.9263569e-03   1.8567235e-04   2.2834744e-04   6.4552788e-04
   2.0694638e-03  -2.4665161e-02   9.7209476e-03  -6.1690661e-04   4.8909321e-04   4.8511828e-04
   3.2867128e-03  -2.7636156e-02   1.5558216e-02  -8.3766823e-04   4.9804608e-04   4.7596737e-04
   1.0061267e-02  -2.0903223e-02   1.6924362e-02  -1.1897605e-03   2.0570288e-04   5.2000804e-04
   1.0781186e-02  -5.5141139e-03   7.6508941e-03  -1.3158798e-03   1.7105628e-04   3.9608236e-04
   8.8437964e-03   5.4798642e-03   1.1552597e-02  -1.0602834e-03   3.0709597e-04   4.4328870e-04
   6.8285477e-03  -1.6864226e-02   1.2855292e-02  -5.9286852e-04   3.2939119e-04   4.0157625e-04
   3.8304844e-03  -2.7308229e-02   1.9309183e-02  -1.0468965e-03   4.5598434e-04   4.9952668e-04
   1.1727797e-02  -1.5246079e-02   1.4345481e-02  -9.1582203e-04   3.9304458e-04   4.8055784e-04
   2.0455715e-03  -2.1377301e-02  -2.8192815e-04  -7.7783037e-04   4.5758897e-04   5.3377722e-04
   3.2515146e-02  -2.8727099e-02  -2.0471341e-02  -1.9143998e-04  -9.1129231e-04   1.4167661e-04
   5.4639992e-03  -3.1076499e-03   2.0881533e-02  -1.0992372e-03  -2.5408649e-04   3.4721570e-04
   1.4476084e-03  -4.0739705e-02   2.3994444e-02  -9.3066736e-04   7.8548920e-05   3.7288635e-04
  -1.7085680e-03  -3.1207466e-02   1.4326331e-02  -8.6845883e-04   3.2196398e-04   3.5733814e-04
  -2.1523477e-03  -1.0551901e-02   7.6963386e-03  -9.4168806e-04   2.6190652e-04   3.2309358e-04
   2.4516804e-03  -1.7067899e-02   3.3423196e-02  -1.5269288e-03   3.7814815e-05   3.7356102e-04
   3.1254316e-03  -3.3131448e-02   2.6585432e-02  -1.8365071e-03   1.7607237e-04   4.5373046e-04
   3.4106612e-03  -3.9535346e-02   9.4398710e-03  -1.3196987e-03   2.2438744e-04   5.2730670e-04
   3.4487209e-03  -5.2574958e-02   6.3767701e-03  -9.9356871e-04   5.7808135e-05   3.7332134e-04
  -4.0983870e-03  -5.0601681e-02   8.8154461e-03  -1.1328768e-03   2.4988209e-04   2.4748075e-04
   2.7369781e-03  -5.3269240e-02   1.1405498e-02  -1.1875195e-03   1.3464886e-04   3.0628067e-04
   7.2228746e-03  -3.9651028e-02  -3.4402185e-03  -8.6871764e-04  -8.8637672e-05   3.6642910e-04
  -4.4248568e-03  -4.2353361e-02   3.0165646e-04  -6.8898155e-04  -8.4731396e-05   3.7879016e-04
  -1.1839596e-02  -3.6692833e-02   2.0770991e-02   2.5643678e-03   5.3705778e-04   5.4323993e-05
   1.4841350e-02   7.7285440e-03   1.6676718e-02   3.1433484e-04  -2.2163206e-04   2.0933698e-04
  -1.7355480e-03  -2.4166719e-02   8.9390258e-03   3.0750279e-04   7.9214882e-05   8.9824230e-06
   2.9918397e-03  -2.8823414e-02   5.0895613e-03   3.6951941e-04   1.4814614e-05   3.0284612e-04
  -6.2518972e-03  -1.2657988e-02   1.4120851e-02   4.3049645e-04   1.8978101e-04   4.7178589e-04
  -9.8275646e-03  -2.7466239e-02   1.6089394e-02   5.3961594e-04   2.2040916e-04   2.5150144e-04
  -1.1621047e-02  -2.7444301e-02   2.2477917e-02   3.1204791e-04   2.2122915e-04   2.1668528e-04
  -2.0481079e-03  -2.6322037e-02   1.1649403e-02  -2.5453268e-04   1.4100447e-04   4.1017954e-04
  -5.3862064e-04  -1.7400609e-02   1.3754137e-02  -5.3454415e-04   2.0387039e-04   2.3433951e-04
   4.8239320e-03  -2.5669299e-02   9.2460860e-03  -1.8226252e-04   7.8122517e-05   3.0307428e-04
   1.3918284e-04  -2.9428249e-02   6.5124558e-03  -5.2045073e-05   1.9823074e-04   2.2578455e-04
   4.0998278e-04  -2.4238359e-02  -2.9259161e-03   3.0546263e-05   1.6712527e-04   1.6356292e-04
   2.7092198e-03  -3.1915443e-02  -1.9271661e-03  -1.6823378e-04   1.5002051e-04   1.9385200e-04
   1.9214690e-03  -4.5182296e-02   2.9573740e-03  -2.5900146e-04   8.1012439e-05   1.7672936e-04
  -2.1368571e-04  -3.5500589e-02   4.9367210e-03  -4.8666796e-04   9.5727858e-05   2.3577986e-04
   7.2500322e-04  -2.3970230e-02  -8.9579499e-04  -8.0108437e-04   1.0035439e-04   2.0245357e-04
  -4.7655285e-03  -3.1813776e-02  -7.2550421e-04  -4.6946679e-04   2.3067141e-04   1.1905300e-04
  -8.0888629e-04  -3.1803104e-02  -4.3026193e-03  -5.5605045e-04   1.4873808e-04   2.7059700e-04
   2.6879768e-03  -1.0280762e-01  -2.2154161e-02   1.4381451e-03   4.0802354e-04   3.5550553e-04
   1.9729305e-02  -7.4317505e-03   1.7389114e-02  -6.2086834e-04  -1.7707409e-04   3.6745242e-04
   2.7078367e-03  -4.3617921e-02   6.8287282e-03  -2.8827733e-04   3.7988760e-05   3.2719896e-04
   2.6346555e-03  -5.2241402e-02   9.4475734e-03  -3.9012466e-04  -9.3494319e-06   3.9394288e-04
  -4.7309205e-03  -4.6466063e-02   2.6677524e-02  -1.1829491e-04   1.0421988e-04   2.9950570e-04
  -2.4282651e-03  -4.9991134e-02   2.1773016e-02  -2.5583200e-05   1.3447741e-04   2.2335247e-04
  -1.8866372e-03  -4.4068306e-02   2.3206146e-02  -3.6350960e-04   2.5732113e-04   2.3819124e-04
  -3.6553525e-03  -4.5560978e-02   9.6887431e-03  -3.9213505e-04   2.3469764e-04   1.9112337e-04
   5.2257558e-03  -4.9462714e-02   1.2158782e-02  -4.5722388e-04  -7.0322548e-05   3.0046655e-04
   3.4087673e-03  -4.0329979e-02   7.0039335e-03  -8.0390809e-04   1.3908762e-04   2.1761504e-04
   4.3001405e-03  -4.2418726e-02   3.8161423e-04  -4.8222256e-04   9.2684200e-05   1.9968770e-04
   4.2201879e-03  -4.5612044e-02   2.6375299e-02  -7.2914012e-04   4.8083708e-05   4.0289090e-04
   1.0022869e-02  -3.0970928e-02   2.9601132e-02  -5.0507683e-04  -2.8930624e-05   5.3765600e-04
   3.5385422e-03  -2.1983580e-02   1.1639873e-02  -5.9791647e-04   6.8321598e-06   2.3099669e-04
   5.0176157e-03  -3.6214094e-02   2.4201846e-02  -2.5973630e-04  -9.1968889e-06   2.9708116e-04
   2.8397176e-03  -3.7581437e-02   2.2187339e-02  -4.0363840e-04   1.8189255e-04   3.5656845e-04
   6.5434065e-03  -4.3452122e-02   2.4931830e-02  -3.8569299e-04   8.6649149e-05   3.3051021e-04
   4.7817905e-03  -3.8114508e-02   1.7345911e-02  -4.1078423e-04   1.3047871e-05   2.8616026e-04
   5.3831104e-03  -3.8074188e-02   9.5694044e-03  -4.9758225e-04  -7.7472360e-05   3.5006227e-04
   2.5186795e-03  -3.7773503e-02   2.6803736e-02  -3.8802314e-04  -6.1875229e-05   3.6316818e-04
   4.2196813e-03  -3.3095218e-02   9.3641286e-03  -1.4094569e-04   7.8263153e-06   3.2416593e-04
   3.4127329e-03  -2.5461861e-02   7.0901283e-03  -3.8974063e-04   9.4478484e-05   3.4519627e-04
   8.2397434e-03  -4.3578958e-02   1.6070503e-02  -4.8277309e-04   2.3716818e-06   5.2638102e-04
   1.0567219e-02  -3.7640214e-02   7.2183790e-03  -2.8968599e-04   7.3857308e-05   4.8765828e-04
   1.5991993e-02  -3.9544628e-02   5.3055256e-03  -6.8645262e-04   1.4909651e-05   4.4933251e-04
   1.5941691e-02  -4.4213128e-02   6.1155811e-03  -9.3539265e-04   2.2681404e-04   5.2905599e-04
   2.0302522e-02  -3.4604914e-02  -3.1414605e-03  -5.1566229e-04   2.0408556e-04   5.3864654e-04
   2.0974023e-02  -4.1441444e-02  -1.6829605e-02  -2.6279150e-04   2.3347763e-04   6.1023291e-04
   1.0525258e-02  -3.9622655e-02  -6.4860526e-03  -7.6229013e-04   1.8999179e-04   3.9340734e-04
   6.7069228e-03  -4.1339960e-02   2.0316009e-02  -1.1324509e-03   1.0040160e-04   4.5990935e-04
   1.5146593e-03  -3.5969808e-02   2.6783721e-02  -1.3251582e-03   1.7285350e-04   2.4674147e-04
   4.3762079e-03  -5.0235920e-02   2.0842825e-02  -1.6409866e-03   1.1108050e-04   1.8744064e-04
   6.5646518e-03  -4.2622846e-02   1.1916134e-02  -1.5491920e-03   3.5097677e-05   2.4565954e-04
   3.3855673e-04  -3.9117152e-02   1.4264822e-02  -7.6539153e-04   1.1570292e-04   2.6252691e-04
   2.7604441e-03  -3.6528870e-02   1.7009303e-02  -9.7090969e-04   5.1962060e-05   2.3782386e-04
   2.3550025e-03  -3.9170354e-02   3.3003972e-02  -1.0691735e-03   8.6908704e-05   2.3793280e-04
   9.2687197e-03  -4.0632648e-02   1.8869323e-02  -1.0730627e-03  -1.3699780e-05   3.1571019e-04
   8.1391745e-03  -4.8718131e-02   1.8952311e-02  -9.6931143e-04  -3.2588150e-05   4.3400838e-04
   6.4559708e-03  -4.1944827e-02   1.2534798e-02  -7.5083251e-04   1.2601734e-06   4.3135765e-04
   8.9453959e-03  -3.4901884e-02   2.4995404e-03  -8.2232258e-04  -7.8667486e-05   5.1270509e-04
   1.0261615e-02  -3.4511989e-02   7.1938595e-03  -9.2605007e-04  -9.2136581e-05   5.1190213e-04
   8.4418773e-03  -4.0647492e-02   1.4763851e-02  -7.4382260e-04  -1.8519883e-06   4.9268950e-04
   7.0719534e-03  -3.6645959e-02   1.4006480e-02  -7.4605602e-04   5.0006236e-05   5.4540470e-04
   1.1951745e-02  -3.7750752e-02   2.8870734e-03  -7.3576629e-04  -8.2555454e-05   5.5204287e-04
   1.0359397e-02  -4.1684801e-02   1.7018162e-02  -1.3010188e-03  -1.5437069e-04   4.9493067e-04
   4.2645281e-03  -3.7780539e-02   1.1320838e-02  -1.6989407e-03   3.6582025e-05   3.3186716e-04
   8.3079796e-04  -4.6437926e-02   1.5679896e-02  -1.4318107e-03   1.0410612e-04   2.4932906e-04
  -1.4379588e-03  -5.0051977e-02   2.1523646e-02  -1.1429666e-03   9.5715587e-05   2.2900191e-04
  -1.1021145e-03  -3.2822770e-02   5.2238613e-03  -1.7091307e-03   1.8531515e-04   2.7908777e-04
   1.6102703e-02  -4.8555602e-02  -1.1384519e-03  -1.2068842e-03  -3.7872005e-04   3.0942561e-04
   3.7679711e-03  -1.7674190e-02  -6.2971364e-03  -6.2399746e-04  -1.8089168e-04   9.0380973e-05
   5.4659531e-03  -1.9180526e-02  -5.9182562e-03  -3.3270837e-04  -1.6429175e-04   3.8868108e-04
   2.5571189e-03  -3.3990896e-02   2.2960959e-02  -6.5208640e-05  -1.3123453e-04   2.4708329e-04
   3.5677008e-03  -4.9580786e-02   1.4264689e-02  -1.3754563e-04  -7.6820054e-05   1.8115885e-04
   4.7830073e-03  -4.3977684e-02   6.3544924e-03  -4.6502954e-04  -1.5211733e-04   1.1298306e-04
   5.1781925e-03  -4.4371938e-02   3.8029529e-03  -9.1066093e-04  -7.5527501e-05   1.1866470e-04
   4.8264543e-03  -4.4400531e-02   2.4681705e-03  -7.5643415e-04  -1.2150645e-05   9.0175771e-05
   6.5686046e-03  -4.0899043e-02   5.9602357e-03  -6.5440037e-04  -6.0551407e-05   1.0571251e-04
   3.6213027e-03  -4.5973978e-02   1.0040002e-02  -8.7717712e-04  -5.6003607e-05   1.0784735e-04
   6.3174391e-03  -4.8512350e-02   1.7614617e-02  -1.0204983e-03  -1.3418215e-04   2.5297787e-04
   6.0417390e-03  -4.9085275e-02   5.8395786e-03  -4.3848991e-04  -5.2009147e-05   1.9331220e-04
   4.9718578e-03  -4.7729895e-02   2.2158815e-02  -6.8133580e-04  -1.1261491e-04   6.2774750e-05
   7.3497430e-03  -2.0627481e-02   1.9407994e-02  -7.7321255e-04  -1.4713898e-04   1.9853501e-04
   1.0061358e-02  -2.5010256e-02  -3.8508169e-03  -7.0424228e-04  -1.7600749e-04   3.6766624e-04
   9.4848622e-03  -3.1099229e-02   1.1454072e-02  -3.3838708e-04  -1.4460885e-04   3.6658410e-04
   4.8373461e-03  -3.9002575e-02   1.8395248e-02  -1.0516933e-03   4.8240479e-05   2.6328921e-04
   1.1810712e-02  -4.8187876e-02   2.3926602e-02  -1.5349674e-03  -1.4212880e-04   6.1115283e-04
   1.5624763e-02  -4.5103490e-02   3.9061135e-03  -7.4844045e-04  -1.9075781e-04   4.3589867e-04
   1.3834856e-02  -4.1719525e-02   1.5779848e-03  -6.8528082e-04  -2.2422221e-04   4.1829964e-04
   1.5268787e-02  -2.7357867e-02   1.6125903e-03  -6.9803384e-04  -3.8397219e-04   6.5018919e-04
   1.1745334e-02  -3.3002789e-02   8.9122943e-03  -4.5838340e-04  -8.5766393e-05   4.8927275e-04
   1.4675849e-02  -2.2530732e-02   3.6514473e-03  -3.6358366e-04  -8.9571509e-06   4.7805146e-04
   9.3866057e-03  -2.7068950e-02   1.6305892e-02  -3.4555594e-04  -5.3080653e-05   3.6672235e-04
   9.3745553e-03  -2.4750944e-02   1.1163634e-02  -4.9438820e-04  -1.4583762e-04   4.0531148e-04
   1.2113010e-02  -2.9147371e-02   5.0161798e-03  -5.4800530e-04  -1.9048422e-04   3.9346449e-04
   1.4258530e-02  -4.3043047e-02   8.3091311e-03  -1.0323512e-03  -1.7045897e-04   3.8321413e-04
   1.0016404e-02  -5.3728100e-02   1.2450341e-02  -1.3851619e-03  -1.8272048e-04   2.9916172e-04
   9.6541036e-03  -5.2443819e-02   1.2645240e-02  -1.4931805e-03  -1.7873851e-04   2.6776590e-04
