   0.0000000e+00   0.0000000e+00   0.0000000e+00   0.0000000e+00   8.4703295e-22   0.0000000e+00
   4.4544102e-03  -5.5731132e-04  -5.4924091e-03   8.0449606e-05  -1.8030665e-04  -5.2598795e-05
  -1.1333188e-04  -3.2965879e-03  -6.8108631e-03   5.8063834e-05  -4.8018544e-06  -2.5447993e-05
   3.7603840e-04  -9.9799532e-03  -7.5973447e-03   3.3159715e-05  -4.2233515e-05   7.1289946e-05
  -2.1463090e-03  -5.4863773e-03  -1.2646182e-02  -6.2906926e-05   3.6157936e-05   4.0982012e-05
   2.7213252e-03  -2.2419073e-03  -1.3380470e-02  -1.8743298e-05   4.2981733e-06   6.3480563e-05
   1.0913944e-03  -8.7491013e-03  -7.2130773e-03  -1.8407523e-07   9.3565972e-05   2.9259353e-05
   3.1121391e-03  -1.1907455e-02  -9.6632766e-03   5.9109099e-05  -1.5072058e-05   9.8929665e-05
  -4.3359263e-04  -1.1336862e-02  -1.3348132e-02   3.9430113e-05   9.9901191e-05   4.2575666e-05
  -6.0966813e-04  -4.9103720e-03  -8.6333698e-03   4.6345870e-05   1.3245672e-04   1.6272982e-05
   4.4561094e-03  -9.5657363e-03  -4.7162202e-04   8.3549411e-05   4.7206547e-05   2.4630822e-05
   5.0384119e-03  -7.7576822e-03  -7.0178360e-04  -7.8110345e-05   7.6212318e-05  -1.3708441e-05
   7.6822591e-04  -4.3992584e-03  -8.2230429e-03  -7.6606802e-05   1.1791650e-04   4.2835012e-06
   1.0008232e-02  -1.1062167e-02  -3.9977343e-03   1.5211894e-04  -1.1086208e-04   2.3199016e-05
   5.1152436e-03  -4.7724087e-03   1.2705608e-03  -1.7408464e-05  -4.1613560e-05   7.7771545e-05
   2.8748512e-03  -1.9574203e-03   4.1104925e-03  -2.1155780e-05   4.7063390e-05  -2.2119478e-05
   7.1861123e-03  -7.5966126e-03  -8.8398680e-03  -8.6029743e-05   1.0922474e-05   4.7685231e-05
   8.9277122e-03  -7.9305343e-03  -1.0916364e-02   8.1721669e-05   1.6541629e-05   7.8160986e-05
   9.8986156e-03  -1.1498121e-02  -3.3096196e-03   6.1965513e-05  -2.5414401e-05   5.8402772e-05
   1.2458104e-02  -1.8479289e-02   3.0275727e-03   1.3890466e-04  -1.3621163e-05   1.0960782e-05
   1.6359660e-02  -1.6635896e-02  -5.8687179e-03   9.7201751e-05  -7.7542944e-05   4.9838240e-06
   8.5386801e-03  -7.4936920e-03  -5.8396863e-03  -4.1691892e-05  -9.9525806e-06   9.4659688e-05
   4.2142500e-03  -1.0630289e-02  -6.8453838e-03  -4.9183944e-06   1.0694588e-04  -1.7170878e-05
   1.5922871e-02  -1.6184768e-02  -1.4507516e-03   1.9295206e-04  -2.4076990e-04   6.2086219e-06
   1.3800865e-02  -1.5755798e-02  -3.5565511e-03   1.9665617e-04  -1.7623620e-04  -6.2880843e-05
   6.2229492e-03  -1.2573495e-02  -1.0160169e-02  -3.9519728e-05   4.0908066e-05  -2.7558054e-05
   1.0127479e-02  -1.3505314e-02  -1.0226193e-02   2.0809815e-06   1.4554031e-04  -9.4762954e-05
   9.4955051e-03  -1.1075683e-02  -5.8061940e-03   8.7170428e-05   2.3335620e-05  -4.4626738e-05
   7.8111268e-03  -2.1209841e-02  -8.0556813e-03   1.3819822e-05   1.5553386e-05  -6.1979770e-06
   1.2648595e-02  -1.5976630e-02  -3.9674526e-03   1.9079081e-04  -6.7982072e-05  -8.4498587e-05
   6.5024237e-03  -1.4605582e-02   5.5326777e-03   1.7441835e-04   8.4424787e-05  -5.3757005e-05
   7.6163470e-03  -9.9599660e-03  -4.8627348e-03   1.3791282e-04  -4.6072917e-05  -5.1560455e-05
   3.8164933e-03  -2.5782571e-03  -8.9621564e-03   1.2510076e-04   1.5116149e-04  -2.2269021e-05
   4.8246048e-03  -9.1556538e-03  -9.1460690e-03   9.5275676e-05   1.7488452e-04  -5.0998106e-06
   9.0934150e-03  -1.5414679e-02  -3.9151991e-03   2.5313430e-04   6.1691110e-05  -1.4598796e-04
   7.2454299e-03  -1.2290788e-02  -1.3149565e-02   3.2512170e-05   3.1652489e-05  -3.9816275e-05
   1.4935813e-03  -1.5055960e-02  -6.9018802e-03   6.6416713e-05   2.5908049e-04  -6.0940610e-05
   3.5639112e-03  -5.0655185e-03  -9.1059630e-03  -2.6832221e-06   1.5719214e-04  -5.0561008e-05
   5.9878058e-03  -1.0356257e-02  -1.7232866e-02   1.1762099e-04   8.8294492e-05  -7.4831365e-05
  -2.6235334e-03  -1.6763857e-03  -1.1459048e-02  -2.4079103e-05   3.2774551e-04  -4.3660380e-05
  -4.9082940e-03  -5.8788008e-03  -7.0931203e-04  -6.7670728e-05   3.9623078e-04   8.1188119e-06
   3.0702956e-03  -1.0131088e-02  -3.1379077e-03  -6.4144887e-05   2.6460975e-04  -1.8668161e-05
   9.3373217e-03  -1.5002985e-02  -2.2750338e-03   4.7127523e-05   9.2427049e-05  -1.0973283e-04
   5.2448136e-03  -1.0682781e-02  -5.3059678e-03   1.0170614e-04   1.0867664e-04   6.1042901e-06
   6.6871060e-03  -1.6609103e-02  -1.0566774e-02   7.9748660e-05   7.4686072e-06   2.3834395e-05
   1.7281464e-03  -1.7719020e-02  -8.9337872e-03   1.3274798e-04   2.0335162e-04   2.6887761e-04
  -3.7445694e-03  -2.0955176e-02  -1.9730085e-02   2.4809501e-04   3.5123963e-04   3.0412294e-04
  -3.2321131e-03  -8.5190504e-03  -1.3203102e-02   2.7328429e-04   2.2138268e-04   2.7953409e-04
  -3.8987464e-03  -1.0688587e-02  -8.1963890e-03   2.2625045e-04   2.6502831e-04   1.9760678e-04
  -5.9932792e-03  -1.0746108e-02   4.6743483e-03   2.1649750e-04   2.8160307e-04   1.4032661e-04
  -3.5486190e-03  -1.2452926e-02  -3.9232532e-03   2.3561166e-04   2.3063927e-04   1.2326795e-04
  -5.0399557e-03  -1.7450146e-04  -1.7154128e-02   7.8001242e-05   2.1264126e-04   2.8352539e-04
  -7.5346940e-03  -8.2661567e-04  -1.8248519e-02   9.1579195e-05   3.4699025e-04   2.3866196e-04
  -4.6809696e-03  -3.0811375e-03  -1.1040106e-02   2.1136121e-04   1.9445750e-04   2.3731168e-04
  -6.3266081e-03  -1.6697626e-03  -2.6679552e-03   1.4613216e-04   2.5790000e-04   1.4064172e-04
  -1.5200232e-04  -6.8847030e-03  -1.0386959e-03   1.3200230e-04   1.0933318e-04   1.7218695e-04
  -7.9599499e-03  -5.1334742e-03  -3.8034023e-03   1.9107298e-04   2.8855861e-04   2.5370277e-04
  -9.6955170e-03   1.1653505e-03  -1.1159991e-02   7.8459133e-05   2.3873949e-04   2.2277977e-04
   1.1988388e-03  -3.4509596e-03  -1.5191611e-02   1.1653695e-04  -3.1789216e-05   1.5900740e-04
  -6.6667674e-04  -1.9475389e-02  -1.5364474e-02   2.1250777e-04   8.8093785e-05   1.4580097e-04
  -3.8273125e-03  -3.8500214e-03  -1.3306127e-02   7.0333947e-06   2.8996037e-04   1.3294285e-04
   3.4515722e-04  -6.7914063e-03  -8.4608460e-03   1.5084727e-04   8.0881918e-05   1.3571937e-04
  -3.0410532e-03  -6.7250122e-03   1.7807411e-03   1.0507415e-04   1.5779527e-04   8.6812051e-05
  -8.6486649e-03   3.3163328e-04   3.5514335e-03  -7.3653111e-05   2.7974054e-04   1.2529389e-04
  -4.2208518e-03  -1.2072779e-02  -1.5556289e-03  -2.6993887e-05   1.5169270e-04   1.8148173e-04
  -5.4147652e-03  -6.9419737e-03  -9.7071510e-03  -1.2706393e-04   2.2580452e-04   1.1860364e-04
  -5.1634386e-03  -7.5415514e-03  -1.1080692e-02   2.5496433e-05   1.5721645e-04   1.5132182e-04
  -6.2052842e-03  -4.0704756e-03  -1.5713323e-02   2.6899864e-05   2.0610865e-04   1.5602885e-04
  -6.8801464e-03   4.4022096e-03  -7.6659416e-03  -1.3661108e-04   4.9218943e-04   6.9395589e-05
  -7.1292954e-03  -6.2179788e-03  -6.6424887e-03  -1.1027830e-05   3.2911082e-04   6.7659323e-05
  -8.6383228e-03   1.1064130e-03  -6.2465992e-03  -8.3226415e-05   3.9938051e-04   1.6058262e-04
  -7.2783209e-03   8.9084445e-03  -1.0646563e-02  -1.7604809e-04   4.3337463e-04   7.8045592e-05
  -3.5421680e-03  -5.2062541e-04  -1.2225825e-03   2.6747917e-05   4.2367807e-04   4.9766032e-05
  -6.0795022e-03   7.6944246e-04   4.8945046e-04   9.1857965e-05   4.3450776e-04   9.4800875e-05
  -7.8060002e-03  -2.8626034e-03  -1.1215346e-02  -4.3740309e-05   5.3764384e-04   8.6315786e-05
  -3.7261596e-03   4.6221707e-03  -1.1244149e-02   5.8601366e-05   4.9427931e-04   8.8482706e-05
  -6.9202383e-03  -3.5848310e-03  -9.6609686e-03  -5.4967139e-05   5.9293476e-04   3.0259328e-05
  -5.4709560e-03  -9.3800300e-03  -1.0002861e-02  -6.5258141e-05   4.7129547e-04   4.3070759e-05
  -1.1012358e-02   1.9169858e-03  -8.8292849e-03  -6.1632187e-05   5.0913431e-04   1.7153216e-04
  -5.4402285e-03  -7.8051209e-03  -1.0121905e-02  -4.0185976e-05   4.7224172e-04   9.8977838e-05
  -9.2697600e-03   8.3313584e-04  -7.3029631e-03  -4.4649139e-05   4.6602574e-04   5.7433629e-05
  -7.2643963e-03   4.8363870e-03  -6.8498918e-03  -6.7129313e-05   4.4764704e-04   4.3444200e-05
  -1.2195953e-02  -1.5722758e-03  -6.8510334e-03   1.1084480e-04   5.2076049e-04   1.5005503e-04
  -1.7254562e-02   2.3219768e-03  -1.3659686e-02   1.7248345e-05   6.7007089e-04   1.3310285e-04
  -1.4952794e-02   8.0350172e-03  -1.1954430e-02   9.0099176e-05   6.0951729e-04   1.3122555e-04
  -7.8650651e-03   6.2949164e-03  -1.2181620e-02   2.4915666e-04   4.5923789e-04   5.4866694e-05
  -1.0002373e-02   6.8595479e-03  -1.3540130e-02  -1.9015458e-05   4.5978530e-04   6.4288629e-05
  -1.4086008e-02   8.7648576e-03  -1.6924354e-02   1.7273320e-04   4.6781196e-04   1.9531813e-04
  -1.2254482e-02   1.2065338e-02  -1.7595157e-02   3.2282048e-05   5.9595435e-04   1.9485651e-04
  -7.4415451e-03   1.1175010e-03  -3.9781858e-03   2.3495667e-04   3.9047155e-04   1.4171452e-04
  -9.4191436e-03  -5.0789911e-03  -4.2891301e-03   1.4765986e-04   3.8075857e-04   1.5271373e-04
  -1.0029303e-02  -1.1296777e-03  -6.0172813e-04   1.3780547e-04   4.5258192e-04   1.3457145e-04
  -1.2995647e-02  -6.0780493e-03  -4.3381775e-04   2.1565717e-04   5.7654280e-04   1.6409495e-04
  -1.3421832e-02  -3.8818580e-03  -1.2797229e-02   1.9450329e-04   4.2750654e-04   1.6428611e-04
  -9.6288076e-03   7.1845704e-03  -2.0375812e-02   9.0890056e-05   3.1180966e-04   2.4496437e-04
  -1.0879390e-02   1.7354223e-02  -3.6153930e-03   8.2795684e-05   4.5872770e-04   2.3689427e-04
  -1.0657859e-02   1.0243333e-02  -4.7247771e-03  -3.0620852e-05   5.1567230e-04   2.2600722e-04
  -4.3004484e-03  -6.5579955e-04  -6.9359852e-03   8.0144054e-05   4.2363435e-04   2.4076017e-04
  -7.5114723e-03  -1.7708522e-03  -3.7536914e-03   2.6294348e-04   3.7083804e-04   3.5308822e-04
  -1.2563512e-02   6.2135685e-04   3.4974361e-03   9.6184927e-05   5.9555523e-04   1.6344497e-04
  -1.6111346e-02   1.6923271e-03   4.4631824e-04   5.3915644e-06   6.1361426e-04   1.8734349e-04
  -1.0571804e-02  -5.2257907e-03  -3.1136303e-03   9.4124599e-05   4.2513047e-04   2.1830482e-04
  -1.6169488e-02   7.9066344e-03  -4.6440036e-03   3.2179445e-05   6.6377247e-04   2.5014825e-04
  -1.9242268e-02   1.1779404e-02  -1.5820772e-02   8.0907335e-06   6.9990515e-04   3.1095128e-04
  -1.6501742e-02   1.3210286e-02  -1.6912690e-02  -4.5110932e-05   7.3346220e-04   2.3064195e-04
  -1.5766083e-02   1.5896716e-02  -1.0631897e-02  -5.4101119e-05   6.5918664e-04   2.0233477e-04
  -1.7799283e-02   7.5146505e-03  -7.2211179e-03   4.9591708e-05   7.0548318e-04   3.5530372e-04
  -1.8807508e-02   6.6773310e-03  -9.5567138e-03  -2.5953605e-06   7.0088499e-04   2.8903443e-04
  -1.7624879e-02   1.0533312e-02  -1.5983475e-02  -1.2977000e-05   6.5514373e-04   2.6265957e-04
  -1.5367473e-02   4.3875140e-03  -1.1153679e-02   9.3924718e-05   7.5984874e-04   1.8938925e-04
  -1.7361444e-02   2.5112522e-03  -6.2576791e-03   2.1458777e-04   7.5857829e-04   2.6135828e-04
  -1.4443198e-02   9.9027662e-04  -5.9958125e-03   1.0352692e-04   6.5958215e-04   2.1798219e-04
  -1.3749714e-02   3.4300311e-03  -6.8230730e-03   1.3052808e-05   6.1190598e-04   1.9786137e-04
  -1.6938182e-02   8.0755655e-03  -7.1233858e-03   6.2314118e-05   7.0001082e-04   3.3128350e-04
  -1.6113841e-02   8.8064497e-03  -1.1544102e-02   4.4839794e-05   7.2095999e-04   2.8645092e-04
  -1.7320983e-02   5.4856825e-03  -4.4075083e-03   2.0016906e-04   7.9335313e-04   2.8473029e-04
  -1.2273653e-02   7.2672098e-03  -6.5325389e-03  -3.7794773e-05   6.5546895e-04   2.2309603e-04
  -1.5273678e-02   8.5126662e-03  -3.6380074e-03   8.4306129e-05   7.0560815e-04   2.8161045e-04
  -1.5165390e-02   7.5996181e-03  -7.4234123e-03   2.6395212e-05   7.4020204e-04   2.0660763e-04
  -2.4294937e-02   8.1098619e-05  -7.1335991e-03   2.6808774e-05   9.5808385e-04   2.3340281e-04
  -2.1701467e-02   5.4139430e-03  -7.9490643e-03  -6.8449219e-06   9.5866110e-04   2.6435657e-04
  -1.9035925e-02   7.0119843e-03  -1.2517615e-02  -1.2753563e-04   8.8741986e-04   2.2371588e-04
  -2.2496481e-02   9.3266430e-03  -1.1436064e-02  -6.9313968e-05   9.6958324e-04   3.0744162e-04
  -2.0339329e-02   6.5507486e-04  -1.1480033e-02  -6.2352834e-05   8.3332021e-04   3.1771479e-04
  -1.9704444e-02  -5.1976814e-03   8.4765663e-03  -3.1593675e-05   8.3809026e-04   2.5348204e-04
  -2.0599534e-02  -4.8246081e-03   1.5202750e-03  -5.5598991e-05   8.5406668e-04   2.0918179e-04
  -2.1107639e-02  -5.8269978e-03  -3.1944365e-03   1.4443322e-05   9.1202104e-04   2.6261659e-04
  -2.3849031e-02  -1.3483484e-03   2.3344123e-03  -2.6347344e-06   9.3995809e-04   2.8079027e-04
  -2.0256602e-02   3.6482300e-03   4.8736594e-03  -2.6406452e-05   9.8478382e-04   1.0247142e-04
  -2.5222486e-02  -7.4179943e-03  -1.8222989e-03  -1.5947936e-04   9.7103497e-04   2.0985472e-04
  -2.0022790e-02  -1.0856902e-04  -2.2337456e-06  -3.5679046e-05   9.5983783e-04   1.2332596e-04
  -2.0964193e-02   1.1127246e-03  -2.4376551e-03  -1.2517731e-04   9.6488544e-04   1.1400268e-04
  -2.1795316e-02  -2.3063644e-04  -2.7670652e-03  -1.3307417e-04   1.0225277e-03   9.5997668e-05
  -1.9627321e-02  -5.0360093e-03   8.1149870e-04  -2.2318424e-04   9.7078322e-04   1.2458200e-04
  -2.3704331e-02  -4.7604184e-03  -1.9992759e-03  -1.1609079e-04   1.0535761e-03   1.3590935e-04
  -2.5883806e-02   1.7371579e-07  -3.4240815e-03  -1.1555640e-04   1.0288857e-03   5.4998452e-05
  -2.7355056e-02   2.0544084e-03   1.4939608e-05  -7.8173066e-05   1.0506757e-03   5.9592229e-05
  -2.1239220e-02   2.0812650e-03   5.1063376e-03  -1.8106628e-04   9.5837641e-04   1.0411828e-04
  -2.1401267e-02   7.6507016e-03  -5.0889269e-03  -1.4811471e-04   9.9257567e-04   8.5706683e-05
  -2.7276174e-02   9.5675163e-03  -2.3425130e-02  -1.2230170e-04   1.0377790e-03   1.9345068e-04
  -2.5471955e-02   6.6213657e-03  -1.1242723e-02   6.1329737e-05   1.0185458e-03   1.7199943e-04
  -2.5377802e-02   1.7362733e-03   3.1686798e-04   3.2045213e-05   1.0310947e-03   2.0248698e-04
  -2.4145456e-02   7.5525759e-03  -1.2459725e-03   6.8959987e-05   9.6482291e-04   1.6424356e-04
  -1.9001238e-02   3.7180712e-03   8.0905737e-03   9.4048866e-05   9.6425232e-04   2.4546407e-04
  -1.9101116e-02   5.8172174e-03   2.4488036e-03   9.7590911e-06   8.7878032e-04   1.9790723e-04
  -2.2115082e-02   1.5564875e-02  -1.0907144e-03  -4.0935933e-05   9.3141303e-04   1.9447000e-04
  -1.8139571e-02   1.3240998e-02   1.0163897e-03  -9.9453089e-05   9.0596865e-04   4.0573200e-05
  -2.0390919e-02   2.1852386e-02  -5.1702031e-03  -1.7227762e-04   9.6621324e-04   3.4302705e-05
  -2.2297500e-02   1.6654149e-02  -6.1451550e-03  -8.4823448e-05   9.5747037e-04   1.5508004e-04
  -2.2788758e-02   1.8275465e-02  -9.1330343e-03  -1.9167953e-04   1.0653137e-03   1.6212768e-05
  -2.0571387e-02   1.3067491e-02  -2.8532345e-03  -2.2023141e-04   1.0115065e-03   1.9997508e-05
  -2.6942851e-02   1.6678332e-03  -3.3870943e-03  -6.4663201e-05   1.1003651e-03   1.5648611e-04
  -2.5481653e-02   2.9866160e-03  -1.2160635e-02  -1.5974831e-04   1.1737738e-03   2.5469332e-05
  -2.0754607e-02   3.8640084e-03  -8.8022354e-03  -2.2719199e-04   9.4124251e-04   1.2338587e-04
  -2.1567596e-02  -1.2847803e-03  -1.8878060e-03  -1.5235758e-04   1.0290977e-03   5.1754494e-05
  -2.5106968e-02  -5.3336760e-03  -8.0305303e-04  -1.2865127e-04   1.1052836e-03  -1.0545377e-05
  -2.5105237e-02  -1.8381196e-03  -5.1834870e-03  -1.1356630e-04   1.0646113e-03   6.5790357e-05
  -1.3740228e-02  -1.8527311e-03   5.6980713e-03  -3.0419338e-05   1.0070503e-03   6.2423612e-05
  -2.0669799e-02  -8.6464733e-03  -3.2804538e-03   5.7725487e-06   9.5967100e-04   1.4141116e-04
  -2.2456783e-02   6.4287242e-04  -7.5923909e-03  -5.9913261e-05   1.0310282e-03   4.4912135e-05
  -2.2013992e-02   2.9561016e-03  -3.8867819e-04  -1.1616532e-04   1.0193398e-03   4.2273987e-05
  -1.8578981e-02   4.9684314e-03  -2.6014337e-03  -1.2366110e-04   1.0120646e-03   5.5850240e-05
  -1.9027101e-02  -4.0484281e-03  -1.3841975e-03  -1.1845926e-04   9.3819780e-04   7.2676725e-05
  -2.4207099e-02   2.5274763e-03  -4.2216159e-03  -5.9098933e-05   9.6942398e-04   1.4377971e-04
  -2.0337605e-02   7.7085929e-03  -6.9028162e-03  -1.0906392e-04   9.1826989e-04   9.9581979e-05
  -2.3577116e-02   8.2602159e-03  -9.4699785e-03  -9.3947637e-05   9.7495674e-04   1.3090597e-04
  -2.3334306e-02   4.2438812e-03  -4.3751573e-03   7.7967490e-05   1.0035215e-03   1.0992350e-04
  -2.4317075e-02   1.2580195e-03  -1.6229888e-02  -4.0196222e-05   8.8391981e-04   1.9315966e-04
  -2.8378155e-02   5.9223976e-03  -1.1686121e-02  -1.8097710e-04   1.0828308e-03   1.2062510e-04
  -2.4796504e-02  -1.8503592e-05   2.6334119e-03   1.3473223e-04   1.0570753e-03   1.5603601e-04
  -2.6626589e-02   1.0940239e-03  -7.8438249e-03  -1.6026743e-04   9.6505381e-04   2.3231756e-04
  -2.2277540e-02   1.0210598e-02  -2.1156784e-03  -1.0248412e-04   1.0070527e-03   1.0313380e-04
  -2.1009980e-02   1.0241501e-02  -6.7626508e-03  -1.6005932e-04   9.7055274e-04   1.2941080e-04
  -2.6252659e-02   7.3960425e-03  -8.2944810e-03  -5.2221345e-05   1.0709644e-03   2.0057035e-04
  -1.9275204e-02   1.3033606e-02  -1.3411304e-02  -1.0103890e-04   9.6169270e-04   9.4576812e-05
  -2.0644638e-02   7.1326882e-03  -1.0317257e-02  -9.1166240e-05   9.3638130e-04   8.2719117e-05
  -2.2513250e-02   2.6135300e-03   2.1885171e-03   2.9233711e-05   9.6405227e-04   1.1002818e-04
  -2.6226485e-02  -3.1508212e-03  -5.6731047e-04   2.8830526e-05   9.9798963e-04   1.0685715e-04
  -2.4389922e-02   5.6735718e-03   3.9627637e-03   1.5400829e-05   9.4459180e-04   1.0619314e-04
  -2.1962394e-02   7.4472052e-03  -9.2719484e-04  -7.0813965e-05   8.9017141e-04   7.2315570e-05
  -2.6983553e-02   5.8252199e-03  -2.6686700e-03  -1.1274940e-05   1.0517712e-03   2.8706725e-05
  -2.7668830e-02   5.7226277e-03   1.8521029e-04   1.9689300e-05   1.1391212e-03   5.1357623e-05
  -2.3395627e-02   7.4380666e-03  -1.5830524e-03  -1.5174879e-04   1.0091157e-03   3.0578594e-05
  -2.1887251e-02   7.3337561e-03  -1.2276399e-02  -1.4717225e-04   9.2469450e-04   7.8864169e-05
  -2.2731142e-02   6.9826377e-03  -6.6510434e-03  -1.5752194e-04   9.0233743e-04   5.4297947e-05
  -2.0625063e-02   9.3561327e-03  -6.3860423e-03  -2.1654049e-04   8.9669532e-04   8.4255932e-05
  -2.0469668e-02   9.9645133e-03  -6.2278988e-03  -4.8156147e-05   9.2932888e-04   5.1232924e-05
  -2.0748313e-02   1.7110027e-02  -1.1582367e-03  -1.1826582e-04   9.4271256e-04   5.2363152e-05
  -2.5126822e-02   1.0430101e-02  -1.8352688e-03  -8.8674250e-05   9.9528352e-04   1.0294595e-04
  -2.3844327e-02   1.3226372e-02   1.4427123e-03  -1.3893124e-04   1.0058178e-03   2.7756421e-05
  -2.5810329e-02   1.5801790e-02  -6.7826077e-03  -1.6283644e-04   1.1121130e-03   1.0709925e-04
  -2.3651085e-02   9.3179704e-03   2.4073272e-04  -3.0467015e-05   1.0393922e-03   1.0994880e-04
  -2.5402763e-02   1.0673430e-02  -1.3383025e-02  -2.2280534e-04   1.1009443e-03   8.3131732e-05
  -2.6645291e-02   5.7579972e-03  -1.0184501e-02   4.2687297e-05   1.1156009e-03   7.3452640e-05
  -2.0697939e-02   1.3019330e-02  -5.3533324e-03  -1.5845477e-04   9.6450000e-04   9.1550924e-05
  -2.3233422e-02   7.5299336e-03  -4.5184323e-03  -7.8596734e-05   1.0011717e-03   9.9556080e-05
  -2.3879759e-02   4.3504355e-03   1.0142226e-03   8.7465596e-06   1.1021725e-03   1.7727475e-05
  -2.0493696e-02   8.6573705e-03   1.1561479e-03  -1.7246858e-04   1.0515199e-03   8.1996710e-05
  -1.9608291e-02   1.0236330e-02   2.2052871e-03   7.7099805e-05   1.0416911e-03   6.7486439e-05
  -2.4656735e-02   3.3466824e-04   5.3017577e-04   2.9248703e-05   1.0583439e-03   5.8983855e-05
