   0.0000000e+00   0.0000000e+00   7.1054274e-15  -1.1102230e-16   0.0000000e+00   0.0000000e+00
   6.6422683e-03  -1.0903110e-03  -1.4323644e-02  -3.9710216e-04  -1.8022400e-04  -2.3281833e-05
   5.1457032e-03  -2.4643843e-03  -1.0346054e-02  -1.0422793e-04  -1.3799021e-04   3.6120892e-06
   8.2823828e-03  -1.2454125e-02  -1.0671212e-02   1.7658444e-04  -2.8617512e-04  -1.5027667e-04
   1.2183970e-02  -1.5670041e-02  -1.7113113e-03  -1.4003838e-04  -3.2421908e-04  -1.2362370e-04
   1.8231771e-02  -2.8828849e-02  -5.3814509e-03   3.1579017e-04  -2.0264594e-04   3.5564777e-04
   1.6144349e-02  -1.9679230e-02  -1.1882429e-02   2.6215674e-04  -2.0253929e-04   4.2483612e-04
   1.1831008e-02  -2.3887582e-02  -6.5705628e-03   2.7145087e-04  -2.9675394e-04   2.6844761e-04
   7.6199947e-03  -2.4158309e-02  -1.3760277e-02   4.3803784e-04  -2.7120015e-04   3.1496663e-04
   3.5345739e-03  -9.9431888e-04  -6.8485225e-03   1.8995341e-04  -1.5120231e-04  -3.0014015e-04
   1.0384084e-02  -6.0295096e-03  -9.3165050e-03   1.0284140e-04  -2.8277574e-04   1.9388472e-04
   4.9866673e-03  -1.4331382e-02   7.2406205e-03   2.5704161e-04  -1.6250733e-04  -2.1381696e-04
   4.8947900e-03  -1.7131876e-02   3.6523304e-03   4.8565649e-05  -1.6616582e-04   3.9388548e-05
   3.2588860e-03  -1.2753946e-02   6.7830173e-03   3.0174568e-05  -8.4119575e-05  -2.1481965e-04
   1.0909558e-02  -1.6630931e-02   3.5400454e-03   1.6681314e-04  -3.6273043e-05  -2.4112626e-05
   1.3234971e-02  -1.4765290e-02   1.1270037e-02   4.2759581e-04  -1.0153787e-04  -1.0117196e-04
   5.0964837e-03  -1.6297597e-02   2.6676252e-03  -5.2122040e-05   1.3507445e-04  -2.3594792e-04
   1.2038912e-02  -2.3133717e-02   9.5108451e-03  -2.3409222e-05   8.4215880e-05  -8.9861070e-06
   2.4057586e-02  -2.2390241e-02   1.3486180e-02   1.5669307e-04  -1.7920351e-04   4.0110991e-04
   1.7669485e-02  -1.5074831e-02   6.3788544e-03   5.3187702e-04   1.9069785e-04   1.2382487e-04
   1.9195089e-02  -7.5887405e-03   9.0601907e-04   8.6962502e-04  -6.4795423e-05   2.0085933e-04
   8.3481750e-03  -6.1708499e-03   2.1409800e-02   3.8064046e-04   2.4364393e-04  -4.1482447e-04
   8.7149801e-03  -1.3290908e-02   2.1478457e-02  -2.5710030e-04   1.3292676e-04  -2.6622776e-04
   9.7301135e-03  -9.4839242e-03   3.4377006e-03  -2.1139578e-04  -6.8277069e-05  -3.8484208e-05
   9.0393448e-03   2.7617625e-03  -3.8873910e-03  -3.4639669e-05  -2.7819606e-04   2.7139652e-04
  -4.9745841e-04  -7.5045508e-03  -6.9150253e-03   2.7142366e-04  -2.3143348e-04  -1.3407354e-04
   2.5257929e-03  -6.8075353e-03   8.0770087e-03   1.6795321e-04  -7.1119563e-05  -1.7394921e-04
   3.2380637e-03  -1.9161032e-04  -4.5198797e-03   1.4696707e-04   3.6684217e-05   2.2329109e-04
   6.1765425e-03   2.0008679e-03  -9.5294895e-03   5.0276110e-04  -1.2284717e-04  -7.7393265e-06
   5.7068894e-03   8.5343906e-03  -6.6645186e-03   1.3382644e-04   2.0839658e-04   5.4466709e-05
   5.4953064e-03   3.7801137e-03   2.7739553e-03   4.0250463e-04   2.7790851e-06   1.8783391e-04
   1.0169321e-03   3.8464901e-04   1.7988898e-02   7.4926753e-05   1.2193650e-04   1.7772775e-04
   3.7526693e-03   4.3577560e-03   1.2450013e-02   3.0456612e-04  -2.4319582e-05   3.2693413e-04
   4.4797488e-04  -2.6402430e-03   1.8629846e-02   1.0237935e-04   4.9746545e-05   7.8644697e-05
   1.9003464e-03  -4.1360848e-03   1.9197755e-02   2.2807155e-04  -2.2740767e-05   5.8541967e-05
   7.3906818e-04  -5.4030234e-03   1.6672679e-02   2.5381903e-04   4.4314315e-05   1.4300400e-04
   1.5459284e-03  -3.2725073e-03   1.5068974e-02   4.6239744e-05  -8.0574438e-05   1.8827364e-04
   3.4927066e-03  -3.8331811e-03   1.0470665e-02   9.9792911e-05   2.7478927e-04  -2.2337261e-04
   8.4273077e-03  -5.5601106e-03   1.8873905e-02  -1.7128165e-04   7.7876196e-05   1.9424426e-04
   4.0919909e-03  -3.1865969e-03  -9.5830019e-04   5.8525530e-04   1.6287774e-04   2.3995991e-04
   4.7483797e-03  -1.7857960e-02   1.4021946e-04   4.2426096e-04  -1.1952557e-04   8.4034424e-05
   2.7826977e-03  -2.1465343e-02   2.1874587e-02   4.9752347e-04   1.2724687e-04  -2.3522379e-05
   6.6148183e-03  -2.2721403e-02   1.5900980e-02   2.6548413e-04   2.7081610e-06   3.3063832e-04
   7.4058077e-03  -1.5588301e-02   2.6122265e-03   4.8011556e-04   3.2705090e-04   2.8371635e-04
   9.4794542e-03  -7.0032549e-03  -4.4056826e-03  -9.9639501e-05   1.0764250e-05   1.9984503e-04
   3.9864697e-03  -1.6039569e-02   3.6257773e-03   2.0222026e-04   2.8389441e-04   2.7719443e-04
   8.4167253e-03  -1.9368995e-02   1.1414155e-02   1.4202594e-04   1.5100556e-04   7.5947092e-04
  -6.1963263e-04  -5.4346120e-03   4.0816523e-03  -9.6927821e-07   2.3530226e-04   3.9653092e-04
   2.8254582e-03  -5.9111546e-03   4.3047046e-03   1.1465797e-05   1.4282713e-04   2.7179189e-04
   2.1221457e-03  -1.1769174e-02   9.0993240e-03  -2.6275057e-04   3.3702190e-04   1.7163795e-04
   4.5495379e-03  -3.1695706e-03   5.9933294e-03   7.0653768e-05   1.9222063e-04   1.5091316e-04
   1.5320801e-02  -9.7046043e-03   9.9946285e-03  -4.7247146e-05  -3.3605340e-05   7.3168439e-04
   9.5980683e-03  -1.2533225e-02   1.1036574e-03   1.4887537e-04  -8.2292357e-05   2.1113918e-04
   2.2217857e-03  -9.7715029e-03   7.1213724e-03   1.5001369e-04   2.8684387e-04   4.0723243e-04
   1.0951559e-03  -9.4510521e-03   5.5086722e-03   7.9095326e-05   3.0898477e-04   3.0799528e-04
   2.6460311e-03  -1.3460526e-02   1.1122771e-02  -9.8444562e-06   1.9422965e-04   1.3783438e-04
   1.4072687e-02  -2.1074455e-02   7.4002540e-03   1.9831839e-04  -4.7460722e-05   6.7246192e-04
   1.7108172e-02  -1.9065433e-02   4.5192227e-03   9.0460559e-04   4.8664056e-05   1.0903569e-03
   9.2513875e-03  -1.0840572e-02  -1.4019373e-03   6.3394111e-04   1.5055179e-04   8.7838827e-04
   5.3053871e-03  -7.4688275e-03   3.6193625e-03   2.8975868e-04   5.8289012e-05   5.9367487e-04
   1.2532563e-02  -1.1333332e-02  -5.7074953e-03   3.5316652e-04  -1.7530332e-05   6.8274277e-04
  -3.9421207e-03   1.2945799e-02  -4.4411459e-03   5.0156244e-04   4.4606182e-04  -3.8934549e-04
   2.1714083e-02  -4.2764344e-03  -9.8007977e-03   5.1069935e-04   4.9993939e-05   1.1629131e-03
   2.4698888e-03   4.8685609e-03  -2.2888641e-03   2.8143708e-04   1.1421170e-04   8.0759157e-04
   6.2870561e-03  -1.0074652e-03   4.0109536e-03   1.7531790e-04   1.0236250e-05   8.0502608e-04
   5.0613789e-03  -2.5399068e-03   2.3138594e-03   1.3882137e-04   7.9191778e-05   4.3625280e-04
  -1.8192793e-03  -9.2528832e-03   1.5400766e-02   1.4167011e-04   2.6484240e-04   6.5747929e-05
   1.1985570e-02  -1.4033597e-02   6.5673057e-04   4.5597026e-04   1.4424241e-04   6.7267785e-04
   1.0058821e-02  -3.9629620e-03   5.1359392e-03   6.0492280e-04   2.7437178e-04   1.0310043e-03
   1.5360982e-02   1.1143380e-02  -4.6132656e-03   7.0729100e-04   1.5944340e-04   9.2838227e-04
   1.4680932e-02   1.8506744e-02  -8.6180743e-03   5.4618462e-04   1.7640222e-04   9.1455102e-04
   1.9899789e-02   2.2141967e-03  -2.5153770e-03   6.2444578e-04  -4.7237816e-05   8.7189438e-04
   1.6310737e-02   1.4288491e-03  -6.9974505e-03   7.0680225e-04   1.6105813e-04   8.9197904e-04
   1.5818326e-02  -2.6073109e-03  -1.0496378e-02   7.4562806e-04   2.1124855e-04   8.7185240e-04
   1.6737940e-02  -3.8555003e-03  -1.0461335e-03   6.8031587e-04   2.6694710e-04   7.7585644e-04
   1.6000475e-02   3.6202532e-03  -6.0884759e-03   4.2577851e-04   2.2416843e-04   7.7874726e-04
   1.4823688e-02   1.0739581e-03  -3.0168194e-03   7.5858186e-05   7.9382080e-06   5.3025114e-04
   1.3399672e-02  -1.0521697e-02  -8.7131268e-03  -4.6730149e-04   1.6993679e-04   6.4449229e-04
   1.6707704e-02  -4.5565269e-03  -2.4083173e-04  -2.0374689e-04   7.7870345e-05   4.7037643e-04
   1.3470477e-02  -2.6707866e-04  -8.8360619e-03  -1.0181232e-04  -5.5429828e-05   6.1390701e-04
   6.9496071e-03  -4.7169986e-03  -9.0640181e-03   1.1424361e-04   3.0342683e-04   5.4323034e-04
   1.0987013e-02  -1.4545823e-02   1.3162292e-03   5.3499497e-04   8.6607380e-05   6.6710236e-04
   3.2103838e-03   4.0444242e-03   3.4388316e-04   1.3933752e-04   3.5636629e-04   4.6840203e-04
   8.9352606e-03   3.3018720e-03  -4.8602723e-03   4.0049186e-04   2.8711246e-05   7.5207594e-04
   7.0849298e-03   4.6076200e-03  -1.8528809e-03   1.9203988e-04   2.7725499e-04   8.2064950e-04
   8.3663194e-03  -1.0820838e-04   3.5218575e-03   6.9439039e-04   2.7757021e-04   8.7341208e-04
   5.8174670e-03   5.9428578e-03   6.2223718e-03   2.3065211e-04   1.8125911e-04   6.7846811e-04
   1.1376886e-02   2.1541703e-03  -1.1872578e-03   4.4602331e-04   2.7961876e-04   8.0448740e-04
   1.0164481e-02  -1.1959248e-02   7.6488616e-03   3.0160485e-04   1.8450319e-04   5.8267177e-04
   1.1553250e-02  -1.4370836e-02   1.8870339e-02   3.3597599e-04   2.3605242e-04   7.9397832e-04
   9.7769958e-03  -1.2025500e-02   1.3594320e-02   1.4078460e-04   1.8250066e-04   9.1823311e-04
   2.0083120e-02  -4.4191122e-03   2.8484474e-03   2.0427755e-04  -1.1244409e-04   1.3708073e-03
   3.9088723e-03  -4.8292913e-03   5.4839041e-03   3.6035715e-04   1.4264778e-04   4.4775681e-04
   1.0151597e-02  -1.7429579e-03   9.4578062e-03  -1.9812606e-04   9.4515676e-05   7.8688598e-04
   5.1812244e-03  -1.0689203e-02   1.0492671e-02   3.3185370e-04   2.7944172e-04   4.9333144e-04
   1.4934024e-02  -1.7100911e-02   8.1268103e-03   3.8987045e-04   3.3273921e-04   1.0813095e-03
   8.1799307e-03  -4.7952469e-03   7.7276064e-03   3.9348912e-04   2.1684082e-04   8.2758443e-04
   1.2305792e-02  -6.9156599e-03   6.1025832e-03   3.7654338e-04   2.8215856e-04   1.1583911e-03
   1.2375008e-02   4.4655835e-03  -1.6284133e-03  -3.5480728e-05   1.3583606e-04   1.0407518e-03
   4.3434159e-03   1.9618356e-03   8.0941775e-04   4.9318147e-04   3.3634771e-04   7.6279791e-04
   7.1069236e-03   1.6382022e-02  -8.4938302e-03   6.1973206e-04   6.1475880e-05   6.3132411e-04
   4.3189209e-03   6.4043625e-03   5.9550312e-03   3.8300462e-04   5.1428104e-04   6.9598267e-04
   1.0151631e-02   4.6086479e-03  -2.3277015e-03   4.6955679e-04   5.1766549e-04   7.6055131e-04
   1.9120116e-02  -4.0322337e-03   1.3453583e-02   7.7014595e-04   1.7650017e-04   1.4160397e-03
   9.6288551e-03   2.9909630e-03   7.8456299e-03   4.6911975e-04   1.8650570e-04   8.3014126e-04
  -9.2021582e-04   7.2891309e-03   5.3982637e-03   1.4675158e-04   6.4974979e-04   5.4249499e-04
   5.6866659e-04   2.4686016e-03   4.7756576e-03   6.4938417e-05   6.0639129e-04   7.0511483e-04
   4.2908862e-03   6.3894538e-03  -6.2518485e-04   3.0958344e-04   4.6168132e-04   8.2408944e-04
   3.5355070e-03   7.8006123e-03   1.8458816e-04  -2.2842033e-05   4.7150598e-04   9.3076642e-04
   1.2151661e-02  -1.1932890e-02  -4.2353832e-03  -1.2272142e-04   2.3924593e-05   7.9587944e-04
   1.2460601e-02  -4.2313227e-02  -2.1163470e-02  -1.1847714e-03  -9.1975101e-05   6.3856488e-04
   7.8910700e-04  -3.6790327e-05  -3.5639652e-02  -1.0975617e-03   1.2864977e-03   5.4857420e-04
   7.2392850e-03  -2.3762459e-02  -4.1813325e-02  -1.0333019e-03   4.5515211e-04   1.8352033e-04
   1.3264541e-02  -3.3615888e-02  -3.6362877e-02  -4.2983097e-04   4.8397864e-04   5.7090602e-04
   1.6680182e-02  -4.7794930e-02  -1.0173978e-02  -1.4728615e-04   4.4884183e-04   3.0172426e-04
   1.8447778e-02  -6.6337517e-02   2.1359346e-02  -1.3747584e-04   4.8525805e-04   3.5427571e-04
   1.3360808e-02  -6.2961033e-02   2.6038935e-02  -3.1732391e-04   6.7748553e-04   1.7969825e-04
   1.2716872e-02  -6.4901840e-02   2.0189859e-02  -4.0455907e-04   6.0348620e-04   3.4790433e-04
  -2.3504702e-03  -5.3191692e-02   5.7528930e-03  -8.4253955e-04   8.9881728e-04  -2.7153099e-04
   7.9171049e-03  -6.4010211e-02  -8.8082518e-03  -5.9732739e-04   6.6981529e-04   8.6876131e-04
   1.0993842e-02  -6.0934730e-02  -1.1137258e-02  -6.9092406e-04   7.4376858e-04   6.4993717e-04
   1.5307225e-02  -4.9538483e-02  -2.7368156e-02  -6.2827543e-04   7.5613230e-04   6.6682176e-04
   1.9828865e-02  -4.1421646e-02  -3.2674374e-02  -6.7604745e-04   4.4397782e-04   9.1001913e-04
   9.0938904e-03  -4.3283932e-02  -2.5902914e-02  -9.9705911e-04   9.2374361e-04   2.6900910e-04
   2.2591943e-03  -4.0581115e-02  -2.3366258e-02  -1.2412310e-03   5.5645598e-04   3.5135805e-04
   1.9217575e-02  -3.7857816e-02  -3.9754282e-02  -2.6057503e-04   7.2622738e-04   7.5915935e-04
   2.0448261e-02  -2.1363787e-02  -3.2219239e-02  -6.0924435e-04   6.3390261e-04   1.0029066e-03
   1.5933013e-02  -2.5149433e-02  -3.2939576e-02  -6.5421676e-04   7.4481014e-04   1.0399170e-03
   6.8278902e-03  -3.1587125e-02  -2.1869724e-02  -1.0992076e-03   8.3852803e-04   4.8367228e-04
  -3.0493068e-04  -2.5613080e-02  -2.3886617e-02  -1.5254738e-03   8.5890922e-04   3.8864294e-04
   4.6568520e-03  -2.2984119e-02  -3.1092961e-02  -1.1643111e-03   6.5515676e-04   4.5243435e-04
   7.9185150e-03  -2.5107726e-02  -4.4400681e-02  -1.3651362e-03   4.3668750e-04   4.7096875e-04
  -5.5578852e-03  -1.6135907e-02  -3.7276846e-02  -9.1783430e-04   8.2865203e-04  -3.3297916e-04
  -4.3524926e-03  -1.6377147e-02  -5.9890893e-02  -8.7266152e-04   8.1295967e-04   1.4937418e-05
   1.4249824e-02  -4.1009978e-02  -3.6424899e-02  -4.4407512e-04   4.2849813e-04   7.7906484e-04
   1.0209689e-02  -3.2947947e-02  -3.2051487e-02  -4.4807880e-04   4.3248237e-04   5.6477873e-04
   1.4973507e-03  -2.7503181e-02  -3.3091902e-02  -8.3840044e-04   7.8677860e-04   2.3663832e-04
   1.3038956e-03  -2.0020451e-02  -3.2829310e-02  -1.0916580e-03   5.8622160e-04   3.4231434e-04
   7.3663799e-03  -3.8113553e-02  -1.8590539e-02  -8.2043155e-04   6.1953778e-04   3.4800603e-04
   5.9773547e-03  -3.5164098e-02  -1.7031545e-02  -1.1058486e-03   6.9404915e-04   4.8080928e-04
   9.2110557e-03  -3.4809073e-02  -1.8476697e-02  -7.4401772e-04   4.8270930e-04   4.5523974e-04
   8.1934370e-03  -4.1514177e-02  -1.0225878e-02  -1.2644721e-03   6.6467015e-04   6.0191399e-04
   1.4792364e-02  -4.2322054e-02  -2.5400591e-02  -8.4189792e-04   5.2979935e-04   5.6072567e-04
   3.3957082e-03  -4.1884943e-02  -2.4169250e-02  -8.8003961e-04   8.3529835e-04   4.3006189e-04
   5.0212342e-03  -5.0020405e-02  -6.5547895e-03  -7.2923837e-04   6.7051913e-04   2.4966220e-04
   6.7339183e-03  -4.8357035e-02   1.0772571e-02  -9.0291924e-04   6.8570906e-04   3.4931448e-04
   2.8565679e-03  -3.7402025e-02   6.2249162e-03  -9.6437675e-04   9.4101329e-04   2.7381517e-04
   7.9602798e-03  -3.8027043e-02  -6.2145331e-03  -1.0002986e-03   7.0030998e-04   6.7418110e-04
   3.5662697e-03  -3.9826939e-02  -1.5352956e-03  -9.1376305e-04   9.0635030e-04   2.7838337e-04
   1.4893814e-03  -3.6248105e-02  -3.2666667e-03  -1.0002867e-03   7.5109093e-04   2.6935277e-04
   3.4106969e-03  -4.1669908e-02  -4.2994615e-03  -9.5835266e-04   8.3797125e-04   6.4962044e-04
   1.2129902e-03  -3.0045288e-02  -6.0756395e-03  -1.0069340e-03   1.0426097e-03   1.2058858e-04
   3.4544829e-03  -2.8809612e-02  -9.8784360e-04  -9.8953899e-04   7.8382694e-04   2.6408438e-04
   6.9679034e-03  -3.1255080e-02  -4.0396153e-03  -9.2127229e-04   9.6655454e-04   3.0631315e-04
   9.1284995e-03  -2.1889864e-02  -9.8886165e-03  -8.2848513e-04   6.0464922e-04   6.2659199e-04
   1.9138306e-02  -5.0910361e-02  -3.5972460e-03   1.2615206e-04   5.0368203e-04   9.6457931e-04
   1.2770465e-02  -3.2787903e-02  -8.3176519e-03   4.8550299e-05   5.9752679e-04   2.3606895e-04
   2.8197743e-03  -3.7944029e-02   1.4079834e-05  -4.7488675e-04   4.8024314e-04   1.9803155e-04
  -2.0958036e-03  -2.0296347e-02  -1.1533262e-02  -2.5506446e-04   7.5653001e-04   9.0870970e-05
   5.7207877e-03  -3.0427072e-02  -1.6386388e-02  -7.4379992e-04   6.1658194e-04   4.5539589e-04
   3.7359601e-03  -3.7074529e-02  -2.5726441e-03  -3.5446519e-04   4.3961953e-04   8.1660170e-05
   1.0348063e-02  -3.5730904e-02  -7.4029235e-03  -4.1941456e-04   3.1924663e-04   6.0158742e-04
   2.4042695e-03  -4.0663568e-02   9.7920621e-03  -4.7581040e-04   4.9146557e-04   1.3983375e-04
   4.5968490e-03  -3.4500338e-02  -2.2568628e-03  -7.0932786e-04   5.6686405e-04   1.4475177e-04
   7.8090941e-03  -3.3216990e-02  -7.2487763e-03  -6.1604589e-04   5.6277869e-04   7.4610610e-05
   1.1390317e-03  -3.9661588e-02  -2.6437841e-03  -5.1354725e-04   6.6192000e-04   1.3363176e-05
  -1.3871612e-03  -4.6933464e-02  -9.9679972e-04  -2.3167587e-04   8.5859706e-04   3.3021009e-05
   5.4768666e-04  -3.8468065e-02   2.3456969e-03  -3.6189503e-04   8.1797690e-04   3.2622788e-04
   7.7548027e-03  -3.3865211e-02  -1.5383162e-02  -7.6698994e-04   7.5496018e-04   8.1426317e-04
  -2.6751846e-03  -3.3984645e-02  -2.4527164e-02  -5.8120929e-04   8.1801171e-04   1.3459628e-04
   3.2152100e-03  -2.9233356e-02  -1.9571898e-02  -2.9513786e-04   6.2283630e-04   3.1079759e-04
  -1.9583351e-03  -2.1304536e-02  -2.0121770e-02  -1.0947985e-03   9.2671104e-04   1.5767609e-04
   3.9466784e-03  -3.6060471e-02  -1.3455555e-02  -5.5478467e-04   5.6694728e-04   6.3058320e-04
   7.9146567e-03  -3.4943821e-02  -1.4264408e-02  -4.6031851e-04   7.2132996e-04   4.3593810e-04
   1.9485132e-03  -3.5211967e-02  -1.1632630e-02  -7.8172942e-04   5.8055303e-04   3.9744353e-04
   3.6701441e-03  -3.5082023e-02  -4.0306635e-03  -4.3572251e-04   7.5780600e-04   4.8002803e-04
  -3.2276049e-03  -3.5017465e-02  -1.8286934e-03  -8.3869492e-04   9.5929970e-04   1.4610963e-05
   1.0475131e-03  -3.8974117e-02  -2.0932545e-03  -6.2972194e-04   8.3799111e-04   4.5211658e-04
   1.8375836e-04  -3.4914696e-02  -5.6103190e-03  -5.3761246e-04   6.4088031e-04   6.2433150e-04
  -3.3679771e-03  -2.9371232e-02   6.4453575e-03  -5.6618825e-04   6.9604469e-04   1.9438822e-04
   6.2873356e-03  -3.1331285e-02  -3.3039389e-03  -3.4060545e-04   7.2129176e-04   1.0432847e-03
   1.0607765e-02  -1.3798273e-02  -1.0135791e-02  -2.6916078e-04   7.5465793e-04   6.8171363e-04
   1.3601425e-02  -1.0162855e-02  -2.6535125e-02  -6.0774492e-04   5.9314485e-04   9.0212488e-04
   1.5070953e-02  -2.7900454e-02  -1.5776451e-02  -1.6626702e-04   5.7996602e-04   9.3099132e-04
   9.4214669e-03  -3.0285170e-02  -1.6477766e-02  -7.1972295e-05   7.7351505e-04   7.5175996e-04
   1.4092725e-02  -3.5128133e-02  -8.5297736e-03  -2.1616513e-04   7.3838321e-04   9.2334413e-04
   1.8934775e-02  -1.9865573e-02  -1.4464442e-02  -4.7266160e-04   7.0057748e-04   8.0291482e-04
   1.2759188e-02  -2.0154279e-02  -3.4302607e-03  -3.7768424e-04   9.5851084e-04   6.3180522e-04
   1.7654711e-02  -1.4430875e-02  -1.7669760e-02  -6.1770036e-04   8.3493375e-04   7.4904601e-04
   1.3582092e-02  -2.0707008e-02  -1.0496406e-02  -3.0084771e-04   7.9082116e-04   7.6338799e-04
   1.0829682e-02  -1.7158976e-02  -1.7953350e-02  -3.9317230e-04   9.2226164e-04   8.4025070e-04
   1.2023640e-02  -2.7117041e-02  -8.6405349e-04  -5.3869097e-04   1.0321356e-03   6.9486754e-04
   6.2693852e-03  -4.6417486e-02  -1.4914052e-02  -9.9667010e-04   1.3342085e-03   7.8296758e-04
   4.7512721e-03  -3.4840723e-02  -6.7730096e-02  -8.1182481e-04   7.9700307e-04   9.7851828e-04
   5.6420394e-03  -7.6600046e-03  -8.0277548e-02  -2.6281963e-04   9.8153389e-04   5.3000172e-04
   7.8987364e-03  -2.3198360e-02  -3.0262145e-02  -1.0120034e-03   8.6274808e-04   5.5260785e-04
   1.2890015e-02  -3.2456280e-02  -2.0994974e-02  -4.1650365e-04   6.2827306e-04   7.7610205e-04
   1.4012857e-02  -3.6688481e-02  -8.0386347e-04  -8.0768069e-04   6.8330229e-04   6.1231236e-04
   1.6999425e-03  -4.9548337e-02   2.3689517e-02  -1.0935543e-03   8.3930661e-04   1.6626299e-04
  -7.1664391e-03  -3.1106668e-02   3.5226865e-03  -8.6396528e-04   1.1373746e-03   1.3970374e-05
