   0.0000000e+00   0.0000000e+00   0.0000000e+00   0.0000000e+00   0.0000000e+00   0.0000000e+00
  -1.4133989e-02   1.5238453e-02  -1.6527151e-03  -4.4274692e-05  -2.2171122e-04   3.9058625e-04
  -1.3032949e-02   2.8367544e-02  -8.9623760e-04  -1.0338314e-04  -1.3039646e-04   2.9798554e-04
  -1.0855268e-02   2.6606171e-02  -9.3155753e-03  -1.5756064e-04  -2.3905172e-04   1.5559383e-04
  -1.2716414e-02   2.7413299e-02  -1.4735333e-02  -4.4239104e-05   4.7142746e-05   3.6702465e-04
   2.1984094e-03   9.1446570e-03  -3.4675392e-04  -1.3637394e-04   1.5536442e-05   1.2858236e-04
   1.3840925e-03   1.8859810e-02  -8.5716593e-03  -3.5396708e-04  -9.3814840e-05   3.4905273e-04
  -4.4500216e-03   8.7756504e-03   1.4876951e-03  -3.3322374e-04  -1.3170609e-05   3.6773068e-04
  -1.4568938e-02   1.3774623e-02  -8.7300542e-03  -4.5714662e-04   2.5495094e-05   4.9198664e-04
  -8.9157081e-03   1.3453767e-02  -1.8068032e-03  -4.8224520e-04  -4.3619509e-05   2.6096616e-04
  -1.9613707e-02   3.6030471e-02  -1.5912712e-02  -3.7991972e-04  -9.9665231e-05   3.5684352e-04
  -1.8307645e-02   3.9933638e-02  -1.0374475e-02  -5.1950815e-04   5.4298552e-05   4.3719085e-04
  -6.5540991e-03   3.2036813e-02  -4.6167970e-03  -5.1620218e-04  -1.6683796e-04   5.0672900e-04
  -1.4188935e-02   2.7230973e-02  -1.5621887e-02  -3.5233623e-04  -1.6265982e-04   4.1731260e-04
  -1.7463503e-02   3.1833119e-02  -1.8583784e-02  -2.4054882e-04  -8.6216319e-05   4.0155428e-04
  -1.8848010e-02   3.7738796e-02  -2.1582285e-02  -4.9787292e-04   1.4220173e-05   4.5069246e-04
  -1.7299517e-02   3.8195505e-02  -1.5162602e-02  -4.6813240e-04   4.6618646e-05   4.5530054e-04
  -1.6461429e-02   3.2064968e-02  -1.7775510e-02  -2.4163327e-04   1.4727009e-04   5.0414461e-04
  -1.3781306e-02   3.2840374e-02  -1.2997129e-02  -4.6935778e-04   1.9368598e-04   4.7851688e-04
  -1.0075120e-02   1.9894648e-02  -1.0894011e-02  -5.1076818e-04  -5.4443157e-06   5.7454174e-04
  -1.2431358e-02   2.3238818e-02  -7.8157636e-03  -5.7451401e-04   1.8887919e-05   5.2605514e-04
  -1.4670592e-02   1.4129449e-02  -1.3130270e-02  -6.1822536e-04  -3.8589249e-05   4.7022669e-04
  -2.7403617e-02   9.2436264e-04   7.2792414e-03  -1.2775976e-03   4.1517345e-04  -1.4558743e-04
  -1.4715663e-02   6.3961110e-03  -7.5825397e-04  -6.0564193e-04   4.8978744e-05   4.4726420e-04
  -7.2299659e-03   7.5232728e-03  -3.4809440e-03  -3.5152502e-04   3.4274782e-05   3.5096224e-04
  -4.7610277e-02   2.8028426e-02   1.8089507e-02  -8.8415313e-04   7.9317396e-04  -6.2241086e-04
  -6.5650761e-03   3.7222154e-02  -7.0467433e-03  -3.9883446e-04  -4.5989078e-04   4.2842697e-04
  -6.9314941e-03   1.6281333e-03  -3.0745065e-03  -2.5388811e-04  -2.0975801e-04   3.7888362e-04
  -1.5312208e-02   1.5711261e-02  -1.1735292e-02  -3.6235641e-04  -2.2689553e-04   5.0865616e-04
  -3.6905911e-03   3.0992895e-03  -1.7297165e-03  -6.8966152e-05  -2.6668631e-04   4.0415284e-04
  -1.3553890e-04   3.5841977e-03   3.7176433e-03  -4.7156658e-04  -1.5450166e-04   3.8255250e-04
  -9.5227297e-03   2.3073491e-02   5.3838188e-04  -7.2143161e-04  -3.0112387e-04   6.9425043e-04
  -8.9712953e-03   1.0643216e-02   3.4834889e-04  -8.5250756e-04  -2.7584494e-04   6.5882007e-04
  -8.1795226e-03   8.4084485e-03  -4.4704364e-03  -8.0829270e-04  -1.7006182e-04   6.1948461e-04
  -1.0258262e-02   5.8505197e-03  -8.6188068e-03  -7.5649941e-04  -1.4739763e-04   6.1663607e-04
  -1.0910000e-02   1.4116568e-02  -1.6091078e-02  -6.7965894e-04  -3.6445846e-05   5.7217861e-04
  -1.0569502e-02   2.2602167e-02  -1.7792608e-02  -5.9810436e-04   5.6395680e-05   7.3004308e-04
  -1.4787770e-02   2.6347853e-02  -6.4031219e-03  -7.2293213e-04  -3.0677076e-05   6.3541482e-04
  -1.7525391e-02   3.4819912e-02  -5.8371354e-03  -5.3013706e-04   2.1143779e-06   4.8756579e-04
  -1.5503227e-02   3.1180036e-02  -1.1016288e-02  -5.7728298e-04   1.7972103e-05   6.3455395e-04
  -1.8191581e-02   3.2361569e-02  -1.3671040e-02  -7.5748986e-04   6.1381186e-05   4.7547053e-04
  -1.4884009e-02   1.1162489e-02  -6.9431954e-03  -7.0583167e-04   1.2129248e-04   5.4617433e-04
  -1.4168673e-02   1.7541203e-02  -8.5344986e-03  -8.0371013e-04   1.7386181e-04   5.1979998e-04
  -1.7846497e-02   1.7299282e-02  -8.6091715e-03  -9.4827091e-04   3.0772387e-04   3.9333677e-04
  -3.5398072e-02   2.1053784e-03   3.2316797e-03  -1.4450527e-03   8.1972283e-04  -2.9616408e-04
  -1.0052976e-02   3.1304687e-02  -6.7346235e-03   3.2971602e-04   1.2301445e-04   3.5403926e-04
   6.2827700e-03  -2.1752437e-02  -1.4586915e-02  -1.0986255e-03  -1.7006845e-04  -2.2503126e-04
  -1.5613406e-02   2.5712734e-02  -1.5928179e-02  -5.9184871e-04  -2.5410838e-04   5.6261024e-04
  -1.7210689e-02   3.2986576e-02  -1.3960037e-02  -6.2474429e-04  -1.8832416e-04   6.0000644e-04
  -1.3999200e-02   2.2675863e-02  -1.7594554e-02  -4.7023344e-04   1.4637488e-04   6.4208601e-04
  -1.3818055e-02   1.7116597e-02  -1.4050684e-02  -6.7349489e-04  -6.3565806e-05   5.3062556e-04
  -1.3357532e-02   6.8032649e-03  -1.9074156e-02  -8.2622205e-04  -7.4894265e-05   5.7153248e-04
  -1.2528056e-02   1.7955247e-02  -1.6373863e-02  -5.9912676e-04   4.1007657e-05   5.7853142e-04
  -2.4313703e-02   1.4625702e-02  -6.7535942e-03  -7.0266555e-04  -1.2674090e-04   3.3504678e-04
  -2.5264934e-02   2.4241888e-02  -1.0193313e-02  -7.7283784e-04  -3.4202452e-06   4.7052456e-04
  -3.7445811e-02   2.9587478e-02  -8.0638730e-03  -1.0328936e-03   6.1505296e-04   8.6352656e-06
  -3.4101131e-02   1.6890969e-02   1.4032321e-03  -1.1327503e-03   7.0458517e-04  -1.1143049e-04
  -3.2646444e-02   1.3402823e-02   1.6303914e-02  -1.4278371e-03   4.4903922e-04  -2.4696466e-04
  -2.8384125e-02   8.3178153e-03   1.1080100e-02  -1.4103253e-03   6.1885001e-04  -1.1334446e-04
  -3.5672728e-02   5.4033781e-03   6.2822297e-03  -1.4962683e-03   7.6618480e-04  -3.3426362e-04
  -2.9415594e-02   8.4750807e-03   6.2657914e-03  -1.4269736e-03   6.7808270e-04  -2.3041110e-04
  -4.2188037e-02   5.5018277e-03   1.9129135e-02  -1.7886722e-03   1.1870249e-03  -6.1929208e-04
  -3.4892996e-02   7.6549650e-04   6.8062987e-03  -1.6866126e-03   1.0562904e-03  -4.9943620e-04
  -3.1067277e-02   9.0686679e-03   8.1847568e-03  -1.7619870e-03   1.0802704e-03  -4.0812663e-04
  -3.9262266e-02   3.1827727e-03   1.8890213e-02  -1.7966734e-03   1.0817510e-03  -6.2634065e-04
  -4.4975394e-02   1.2749475e-02   1.6715511e-02  -1.7567405e-03   1.1026754e-03  -7.2585061e-04
  -4.2479969e-02   1.5254806e-02   6.5804406e-03  -1.7709211e-03   1.0252232e-03  -6.3940869e-04
  -4.4672995e-02   2.0180444e-02   1.0888283e-02  -1.8239705e-03   1.0823932e-03  -5.6422086e-04
  -4.0954554e-02   3.8002113e-03   5.3519102e-03  -1.7131623e-03   1.0074432e-03  -5.2418539e-04
  -4.1859932e-02   5.6048282e-04   1.1745973e-02  -1.7460662e-03   9.4125478e-04  -4.7893877e-04
  -4.4984536e-02  -1.8259868e-04   1.5922413e-02  -1.7485482e-03   1.0670151e-03  -4.9295565e-04
  -4.2771551e-02  -1.7287159e-04   9.5968596e-03  -1.8077962e-03   9.8137382e-04  -6.2732400e-04
  -4.3653806e-02  -2.6330679e-03   1.6836101e-02  -1.8108348e-03   8.0924826e-04  -6.0123116e-04
  -4.4277680e-02  -4.8547561e-06   1.8730094e-02  -1.8472258e-03   8.6667564e-04  -5.9376138e-04
  -3.9104149e-02   1.5095741e-03   1.2527535e-02  -1.9476107e-03   7.4535908e-04  -4.5143105e-04
  -4.0463328e-02   2.8259646e-03   1.2473249e-02  -1.9052946e-03   9.4171143e-04  -5.9423815e-04
  -4.1536640e-02   7.6105034e-03   1.3674825e-02  -1.9243605e-03   9.6240633e-04  -5.2087736e-04
  -4.4617237e-02   2.0861824e-03   8.1685265e-03  -2.0163225e-03   9.4246252e-04  -5.4672314e-04
  -4.1790377e-02  -5.2724940e-03   7.3008284e-03  -1.8290282e-03   9.5449041e-04  -4.9353146e-04
  -4.1834636e-02  -6.5735272e-03   9.4880626e-03  -1.8178160e-03   8.3551122e-04  -4.1178768e-04
  -4.3514290e-02   2.8147413e-03   7.5669569e-03  -1.8289267e-03   9.6384669e-04  -5.1576383e-04
  -4.1748124e-02  -1.4020643e-03  -4.7733100e-03  -1.8551121e-03   1.0436957e-03  -4.3257192e-04
  -4.2471858e-02   7.2700310e-03  -6.1343560e-03  -1.8348158e-03   9.2567922e-04  -4.5606203e-04
  -4.0923450e-02   2.9434429e-03  -1.2817581e-02  -1.5835576e-03   1.1463447e-03  -4.5479280e-04
  -4.1579357e-02  -5.1652873e-04  -6.1732199e-04  -1.7346542e-03   8.8486016e-04  -5.2645646e-04
  -3.9174630e-02   7.3841754e-03  -7.9361712e-03  -1.8652980e-03   1.3338241e-03  -5.5191353e-04
  -3.5549264e-02   1.3385539e-02   7.5054144e-04  -1.9594960e-03   1.2253351e-03  -4.1944670e-04
  -3.6617624e-02  -4.9593911e-04   1.2149463e-02  -1.8721197e-03   9.3757838e-04  -4.4930334e-04
  -3.8057052e-02  -5.9535008e-03   1.2798498e-02  -1.9735671e-03   8.8321767e-04  -4.6937565e-04
  -4.1116983e-02   3.3010250e-03   1.6712719e-02  -2.0195901e-03   1.0529800e-03  -4.7439619e-04
  -3.6713302e-02   1.1758244e-02   8.0074895e-03  -1.8428447e-03   9.2940368e-04  -4.9066941e-04
  -3.5101310e-02   1.3179636e-02   1.4682690e-02  -2.0208889e-03   8.3981002e-04  -4.8486285e-04
  -3.8765814e-02   1.9172870e-02   1.5814632e-02  -2.0609361e-03   1.0316049e-03  -5.1044414e-04
  -3.9155911e-02  -1.1740170e-03   1.3591869e-02  -1.9232985e-03   8.9257477e-04  -5.1389071e-04
  -3.2866635e-02  -1.1389477e-03   2.9776320e-02  -2.1111744e-03   6.8991105e-04  -4.9032723e-04
  -3.5073368e-02   7.9845553e-03   2.3445566e-02  -1.9485893e-03   8.4426066e-04  -5.5495988e-04
  -4.0100730e-02   1.2370380e-02   2.4703292e-03  -1.4609803e-03   1.1283523e-03  -5.2947374e-04
  -4.5533582e-02   2.1702021e-03   8.0337685e-03  -1.9662443e-03   9.4099947e-04  -6.5219764e-04
  -4.5683941e-02   5.1251661e-03   1.8748512e-02  -1.8021277e-03   1.0842467e-03  -6.5864464e-04
  -3.9473568e-02   2.2926997e-03   2.2446791e-02  -2.1057266e-03   8.6256896e-04  -5.9306774e-04
  -3.9643656e-02   7.7113542e-03   1.9029568e-02  -2.1938137e-03   8.7047699e-04  -6.0888932e-04
  -4.0837580e-02   1.2147251e-02   1.6635785e-03  -1.9048292e-03   1.1251301e-03  -5.5636607e-04
  -4.1869238e-02   1.4584367e-02   3.6577433e-03  -1.8899232e-03   1.0782622e-03  -5.2837443e-04
  -4.5116404e-02   2.5543815e-05   2.0449875e-02  -1.9083310e-03   9.0222573e-04  -4.8878771e-04
  -4.6289994e-02   2.4696013e-03   1.7072352e-02  -2.0064227e-03   9.2068240e-04  -5.6435991e-04
  -4.3650001e-02   3.8278064e-03   1.1547459e-02  -1.9533195e-03   9.3041540e-04  -6.3976532e-04
  -4.1348122e-02   1.0651578e-02   1.4443266e-02  -1.9437459e-03   8.4837120e-04  -6.2400548e-04
  -4.3001901e-02   6.9431066e-03   1.8688715e-02  -1.8606195e-03   8.7454204e-04  -5.4433975e-04
  -4.1340891e-02   9.5694164e-03   1.5166983e-02  -2.0586379e-03   9.2092721e-04  -5.4496407e-04
  -4.3102338e-02  -8.7442747e-03   1.3419589e-02  -1.6696206e-03   9.3665511e-04  -6.3148292e-04
  -4.2610166e-02   1.0096595e-02   1.5093214e-02  -1.9839721e-03   1.0352504e-03  -6.0081608e-04
  -4.0883777e-02   1.0689692e-02   1.8002050e-02  -2.1082910e-03   1.0202119e-03  -5.8145397e-04
  -3.4189704e-02  -2.5889369e-03   1.7032059e-02  -2.0312125e-03   9.5018158e-04  -6.1764321e-04
  -3.5159632e-02  -9.1973250e-03   1.7283635e-02  -1.9432800e-03   9.3578173e-04  -5.6649330e-04
  -3.7087957e-02   3.7321035e-03   1.7216722e-02  -1.9239177e-03   8.3871924e-04  -4.9041192e-04
  -4.4114860e-02   1.0304948e-02   5.8520754e-03  -1.9337912e-03   1.0518800e-03  -5.7206865e-04
  -1.9178413e-02   1.5571547e-02  -2.3314773e-02  -2.5696979e-04   1.8747923e-04   4.5014670e-04
  -3.5289319e-02   3.6953239e-04   2.8810092e-03  -1.5984312e-03   5.5639064e-04  -2.5556515e-04
  -4.3747476e-02   1.2260044e-02   4.0674765e-03  -1.8866026e-03   1.1234673e-03  -6.4270692e-04
  -4.6106339e-02   1.6838406e-02   1.5283062e-02  -1.8830855e-03   1.1670716e-03  -6.3673941e-04
  -4.4235464e-02   2.0884040e-03   1.9852784e-02  -1.8655535e-03   1.1639301e-03  -6.5441466e-04
  -4.1152407e-02  -4.7532415e-03   2.1203352e-02  -1.9107675e-03   1.0311855e-03  -6.7099563e-04
  -3.9659717e-02  -2.9946488e-03   1.9500625e-02  -1.8946640e-03   1.0614041e-03  -6.2017165e-04
  -3.9029208e-02   3.4349184e-03   1.8917911e-02  -1.9231709e-03   1.0183232e-03  -6.2791785e-04
  -3.9476018e-02   1.9370625e-03   1.5222302e-02  -1.9469206e-03   9.5182643e-04  -7.1369855e-04
  -1.1904007e-02   2.2600364e-02  -1.9680631e-02   8.5989422e-05  -8.5742514e-05   4.4098479e-04
  -1.5645829e-02   2.3062946e-02  -1.1030552e-02  -1.1569260e-03  -2.7821878e-04   4.0050798e-04
  -4.3407354e-02   9.3057072e-03   8.8119915e-04  -1.6825924e-03   1.1228468e-03  -6.4250957e-04
  -3.7790177e-02  -3.6548413e-03   2.0755799e-02  -1.8681618e-03   1.0852339e-03  -5.4446583e-04
  -3.9922311e-02  -2.0410077e-03   2.3102581e-02  -1.8773088e-03   1.1167106e-03  -6.3403989e-04
  -4.6050315e-02   4.3078907e-03   2.9696505e-02  -1.9531928e-03   1.0222368e-03  -5.9773094e-04
  -4.7009439e-02  -3.9080233e-03   2.7985022e-02  -2.0428037e-03   8.9755385e-04  -7.5174453e-04
  -4.3091990e-02  -1.1617111e-03   2.4797068e-02  -2.1746610e-03   8.3252149e-04  -7.5402636e-04
  -4.0112291e-02   4.3766543e-03   1.6184544e-02  -1.9425006e-03   9.5428781e-04  -6.4767986e-04
  -4.1342798e-02   1.4951449e-02   1.6822157e-02  -1.8082973e-03   9.4672653e-04  -6.5196674e-04
  -4.2605213e-02   8.7148386e-03   9.8478198e-03  -1.9078979e-03   1.0764480e-03  -6.5834583e-04
  -3.7005689e-02   6.2280874e-03   1.0170554e-02  -1.9656070e-03   9.5294537e-04  -5.1181148e-04
  -3.8284508e-02   2.8086300e-03   1.1764468e-02  -1.9855629e-03   8.6021677e-04  -5.4579892e-04
  -3.3628048e-02   1.1301754e-02   1.9069532e-02  -1.9811833e-03   9.7823506e-04  -5.0227203e-04
  -2.9795376e-02   9.5909118e-03   1.4063260e-02  -1.9413149e-03   1.0739953e-03  -3.4624380e-04
  -2.9131961e-02   6.0245858e-04   1.7719707e-02  -1.8996574e-03   1.0156846e-03  -4.8507062e-04
  -2.9685983e-02  -4.5985708e-03   1.0169042e-02  -1.8873859e-03   1.0086533e-03  -5.4258150e-04
  -3.1955136e-02  -1.3563402e-03   2.1968695e-03  -1.9113656e-03   1.0360735e-03  -4.6204030e-04
  -3.4621517e-02  -1.1149428e-02   5.4213380e-03  -1.8831864e-03   9.5712558e-04  -4.7878334e-04
  -5.5475618e-02  -1.0472058e-02   1.7525161e-02   1.9568430e-03   2.0086328e-03  -1.2269042e-03
  -4.6021802e-02   4.4544922e-02  -3.6903335e-02  -2.1549346e-03   4.7838409e-05   1.3842135e-04
   4.6205836e-04  -1.5883500e-02   2.8849089e-04  -3.9697886e-04  -3.1366321e-05  -1.1199713e-04
  -3.2810030e-03  -3.5698069e-02   8.3419137e-03  -5.9156188e-04  -4.1390020e-05  -7.4620224e-05
  -2.0803664e-03  -2.8322928e-02   1.6572192e-02  -5.3461407e-04  -1.8559046e-04   2.6045864e-04
   1.9895144e-03  -4.3570083e-02   2.2450770e-02  -9.2344753e-04   2.9974779e-05  -6.1791319e-05
   1.3529232e-03  -3.3507763e-02   1.9215781e-02  -8.7228032e-04  -1.7522270e-04   2.0867023e-04
  -6.5220766e-03  -2.4348113e-02   7.9966768e-03  -7.1666515e-04  -2.2620589e-04   2.6785025e-04
  -2.3304686e-02   7.0691099e-03  -9.1624457e-03  -8.4886388e-04  -1.2400881e-04   6.1093686e-04
  -4.1408708e-02  -1.7513808e-02   1.1253299e-02  -3.6394096e-03   1.1731871e-03  -6.7216592e-04
  -4.4627108e-02  -9.2769844e-03   3.1983225e-02  -2.0094247e-03   8.9270674e-04  -2.2300975e-04
  -4.8520436e-02  -9.8471514e-03   1.8410806e-02  -1.7952403e-03   8.6216790e-04  -2.5690627e-04
  -4.6179630e-02  -1.0606487e-02   1.4740103e-02  -1.9721270e-03   7.0562931e-04  -4.3996190e-04
  -4.2455969e-02   2.8382131e-02   1.1969858e-03   1.9245561e-03   1.4161382e-03  -3.0368459e-04
  -1.4510402e-02   3.3598999e-02  -9.6479679e-03  -2.3926474e-03   2.7986905e-04   1.3342661e-03
  -3.2326589e-02   2.7655162e-02  -2.9610829e-02  -1.0345730e-03   9.4521146e-05   5.2916198e-04
  -2.6879956e-02   1.7001684e-02  -2.3272330e-02  -7.3442230e-04   2.8333111e-04   9.2030174e-04
  -2.3594379e-02   2.6705059e-02  -2.3867756e-02  -5.5344490e-04   4.3125370e-04   8.8205314e-04
  -2.8072681e-02   3.3834803e-02  -1.6929851e-02  -1.0607967e-03   4.0236636e-04   8.5736222e-04
  -3.7852703e-02   1.7175053e-02  -1.2424741e-02  -1.2774493e-03   7.9240788e-04   4.6597618e-04
  -3.9000412e-02   9.9467087e-03   5.6370260e-03  -1.5677683e-03   7.4746524e-04   2.8343711e-04
  -4.9532384e-02  -2.9713175e-03   1.6172744e-02  -1.7983066e-03   1.1241510e-03  -2.2001595e-04
  -3.9985981e-02   6.6923052e-03   1.2224770e-02  -1.8195285e-03   9.2744568e-04  -8.2935148e-06
  -4.2285146e-02   1.4670177e-02   1.1300337e-02  -1.2995324e-03   9.3009144e-04  -2.6981236e-04
  -1.4717712e-02   3.4122474e-02  -1.5797546e-02  -1.2073345e-03  -7.3651884e-05   7.9086172e-04
  -1.9837783e-02   2.7967380e-02  -3.2525430e-02  -9.1386374e-04   1.9432971e-04   7.3295199e-04
  -3.8928603e-02   1.7285052e-02  -8.7899583e-03  -1.3155122e-03   7.4112895e-04   3.3324416e-04
  -2.9623932e-02  -3.6369294e-04   1.6237671e-02  -1.1216259e-03   1.1348192e-04   6.2076665e-04
  -4.8153313e-02  -2.0406625e-03   3.8194672e-02  -1.9259914e-03   6.2467516e-04  -1.0250654e-04
  -5.0152980e-02   3.5981728e-03   3.6380431e-02  -2.1546953e-03   7.3049223e-04  -2.5790301e-04
  -4.6260782e-02   6.8023201e-05   2.7356072e-02  -2.1839464e-03   8.6195401e-04  -2.1786167e-04
  -4.5986942e-02  -3.0732538e-03   2.5583402e-02  -2.0709929e-03   7.8226896e-04  -2.0108425e-04
  -4.5738349e-02  -3.7406770e-03   1.2453852e-02  -1.9052017e-03   8.3833485e-04  -1.7370491e-04
  -4.5473501e-02  -2.4286837e-03   1.2995210e-02  -2.1658641e-03   7.8341098e-04  -2.1523037e-04
  -4.3114769e-02   2.3022938e-03   5.6613325e-03  -2.0146087e-03   8.8422733e-04  -2.4017597e-04
  -4.6309192e-04  -7.3881904e-02   1.8394900e-02   7.8893173e-04   1.4617199e-04   2.5583187e-04
  -1.3179716e-02   2.2061358e-02  -3.5828092e-02   3.7317618e-04   2.0411071e-04   7.2031975e-04
  -2.7106043e-02   2.1564426e-02  -1.6971674e-02  -9.7115896e-04   3.1380310e-05   6.4685647e-04
  -3.1080240e-02   2.7445402e-02  -2.0864507e-02  -6.3331449e-04   2.9342160e-04   6.5811067e-04
  -3.7537165e-02   1.6468773e-02  -2.9360977e-03  -1.1461580e-03   6.6543255e-04   9.3125968e-05
  -2.6042191e-02   1.6411974e-02  -2.3983628e-03  -9.4833109e-04   2.3832769e-04   3.9478784e-04
  -1.9126172e-02   6.4688493e-03  -1.5537332e-02  -8.8867535e-04   1.8230260e-04   6.2777572e-04
  -1.6469907e-02   1.2975927e-02  -1.3099218e-02  -7.6399433e-04   3.1252594e-05   7.4327143e-04
  -2.9830070e-02   1.7112558e-02  -1.2365256e-02  -1.2363355e-03   3.7455117e-04   4.8643881e-04
  -3.2258798e-02   1.5391905e-02  -1.6984340e-02  -9.7925254e-04   4.1452496e-04   3.9463435e-04
  -3.9945332e-02   2.3084205e-02  -6.5079114e-03  -1.2830480e-03   7.2862448e-04   5.3696222e-07
  -2.9562934e-02   1.8741775e-02  -1.9649508e-03  -1.0660808e-03   4.5338666e-04   2.6633702e-04
  -3.0505835e-02   7.7958046e-03  -1.5182378e-03  -1.3407739e-03   4.4146350e-04   1.9224158e-04
  -2.6523781e-02   4.4280048e-04  -6.9722919e-03  -1.3781277e-03   4.1494613e-04   3.8899182e-04
  -3.2633910e-02   4.2172772e-03  -6.5096896e-03  -1.3049909e-03   7.2082171e-04   2.0614054e-04
  -2.0509557e-02   1.1633022e-02  -2.0522539e-02  -9.7361058e-04   3.2564248e-04   6.2472103e-04
  -2.3338097e-02   3.6015099e-03  -1.5513159e-02  -1.0675063e-03   3.5801011e-04   5.0139308e-04
  -1.8811475e-02   1.0668732e-02  -1.0767914e-02  -1.1215082e-03   2.3323981e-04   5.1991238e-04
  -3.3355616e-02   7.1192137e-03   2.6311485e-03  -1.6175424e-03   7.8776392e-04   1.7654879e-04
  -4.1017921e-02   2.7058108e-03   1.3111361e-02  -1.8533100e-03   8.6567844e-04  -1.6316911e-04
  -4.3449335e-02   9.5109257e-03   1.4502876e-02  -1.9578880e-03   7.6445477e-04  -2.5048636e-04
