   0.0000000e+00   0.0000000e+00   1.4210855e-14  -1.1102230e-16  -5.9546416e-19  -6.6109802e-35
   1.1726951e-03  -8.2180317e-04   4.3068319e-03  -8.9244483e-05   5.7104167e-05  -8.5408263e-05
  -3.0770613e-03   5.6153859e-03   1.0382024e-02  -1.5658821e-04   2.1605639e-04   8.5911323e-05
  -1.4046744e-02  -1.0949850e-02   5.0456755e-02   1.6249675e-03   3.2482969e-04   6.4660361e-04
   5.7141912e-03  -1.3785794e-02   9.9731442e-03   1.4394187e-04   3.8924279e-04  -6.3126802e-04
   2.6446619e-03  -2.1229382e-02   2.4759219e-02   2.6641347e-04   7.4791869e-05  -1.4713484e-04
  -2.1794826e-03  -3.9147680e-02   1.2052700e-02   1.6490936e-03  -9.3205912e-05  -9.5560153e-05
  -5.4406213e-03  -3.9443189e-03   3.6161489e-02   5.1726366e-05   4.7268100e-04   3.0247411e-04
  -1.1241237e-02  -7.6914123e-03   2.2456355e-02   3.6822438e-04   4.2366350e-04   1.9194517e-05
  -7.6533247e-03  -2.2302895e-03   4.9990152e-02   2.0458769e-04   2.8121028e-04  -1.8522688e-05
  -9.3470010e-03  -1.0116635e-02   5.8381561e-02   3.1859120e-04   4.4153371e-04   8.5351997e-05
  -4.4627549e-03   3.8135874e-03   5.2142068e-02   1.0411117e-04   2.6500916e-04   1.9472588e-04
  -4.8016332e-03  -1.2075067e-03   4.1414425e-02   1.6574091e-04   9.4085136e-05   1.2592230e-04
  -4.5261918e-03  -2.0088228e-03   4.0240104e-02   1.7934415e-05   2.0825993e-04   6.6128789e-05
  -3.9095540e-03  -2.0658458e-03   2.8292994e-02   6.4909250e-05   2.9388504e-04   2.0173551e-04
  -1.3839525e-03  -4.5617530e-03   2.3939162e-02   5.0656387e-05   2.1068330e-04   1.7471298e-04
  -8.0972015e-03   4.5432474e-03   8.2029567e-03   7.0592997e-05   3.0270705e-04   2.3565528e-04
  -8.1451901e-03   2.3829726e-03   3.1927929e-03   1.1207749e-04   3.1711487e-04   8.4952327e-05
   5.4810602e-04   1.4410358e-03   8.8716062e-03   2.1511274e-04   1.6584753e-04   1.4097063e-04
  -5.4730324e-03   8.3215622e-04   8.0757510e-03   2.7525415e-04   3.5879669e-04   2.0522638e-04
  -1.3767502e-03   4.7161519e-03   8.0080695e-03   1.4966001e-04   2.3049327e-04   1.4547026e-04
   7.0351457e-04   1.2696447e-02   1.6942721e-03  -7.2142819e-05   1.2008757e-04   3.3192376e-05
  -2.3677022e-03   1.4554571e-02  -2.7860405e-03   5.0290991e-05   1.9856805e-04   1.2246944e-04
  -3.9978772e-03   1.2107351e-02   6.6950634e-03   4.5018806e-05   1.5693692e-04   1.1911598e-04
  -4.4085021e-04   8.8809601e-03   1.0951065e-02   2.4413086e-04   1.4711083e-04   7.9748664e-05
  -1.3606249e-03   8.0602460e-03   1.6355945e-02   2.7222395e-04   2.1278449e-04   1.1369713e-04
  -3.5122623e-03  -1.8750229e-02   4.3976436e-02   4.9556260e-04   2.5008536e-05  -1.2531895e-04
  -9.0197067e-03  -1.0448286e-02   2.2186075e-02  -1.4707897e-04   1.0967978e-04   5.7819613e-05
  -8.0501710e-03   2.8955176e-04   1.5740336e-02  -1.8166701e-05   2.7607993e-04   1.3517693e-04
   2.0222016e-03  -2.0379799e-03   2.7776977e-02   1.0159035e-04   6.3848509e-05   5.7293100e-06
  -8.7969185e-03  -2.8157626e-02  -9.7938761e-03   3.6537968e-04   2.1828034e-04  -5.2542691e-04
  -2.5509329e-02  -4.8489731e-02  -2.2334648e-02   1.0471112e-03  -9.0781409e-05   5.1962097e-05
  -6.7393283e-03  -5.2606531e-02   7.5228493e-03  -9.9984184e-04  -3.6648215e-04  -1.0188102e-03
  -6.7586858e-03  -3.1371301e-02   1.2961960e-02  -1.6791665e-05  -3.0449813e-05  -6.4668596e-04
  -7.6004105e-03  -2.9189497e-02   4.5556735e-02  -1.3999643e-05   1.2288718e-05  -3.7657921e-04
  -2.4995714e-03  -3.2477347e-02   1.0096691e-01   1.5458168e-04  -1.8632504e-04  -2.6576753e-04
  -2.1202298e-03  -4.6370826e-02   1.1121445e-01  -1.7591231e-04  -2.2392477e-04  -2.3266256e-04
  -5.4341412e-03  -4.9323886e-02   1.0491350e-01  -2.2046859e-04  -1.4599782e-04  -3.9112295e-04
  -2.7529670e-03  -4.3686621e-02   8.4186947e-02  -1.2862771e-04  -1.1275758e-04  -3.7377368e-04
   2.1946106e-03  -4.3130387e-02   5.5070288e-02  -2.8943966e-04  -1.2650991e-04  -4.6171533e-04
   4.0453592e-03  -4.3753283e-02   4.2441048e-02  -2.2291177e-04  -1.7812309e-04  -4.7070880e-04
   4.6539559e-03  -3.9553524e-02   2.6312410e-02  -9.6831547e-05  -1.3203326e-04  -3.2024475e-04
   4.0062642e-03  -3.9356041e-02   2.4943757e-02  -8.3076022e-05  -5.8016475e-05  -3.3452269e-04
   6.6794579e-03  -3.5927955e-02   6.8701992e-03  -2.3734090e-04  -1.2968192e-04  -3.5417649e-04
   5.4855730e-03  -2.8958183e-02  -7.8565105e-03  -1.9765516e-04  -1.3745625e-04  -4.1544992e-04
  -7.9819842e-03  -5.3907131e-02   5.2989577e-02   1.3704644e-03  -2.1771831e-04  -4.8293163e-04
  -4.8554107e-03  -4.4135346e-02   6.5943671e-03   3.0205467e-04  -4.7565899e-05  -5.4350330e-04
  -3.5220431e-03  -2.1780824e-02   7.3826537e-04   1.5503894e-04  -2.6327098e-04  -3.6027961e-04
   1.2276138e-03  -2.1747051e-02   3.4796162e-04   3.1548728e-04  -2.8982738e-04  -5.0187066e-04
   4.6141274e-04  -2.7156979e-02   7.4234013e-03   3.0892972e-04  -2.2626315e-04  -3.6226595e-04
   7.5043160e-03  -2.4604125e-02   1.3595726e-02   2.4739043e-04  -4.8348544e-04  -4.6720063e-04
   7.8145698e-03  -3.0811201e-02   1.5661335e-02   3.0431797e-04  -4.4854280e-04  -5.4860120e-04
   5.3646695e-03  -3.1434238e-02   1.6271493e-02   7.2375613e-05  -3.4867967e-04  -4.8372648e-04
   3.0103178e-03  -3.5263096e-02   1.9004850e-02   2.6774968e-04  -3.1138206e-04  -3.9257718e-04
   3.2694690e-03  -2.7486168e-02   4.6049035e-03   2.9436278e-04  -2.4748391e-04  -3.7169230e-04
   6.6644906e-03  -2.9459297e-02   1.1222464e-02   2.9408766e-04  -2.8607998e-04  -4.4490196e-04
   1.8887271e-03  -2.1610787e-02   4.5929276e-03   9.3616212e-05  -3.3184317e-05  -2.7034200e-04
   7.1742889e-03  -1.2630323e-02  -3.7169660e-03  -4.2791328e-05  -2.9599270e-04  -2.5261631e-04
   3.3080637e-03  -1.4575461e-02  -7.2040532e-03   5.1021120e-05  -2.5438779e-04  -4.0387848e-04
   4.0370623e-03  -9.4835037e-03  -5.1825493e-03   1.0158123e-04  -2.2417103e-04  -4.4354653e-04
   3.4271155e-03  -1.2542684e-02  -1.6890997e-03   2.2012647e-04  -2.2963769e-04  -4.2400240e-04
   4.0660753e-03  -1.4121625e-02   1.3399194e-02   3.1127121e-04  -2.6285731e-04  -3.6574481e-04
  -1.1549803e-03  -1.6144970e-02   9.5299033e-03   2.5528907e-04  -2.9933375e-04  -3.1854013e-04
   3.9639341e-04  -1.2898196e-02   1.2752076e-02   2.7611678e-04  -3.8706611e-04  -4.0809050e-04
  -1.8516945e-03  -8.9959189e-03   4.1791895e-03   2.0127863e-04  -2.7725735e-04  -2.4760283e-04
   6.0827380e-03   4.8226320e-04  -1.2956057e-03   1.0884663e-04  -3.3122632e-04  -2.1874141e-04
   4.8639308e-03  -3.9398852e-03   2.4691808e-03   6.4389348e-05  -1.7562179e-04  -2.7843953e-04
   6.4226550e-03  -1.0791882e-02   1.6387542e-02   1.3163501e-04  -2.8115273e-04  -2.9004897e-04
   3.9857450e-03  -1.4991372e-02   1.5565328e-02   2.6006811e-04  -3.0237645e-04  -2.1470002e-04
   1.9179636e-03  -9.8459027e-03   7.2856046e-03   1.2343298e-04  -2.1742512e-04  -2.5410096e-04
   1.3864956e-03  -9.3598259e-03   2.7662574e-04   1.0712670e-04  -1.0407965e-04  -3.0442878e-04
   4.9847984e-04  -1.0644375e-02   5.2569833e-03   2.5277807e-04  -2.7186266e-04  -3.7449197e-04
   9.9279023e-04  -8.0162319e-03   9.9807970e-03   2.6440935e-04  -1.9280047e-04  -3.7081662e-04
   2.3558146e-03  -1.1029641e-02   1.0388449e-02   2.6338880e-04  -3.2214912e-04  -3.5051311e-04
   1.8041554e-03  -9.8993371e-03   5.9748034e-03   2.2915510e-04  -2.6198667e-04  -2.7292691e-04
   9.3702693e-04  -1.0091802e-02   1.0447021e-02   1.3339493e-04  -3.2869555e-04  -3.5944800e-04
   1.6805137e-03  -1.9533923e-02   4.6430694e-03   1.6314928e-04  -5.2739758e-04  -2.8696856e-04
  -2.3737708e-04  -1.0209109e-02   3.7202371e-03   1.7545994e-04  -1.9917463e-04  -3.6966792e-04
  -1.7909091e-03  -1.1097555e-03  -4.7461673e-03   1.5467981e-04  -2.5078805e-04  -4.5465948e-04
   2.3736467e-03  -7.4833127e-03   3.8439848e-03   1.3364022e-04  -4.1842258e-04  -4.3790051e-04
   6.8090442e-03  -1.0722228e-02   5.1639300e-03   9.7183216e-05  -4.3288107e-04  -4.1916439e-04
   4.1738144e-03  -1.0182752e-02   1.7490675e-03   2.5337024e-04  -3.7080238e-04  -3.0679482e-04
   7.3223846e-03  -2.1160639e-03   7.8344172e-03   2.7110225e-04  -4.7653760e-04  -3.7344310e-04
  -1.1033423e-03  -8.2491181e-03   1.3066177e-03   3.7022169e-04  -4.0723016e-04  -4.1264420e-04
   2.1169551e-03  -1.3276175e-02   1.7920397e-03  -3.9155087e-04  -4.3933289e-04  -4.0483426e-04
  -2.4168471e-02   2.6600805e-02   3.2899316e-02   1.0791340e-03   4.8144114e-04   2.6364902e-05
  -4.3273589e-02  -9.7612345e-02  -4.0786483e-02  -8.6349137e-04  -1.3856138e-03   1.6271925e-04
  -2.1448174e-02  -1.5744201e-01   5.3080249e-03   5.2824394e-03   1.2973755e-03  -3.8180529e-04
   7.2968284e-03  -5.4096697e-03   3.8818765e-02   5.4795235e-04  -4.2393251e-04  -8.3766280e-04
  -1.7427748e-03  -2.4650119e-03   4.8859757e-02  -2.2733982e-04  -3.8871818e-04  -5.3314051e-04
  -3.9276943e-03  -1.3537732e-02   6.7428574e-02  -3.7178684e-04  -1.2004987e-04  -5.1335029e-04
   1.9467379e-03  -1.1683395e-02   5.3486013e-02  -6.1272435e-04  -1.1721459e-04  -5.5476909e-04
  -1.4118362e-02  -1.7529347e-01  -9.1595811e-02  -4.8362862e-03  -9.2106157e-04  -8.0106224e-04
  -2.2924272e-02  -7.5290142e-02  -1.5790813e-02   3.8126980e-04   1.8531583e-03  -1.1544101e-03
  -1.7938223e-02  -4.9285253e-02  -6.1934033e-02  -8.8045628e-04   3.6329373e-04  -1.0595338e-03
  -1.4636456e-02  -6.5728085e-02  -5.8150647e-02   1.8425955e-04  -3.0567473e-04  -5.5186866e-04
  -9.7446010e-03  -1.7651978e-02   7.3776158e-03   4.3618915e-04   1.7894636e-04  -7.3332580e-04
  -1.8389361e-02  -1.7556370e-02   4.2392928e-02   6.2130638e-04   9.5527556e-05  -5.7217218e-04
  -1.1341584e-02  -1.7193063e-02   8.9432084e-02   1.3771234e-04  -1.9502350e-04  -6.1809533e-04
  -1.3641936e-02  -2.1082568e-02   1.0696604e-01  -2.7228942e-04  -9.6371014e-05  -5.5395380e-04
  -1.5062499e-02  -2.9528075e-02   1.0515919e-01  -3.9290377e-04  -9.4680434e-05  -3.6769275e-04
  -8.9096487e-03  -2.8827576e-02   8.7701137e-02  -5.1779768e-04  -2.0010780e-04  -4.5971128e-04
  -9.1326721e-03  -3.2227093e-02   6.9899160e-02  -2.5382584e-04  -5.2244106e-05  -5.1777117e-04
  -2.6198634e-03  -3.8473625e-02   5.5277309e-02   2.8860527e-04  -1.0289929e-05  -6.9114379e-04
  -2.0490557e-02  -4.8493888e-02  -5.7893061e-03   1.4606521e-04  -3.5258571e-04  -7.3276712e-04
  -1.3079811e-02  -2.7926989e-02  -1.4450475e-02   1.0346304e-04  -5.1384110e-04  -5.5197714e-04
  -1.6353200e-02  -8.2561129e-03  -1.3982750e-02  -3.6744068e-04  -2.2488149e-04  -4.8014875e-04
  -1.8293979e-02  -1.8150672e-02   3.8617746e-03  -2.9357818e-05  -1.8412565e-04  -5.4125354e-04
  -1.3050076e-02  -1.2110179e-02   9.6600406e-03  -3.1491039e-04  -1.5931467e-04  -6.0625402e-04
  -2.0840586e-02  -1.3851817e-02   1.3171693e-02  -2.1042576e-04   1.0174832e-05  -6.7924263e-04
  -1.4369919e-02  -7.7754757e-03   3.3495072e-03  -3.9031215e-04  -1.9522471e-04  -6.3223788e-04
  -1.4042251e-02  -8.9037921e-03  -1.9684450e-03  -2.8758150e-04  -2.5821739e-04  -5.6752042e-04
  -1.5157906e-02  -2.6337669e-03   2.6473274e-03  -4.0036506e-04  -2.7987942e-04  -6.6371773e-04
  -1.5888606e-02  -9.0975535e-03  -1.3773739e-03  -4.8347752e-04  -4.0067871e-04  -6.8454249e-04
  -1.6177389e-02  -4.9550553e-03  -4.0851241e-03  -5.7169848e-04  -3.4291443e-04  -6.0458879e-04
  -1.7729474e-02  -3.0954748e-03  -1.7591422e-02  -4.8893779e-04  -2.8776867e-04  -5.5238637e-04
  -1.9125254e-02   5.0758460e-03  -2.9941018e-02  -5.9071109e-04  -1.3089719e-04  -6.4873106e-04
  -1.8497158e-02  -4.5522396e-03  -2.3448786e-02  -2.9902388e-04  -2.2995106e-04  -5.3518052e-04
  -1.3691987e-02  -2.1966901e-03  -1.5638757e-02  -4.2488729e-04  -2.6805161e-04  -5.9575278e-04
  -1.4707926e-02  -5.7583021e-03  -2.9727564e-02  -6.5198138e-05  -3.2894432e-04  -5.1815705e-04
  -3.2199865e-02  -5.5762017e-02  -7.7212001e-02   6.6302592e-04  -5.5939368e-04  -9.6573788e-04
  -2.4210109e-02  -2.6016636e-02   1.9492022e-02   7.8687392e-04  -9.5683398e-05  -6.6753059e-04
  -1.6990675e-02   4.5381894e-03   4.3632847e-03   1.6500441e-04  -5.1563544e-04  -9.8208814e-04
  -1.7446900e-02  -1.4131212e-02   2.8034787e-02   8.3159841e-05  -3.3474800e-04  -9.4381652e-04
  -1.0094736e-02  -1.6843902e-02   2.9554462e-02   2.9627621e-04  -4.9598240e-04  -8.6101615e-04
  -1.0436967e-02  -1.4083606e-02   3.3824133e-02   4.1690270e-05  -3.9320390e-04  -8.4588917e-04
  -1.3404066e-02  -2.3699871e-02   3.4505027e-02   2.1880744e-04  -3.1477578e-04  -8.9254079e-04
  -1.4455609e-02  -3.1961914e-02   3.0985609e-02   1.9394630e-04  -5.6533141e-04  -7.7703551e-04
  -1.2776580e-02  -2.7849675e-02   2.7786449e-02   3.3725592e-05  -4.1340492e-04  -8.2056747e-04
  -7.1931235e-03  -2.4744533e-02   8.6589605e-03  -2.3003843e-04  -7.1038547e-04  -8.0944286e-04
  -1.3365466e-02  -2.0992257e-02   8.3979899e-04  -2.8150660e-04  -4.9840202e-04  -8.7101103e-04
  -1.4697270e-02  -1.4152236e-02  -1.1083250e-02  -2.9106367e-04  -4.3287427e-04  -7.6010755e-04
  -1.3459291e-02  -2.1107707e-02  -1.6241471e-02  -9.8621521e-05  -5.4972357e-04  -7.7981880e-04
  -1.5515852e-02  -1.9658165e-02  -1.4797993e-02  -9.3922503e-05  -5.2080842e-04  -9.4741699e-04
  -2.3058466e-02  -1.5261012e-02  -6.7532106e-03  -1.1956560e-04  -4.2109789e-04  -9.4762088e-04
  -1.5013592e-02  -1.1290867e-02  -1.6094054e-02  -3.6020576e-05  -5.2031211e-04  -9.3975419e-04
  -1.4467666e-02  -1.7293049e-02  -1.0104236e-02  -2.0316781e-05  -5.3348665e-04  -7.5746562e-04
  -1.4872331e-02  -1.3098299e-02  -5.8569907e-03  -6.4950695e-05  -5.4411576e-04  -7.3203821e-04
  -1.5051183e-02  -1.4381301e-02   2.4086576e-03   1.4863124e-04  -5.6763071e-04  -7.4176010e-04
  -1.7636510e-02  -1.7214348e-02   1.1657100e-02   8.3560115e-05  -5.0170791e-04  -7.8365766e-04
  -2.1448323e-02  -1.5379956e-02   2.4430739e-02   1.0100724e-04  -5.6336708e-04  -8.1885566e-04
  -1.9621506e-02  -1.6053500e-02   2.1091041e-02   4.1267154e-05  -5.3799058e-04  -8.1015381e-04
  -2.0346863e-02  -1.8473966e-02   2.8242729e-02   2.0570778e-05  -5.0472185e-04  -8.5986583e-04
  -1.8666916e-02  -2.1070582e-02   2.5359793e-02   8.0041175e-06  -6.0073714e-04  -8.1704331e-04
  -1.6547585e-02  -1.7453653e-02   2.5612877e-02   1.8966627e-05  -7.3013621e-04  -8.1397922e-04
  -2.2194223e-02  -1.7178861e-02   1.6975016e-02   9.1824791e-05  -3.8696131e-04  -8.9884637e-04
  -1.5033744e-02  -1.1944109e-02   9.7982289e-03  -1.3335068e-04  -6.4870710e-04  -8.5507896e-04
  -1.9088957e-02  -1.9132951e-02   1.7774687e-02  -1.5083052e-04  -5.3794277e-04  -8.1174378e-04
  -1.5480003e-02  -1.7136030e-02   6.8525461e-03  -2.3789722e-04  -7.1292671e-04  -7.8333638e-04
  -1.6454994e-02  -1.8292384e-02   1.5439628e-03  -5.0911752e-05  -6.1419308e-04  -8.6537708e-04
  -2.0149516e-02  -1.2859406e-02   7.4625017e-03  -1.2184292e-04  -5.3091811e-04  -7.3306048e-04
  -1.8897882e-02  -2.4706820e-02  -3.1448445e-02  -6.0619380e-04  -7.9990372e-04  -9.7523797e-04
  -1.5997399e-02  -2.2229208e-02  -2.9302351e-03  -8.9748238e-05  -4.3268038e-04  -8.8734776e-04
  -1.2641224e-02  -2.6495611e-02  -1.6969945e-02  -1.5566074e-04  -5.4385528e-04  -6.9405804e-04
  -1.5113586e-02  -1.5186152e-02  -6.9508249e-03   1.6978650e-04  -4.9533121e-04  -7.4476854e-04
  -8.8216494e-03  -2.5045058e-02   5.0714841e-03  -2.1435607e-04  -5.6809887e-04  -7.3569643e-04
  -1.5108044e-02  -2.0491358e-02   1.6391902e-02  -5.1540893e-05  -3.9567451e-04  -6.7281427e-04
  -1.4497184e-02  -1.3757015e-02   9.1230135e-03  -9.6188332e-05  -3.9694121e-04  -6.9043132e-04
  -1.2825853e-02  -1.1194423e-02   3.0037822e-03  -1.3703409e-04  -5.0002886e-04  -7.2759167e-04
  -1.3785118e-02  -1.0581704e-02   1.2645961e-02  -1.5404318e-04  -3.8438073e-04  -6.6400469e-04
  -1.2554391e-02  -1.0917951e-02   5.8050546e-03  -2.4035568e-04  -4.6226223e-04  -6.2705685e-04
  -1.5038644e-02  -1.2282676e-02   3.9693810e-05  -4.2715218e-04  -5.0316069e-04  -7.6146970e-04
  -1.7207015e-02  -1.1275161e-02   6.8837803e-03  -2.2459378e-04  -5.0237390e-04  -8.0103078e-04
  -1.7518285e-02  -2.7591891e-03   1.9588238e-03  -1.8900585e-04  -4.4799746e-04  -6.8392889e-04
  -1.5563324e-02  -6.9343172e-03  -3.4877820e-03  -3.2826679e-04  -4.7829281e-04  -7.8324350e-04
  -1.4489209e-02  -5.5807252e-03  -4.6803310e-03  -2.8923449e-04  -5.7816186e-04  -7.6091820e-04
  -1.4981005e-02  -8.9327212e-03  -4.2087483e-03  -4.1176398e-04  -5.2277370e-04  -6.6235445e-04
  -1.1835549e-02  -1.2744672e-02  -6.3610302e-03  -2.9092325e-04  -4.6747684e-04  -7.0964872e-04
  -1.4675259e-02  -1.6834742e-02  -6.9285718e-03  -1.6456550e-04  -4.4883350e-04  -7.5667451e-04
  -1.2884465e-02  -1.3109456e-02  -4.5192262e-03  -2.8013178e-04  -5.0326235e-04  -7.1429437e-04
  -1.9003368e-02  -1.4555354e-02  -4.4004870e-03  -1.8090766e-04  -4.8192859e-04  -6.7767027e-04
  -1.7670550e-02  -1.1493151e-02   1.6063653e-02  -3.2763208e-04  -5.5260112e-04  -7.0340777e-04
  -1.8055663e-02  -1.0317019e-02   1.3978932e-02  -3.0881929e-04  -5.9080998e-04  -5.9560025e-04
  -1.6307228e-02  -8.5480306e-03   2.9857539e-03  -3.7461161e-04  -5.3403247e-04  -7.1291947e-04
  -1.6272668e-02  -1.2907045e-02   1.1664645e-02  -2.4753709e-04  -4.7689985e-04  -6.7092736e-04
  -1.4297599e-02  -1.0297211e-02   1.0604006e-02  -4.8071505e-04  -6.3078599e-04  -5.9980519e-04
  -3.4625372e-02   4.2659932e-04   9.0983765e-02   2.4317063e-03   1.4969507e-03  -6.7367582e-05
  -6.1309779e-03   9.2658678e-02  -1.5293962e-01  -1.7283582e-02  -4.2505712e-03   1.8385757e-03
  -3.5593127e-02  -4.3108289e-02  -5.3547498e-02  -2.7900438e-04   4.9389807e-04  -1.0803620e-03
  -2.9089213e-02  -2.2502074e-02  -2.3885593e-02  -5.2616033e-04  -4.7764296e-04  -1.0599978e-03
  -4.3149092e-02  -2.6328316e-02   1.7776742e-02  -5.4476609e-04   1.3975283e-04  -1.1523612e-03
  -4.8325606e-02  -2.2251233e-02   6.1590667e-02   4.6348702e-04   3.5699574e-04  -7.8220488e-04
  -4.6855039e-02  -1.6847629e-02   8.6105191e-02   1.9192830e-03  -3.7448240e-04   4.1938430e-04
   1.4878051e-03  -1.8779296e-01   5.2537601e-02  -1.9335929e-04  -3.2380870e-03  -5.8534767e-04
  -1.1220705e-02  -7.1407800e-02   4.3184453e-02  -5.3452682e-05  -6.3669261e-04  -1.1465532e-03
  -2.2959698e-02  -6.2903089e-02   6.1219179e-02  -6.4657628e-05  -3.6760341e-04  -9.9735657e-04
  -1.4530388e-02  -5.6024871e-02   7.8895640e-02  -3.3769817e-04  -3.0713879e-04  -8.9075492e-04
  -1.6138601e-02  -5.9464255e-02   1.0924943e-01  -4.1658714e-04  -3.5242257e-04  -8.6297406e-04
  -2.0582200e-02  -6.9161842e-02   1.1339601e-01  -4.9643189e-04  -4.5764992e-04  -8.5929728e-04
  -1.9826806e-02  -6.6589747e-02   9.1681105e-02  -6.5362873e-04  -4.8661965e-04  -8.9604902e-04
  -2.4119859e-02  -6.5873928e-02   7.2778227e-02  -6.5597400e-04  -3.6943055e-04  -9.4147096e-04
  -1.5539699e-02  -6.1765789e-02   4.8386342e-02  -6.1184484e-04  -6.4255638e-04  -8.8101643e-04
  -1.7090896e-02  -5.5161540e-02   3.8298467e-02  -6.4519680e-04  -5.0466002e-04  -9.4578731e-04
  -1.5776787e-02  -5.4078145e-02   2.2707454e-02  -6.1857933e-04  -5.6607273e-04  -9.2903529e-04
  -1.2275829e-02  -4.7908363e-02  -2.6105291e-03  -7.8677783e-04  -7.8673688e-04  -8.9054621e-04
  -3.4620756e-02  -6.5349798e-02  -4.0637361e-02  -4.3123903e-04  -3.2629923e-04  -9.1681867e-04
  -2.3464749e-02  -2.7262405e-02   2.7382383e-02   5.3031451e-05   1.4919667e-03  -9.5739239e-04
  -1.0317349e-02  -3.6827723e-02   8.8241395e-03   2.0511399e-03  -2.5588835e-04  -1.0617398e-03
  -1.7776695e-02  -6.5584551e-02  -5.1377014e-02  -8.6497074e-04  -6.4926737e-04  -1.1026192e-03
  -2.0363506e-02  -5.1279871e-02  -3.4066206e-02   2.0158747e-05  -7.3888917e-05  -1.2969274e-03
