   0.0000000e+00   0.0000000e+00   0.0000000e+00   0.0000000e+00   0.0000000e+00   0.0000000e+00
  -9.1315057e-05  -1.2242949e-02   6.5781791e-03  -1.1464385e-06   2.2821060e-04  -3.2922213e-06
   1.5035824e-03  -1.4854096e-02   5.8459385e-03  -3.6225137e-05   8.4715662e-05  -6.7921144e-05
  -9.9477464e-04  -1.0470702e-02   5.8996288e-03   7.0472804e-05   8.3166111e-05  -1.8865520e-04
   1.4775668e-04  -2.4403754e-02   6.8823420e-03   9.8021506e-05  -2.4134859e-05   7.1844193e-05
  -8.5585745e-03  -1.3678889e-02   3.3978227e-03  -8.3551886e-05   2.3147830e-04  -2.5754833e-05
  -3.9433254e-03  -1.8828869e-02  -2.3267965e-03  -1.6687375e-05   2.0922149e-04  -4.5340309e-05
  -4.4237923e-03  -2.9031231e-02  -2.4229906e-03   1.0895500e-04   1.4040157e-04   1.6988846e-04
  -6.0941292e-03  -2.2772053e-02  -2.5098394e-03  -2.7261361e-04  -4.5264434e-05   7.5589864e-05
  -6.4762536e-03  -2.9201845e-02   4.4253586e-03  -2.4092893e-04   1.7883040e-04  -1.5004745e-04
  -9.6294396e-03  -3.0489248e-02  -7.0374773e-03  -3.0771274e-04   3.5388312e-05  -1.6422957e-04
  -7.2467816e-03  -1.9756870e-02   4.8459301e-03  -1.9789892e-04   1.0913225e-05  -1.3333833e-04
  -7.3818264e-03  -3.8254963e-02   9.9511075e-04  -2.9674028e-04   2.4406035e-04  -1.3289223e-05
  -6.8177200e-03  -2.2623997e-02  -8.8796494e-03  -4.7140890e-04  -7.1500730e-05  -1.0063153e-04
  -7.5838219e-03  -1.9204881e-02  -3.0642295e-03  -5.1025211e-04  -7.2280467e-05  -8.8908476e-05
  -4.5606017e-03  -2.0167490e-02  -1.1704483e-02  -1.0115556e-04   2.7797952e-04  -7.2544247e-05
  -6.5693026e-03  -4.5609944e-03  -1.1099968e-02  -3.9839862e-04  -5.6563759e-05  -4.0929748e-04
  -1.1386454e-03  -1.6564464e-02  -1.2359919e-03  -1.7295159e-04   1.2558214e-04  -1.0126473e-04
  -3.9401790e-03  -8.7009154e-03  -8.0289690e-03  -4.3278464e-04   7.6870483e-06  -1.9285335e-04
  -3.2185979e-03  -1.9618592e-02  -2.2018612e-03  -6.3073955e-05   1.5273991e-04  -1.8190371e-04
  -5.2692307e-03  -2.2674977e-02  -1.2996116e-02  -3.4317548e-04  -1.8320392e-04  -2.0107569e-04
   1.6096231e-03  -1.8284515e-02  -4.8604316e-03  -2.7963542e-04   2.5218159e-04  -2.5136127e-04
  -3.5750793e-03  -2.1972718e-02  -7.1167959e-03  -4.4835521e-04   6.8156920e-05  -2.1532723e-04
   8.3340548e-04  -1.6495741e-02  -1.4481962e-02  -3.1775482e-04   2.0404740e-04  -2.2522696e-04
  -1.0524543e-03  -2.4306398e-02  -1.1138100e-02  -5.7207167e-04  -1.9910607e-04  -1.1655716e-04
  -1.6870610e-03  -1.9848617e-02   1.8499358e-03  -4.1425107e-04   2.0899004e-04  -2.0601058e-04
  -5.7943740e-04  -3.4748491e-02  -5.6406157e-03  -3.2507767e-04   3.1852041e-04  -2.2146018e-04
  -1.5890612e-03  -2.3492381e-02  -3.1220649e-03  -3.8206447e-04  -1.5247545e-04  -2.6515745e-04
  -3.0147474e-03  -1.7766201e-02  -4.6830380e-03  -7.3631543e-04   1.5197481e-04  -2.9230010e-04
  -2.0490651e-03  -2.9399663e-02  -7.0149365e-03  -4.8744878e-04   8.0010169e-05  -1.2809661e-04
  -3.4297342e-03  -1.1441031e-02  -1.8664364e-02  -6.2765770e-04   1.8191181e-05  -4.6329148e-04
  -2.0651383e-03  -2.0073217e-02  -1.2341077e-02  -4.2942474e-04   1.9027777e-04  -2.7608036e-04
  -4.8827976e-03  -2.8650345e-02  -1.3580048e-02  -6.8694177e-04   1.5727591e-04  -3.8399406e-04
  -6.3380179e-03  -1.7403928e-02  -1.5936162e-02  -7.1201281e-04   3.5001034e-05  -5.5725345e-04
  -4.6731777e-03  -3.0719565e-02  -1.6518824e-02  -6.5763560e-04   3.6741836e-04  -2.6083834e-04
  -5.8358801e-03  -9.3411198e-03  -2.1886880e-02  -8.4062590e-04   7.0044097e-05  -6.1821302e-04
  -7.8366065e-04  -3.4053395e-03  -2.9943192e-02  -7.7436705e-04   1.7950130e-04  -4.9877006e-04
  -4.7543895e-03  -1.6849595e-02  -2.6283032e-02  -8.0132348e-04   3.5059845e-04  -2.4509305e-04
  -4.6030235e-03  -1.2137043e-02  -3.0540511e-02  -9.4837430e-04   1.1824059e-04  -5.3762925e-04
   1.2312948e-03  -1.1886592e-02  -1.2468499e-02  -6.9459963e-04   1.4217735e-04  -4.7598350e-04
  -6.8039998e-03  -3.0734958e-02  -7.2921158e-03  -7.1806933e-04   4.8516632e-04  -5.2179285e-04
  -8.8262993e-03  -2.1344941e-02  -8.6828504e-03  -8.2099409e-04   2.8849658e-04  -6.7968672e-04
  -3.7467665e-03  -1.8580787e-02  -7.0606121e-03  -7.2609223e-04   4.2099925e-04  -6.1884012e-04
  -5.7959788e-03  -2.8522096e-02  -4.6867957e-03  -7.6439857e-04   6.8200936e-04  -5.8923520e-04
  -6.5490278e-03  -2.0438461e-02  -1.3117598e-02  -9.8286962e-04   2.5835900e-04  -7.5445957e-04
  -3.7235763e-03  -2.3022571e-02  -1.3362854e-02  -7.5106750e-04   3.8779140e-04  -7.3597148e-04
  -5.3640950e-03  -2.6281768e-02  -1.2135238e-02  -9.1586934e-04   3.7551613e-04  -4.7557794e-04
  -3.1440198e-03  -2.2406057e-02  -1.5248242e-02  -1.0643788e-03   4.0549745e-04  -5.0955723e-04
  -4.4196629e-03  -2.6814671e-02  -1.9474388e-02  -8.4437768e-04   4.2059424e-04  -5.4166702e-04
  -4.6021423e-03  -9.6285221e-03  -1.9152612e-02  -9.0908987e-04   3.0098904e-04  -7.8863692e-04
  -8.5703375e-03  -5.7036257e-03  -2.5822030e-02  -8.6452858e-04   4.3896586e-04  -5.9968090e-04
  -6.6502434e-03  -2.5155649e-02  -2.3137453e-02  -9.0102972e-04   5.7803359e-04  -5.6069987e-04
  -8.6916259e-03  -1.4204695e-02  -1.5188708e-02  -9.4656811e-04   1.7508203e-04  -6.4510612e-04
  -6.8974725e-03  -1.8515154e-02  -1.3673984e-02  -9.0494922e-04   4.9389162e-04  -5.8511736e-04
  -9.2946218e-03  -1.4032608e-02  -2.7806886e-02  -1.1995035e-03   3.8757598e-04  -6.5973128e-04
  -5.2896991e-03  -1.6270040e-02  -3.6339945e-02  -9.9823543e-04   3.6752016e-04  -5.5417184e-04
  -3.9752340e-03  -2.6016152e-02  -3.0522705e-02  -1.0099741e-03   6.2294203e-04  -4.1084451e-04
  -7.2826590e-05  -2.3806154e-02  -1.9091525e-02  -9.4436433e-04   5.7475717e-04  -5.8562193e-04
   3.6551486e-03  -2.0536913e-02  -3.0440940e-02  -9.6094186e-04   5.1513015e-04  -6.9129086e-04
   4.2194455e-03  -3.9794207e-02  -2.2252774e-02  -1.0377450e-03   7.3820511e-04  -5.9719534e-04
   4.7265207e-03  -2.9874330e-02  -1.9335297e-02  -9.8384627e-04   6.8327630e-04  -8.1139267e-04
   7.7560335e-03  -2.5955931e-02  -2.3570015e-02  -8.9343381e-04   6.6698972e-04  -5.6560525e-04
  -1.2151640e-04  -2.3870316e-02  -3.3222114e-02  -1.0743327e-03   4.5978850e-04  -6.1460883e-04
   1.1295346e-04  -2.8883092e-02  -2.5391394e-02  -7.5590389e-04   6.0542798e-04  -5.0064914e-04
  -2.3853582e-03  -3.7077942e-02  -1.7751880e-02  -9.6636015e-04   7.7326951e-04  -5.9057413e-04
  -2.2778916e-03  -3.0758862e-02  -1.5170295e-02  -9.4588854e-04   7.6367676e-04  -6.3352013e-04
  -3.2853379e-03  -1.9658783e-02  -2.7291947e-02  -9.9721521e-04   4.7070451e-04  -7.0273672e-04
   4.1334758e-04  -2.1828940e-02  -2.6260758e-02  -7.3215838e-04   7.7286846e-04  -5.3048726e-04
   1.9976872e-03  -3.0222344e-02  -1.7224801e-02  -1.0949239e-03   8.6361905e-04  -7.2367953e-04
   1.3244565e-03  -1.7267796e-02  -3.9043157e-02  -1.0292424e-03   7.3423152e-04  -6.1848980e-04
   5.5777801e-04  -2.9724026e-02  -3.3954781e-02  -9.0192352e-04   7.3755750e-04  -5.1236428e-04
  -5.9535930e-03  -2.3579810e-02  -2.1973606e-02  -1.2631146e-03   4.9231967e-04  -7.0256682e-04
  -3.5256345e-03  -1.4388150e-02  -1.4576932e-02  -1.1384300e-03   8.8872849e-04  -9.7468146e-04
  -3.4234341e-03  -2.0981044e-02  -2.4555434e-02  -9.3093359e-04   8.1915351e-04  -8.9267072e-04
   1.4668293e-03  -1.3291423e-02  -3.2180691e-02  -1.2346760e-03   6.9121044e-04  -7.9853119e-04
   2.9257067e-03  -9.3090856e-03  -3.8130704e-02  -1.3453850e-03   8.1720956e-04  -8.1374533e-04
   1.3653304e-04  -2.5415543e-02  -2.4369536e-02  -1.1848408e-03   6.5443512e-04  -6.3175077e-04
   5.4191516e-03  -2.4570168e-02  -2.1492639e-02  -8.5459702e-04   7.2812509e-04  -9.9987022e-04
   1.7823004e-03  -3.1822807e-02  -3.1144959e-02  -9.8302750e-04   7.4998077e-04  -8.2920095e-04
  -1.4150441e-03  -3.1268278e-02  -2.3385283e-02  -9.9054201e-04   5.9377168e-04  -9.1602232e-04
   3.7260537e-03  -4.2872031e-02  -2.3705538e-02  -9.1786786e-04   8.7163776e-04  -9.6492675e-04
   1.9429686e-03  -3.6348486e-02  -2.6723496e-02  -1.0008104e-03   6.2169393e-04  -9.7986277e-04
   1.3257443e-03  -3.0537059e-02  -3.6083810e-02  -1.3885996e-03   8.2870040e-04  -9.6057965e-04
  -1.4829327e-03  -2.7644601e-02  -4.1361201e-02  -1.1609847e-03   7.5249055e-04  -8.3920832e-04
  -4.6842585e-03  -2.7521701e-02  -3.4310087e-02  -1.0721354e-03   8.1500031e-04  -7.6216268e-04
  -5.0364782e-03  -1.4700529e-02  -3.9201465e-02  -1.0606340e-03   5.0295355e-04  -7.9356243e-04
  -7.1804688e-03  -2.2906898e-02  -2.3196972e-02  -8.4991985e-04   7.9915087e-04  -7.8016308e-04
  -1.0244263e-02  -3.2336027e-02  -2.1704743e-02  -8.6645165e-04   1.0297100e-03  -9.4636697e-04
  -6.9081383e-03  -1.4055163e-02  -2.6046072e-02  -1.3182161e-03   6.9107875e-04  -9.4224328e-04
  -7.5145626e-03  -1.3116630e-02  -1.9100446e-02  -9.7495264e-04   7.9039711e-04  -7.4969343e-04
  -9.8277519e-03  -1.8877268e-02  -1.7630284e-02  -1.0085699e-03   1.0021700e-03  -8.1065578e-04
  -4.6621007e-03  -6.3080005e-03  -2.9722397e-02  -1.0689306e-03   5.9299598e-04  -9.6188782e-04
  -2.1213016e-03  -2.7578786e-02  -2.7199456e-02  -9.6936970e-04   7.5448156e-04  -8.9465101e-04
  -4.8695399e-03  -3.0987070e-02  -2.1408958e-02  -1.2523770e-03   6.0739939e-04  -8.5000586e-04
  -8.3880651e-04  -1.3258741e-02  -3.0749961e-02  -1.1559234e-03   6.0680108e-04  -9.6386284e-04
  -3.5970561e-04  -3.4957026e-02  -2.2423464e-02  -1.0410852e-03   7.8272693e-04  -9.3810686e-04
  -1.0765989e-03  -3.5232527e-02  -2.5375765e-02  -1.2261757e-03   6.8106942e-04  -9.8466561e-04
   4.2280193e-03  -3.0622016e-02  -2.0786004e-02  -8.2318230e-04   7.4560295e-04  -8.3723014e-04
  -3.8357612e-03  -2.9709399e-02  -1.5769071e-02  -7.6539242e-04   7.2478069e-04  -7.6594318e-04
  -4.9627903e-03  -2.5869448e-02  -1.0111317e-02  -7.2276755e-04   8.3737160e-04  -6.9904278e-04
  -6.9872698e-03  -1.0532646e-02  -1.1480283e-02  -1.1002451e-03   5.2801335e-04  -9.0048153e-04
  -5.1410509e-03  -1.4087221e-02  -1.4256000e-02  -8.1670095e-04   7.0725811e-04  -9.8632406e-04
  -8.3764229e-03  -2.6537118e-02  -6.6733022e-03  -9.2759357e-04   7.8285108e-04  -8.4106573e-04
  -5.9677269e-03  -1.7434552e-02  -1.1655984e-02  -7.0233710e-04   8.4531944e-04  -7.5319030e-04
  -7.3141948e-03  -1.9264760e-02  -2.4729959e-02  -1.0937758e-03   6.0752393e-04  -8.0170569e-04
  -5.3747588e-03  -1.5079563e-02  -1.5753019e-02  -7.5128481e-04   7.2959637e-04  -6.4948565e-04
  -3.7092215e-03  -4.1231764e-02  -3.7426024e-03  -9.8276274e-04   8.3069255e-04  -7.0261771e-04
  -1.4035911e-03  -1.0934024e-02  -9.1487076e-03  -9.4940733e-04   5.7343717e-04  -1.0404248e-03
  -1.4391633e-03  -1.7188796e-02  -3.9939595e-02  -9.1210916e-04   6.5498243e-04  -9.5240932e-04
  -5.8995887e-03  -2.8366419e-02  -3.7615485e-02  -9.7184820e-04   7.6125522e-04  -5.8066660e-04
  -3.6837186e-03  -3.8840415e-02  -2.1964337e-02  -8.5569725e-04   9.2876333e-04  -6.5140681e-04
  -1.5729831e-03  -2.5187425e-02  -3.4565266e-02  -1.1174406e-03   7.6086000e-04  -8.2603754e-04
   4.4423989e-04  -1.4619928e-02  -2.8997025e-02  -7.8180576e-04   8.6954116e-04  -7.9808219e-04
  -2.3057507e-04  -3.7519565e-02  -2.5272814e-02  -1.1169806e-03   9.8113427e-04  -7.3601620e-04
   5.7746647e-03  -2.4934388e-02  -3.4467339e-02  -1.0713612e-03   4.9743686e-04  -9.0296226e-04
   1.6184868e-03  -2.3469213e-02  -3.0137113e-02  -9.4026413e-04   7.8950015e-04  -6.8743097e-04
  -2.4362115e-03  -3.8378295e-02  -2.4352410e-02  -9.5466190e-04   8.3277544e-04  -6.4704297e-04
   1.3159857e-03  -2.4313420e-02  -3.5065953e-02  -1.1067038e-03   5.1055252e-04  -6.6519832e-04
  -2.3975703e-03  -1.5560618e-02  -3.2443890e-02  -8.1396558e-04   7.9940845e-04  -8.1002664e-04
  -1.5351954e-03  -3.6509370e-02  -3.4096930e-02  -1.0259826e-03   9.2518446e-04  -7.9919276e-04
  -3.9956179e-03  -3.9398693e-02  -1.5926532e-02  -7.2569854e-04   7.2950506e-04  -6.2991007e-04
  -2.6777181e-03  -2.9606762e-02  -1.4512405e-02  -9.2410259e-04   6.9714474e-04  -8.3425748e-04
  -4.8626713e-03  -1.9323283e-02  -2.3666752e-02  -1.0036214e-03   8.2255774e-04  -9.2677446e-04
  -5.4355666e-03  -2.2606526e-02  -2.9369070e-02  -9.2401493e-04   6.7131685e-04  -7.0592352e-04
  -2.9407143e-03  -2.8334233e-02  -3.6224296e-02  -1.3122566e-03   6.1071336e-04  -6.6987286e-04
  -3.0705614e-04  -2.1526014e-02  -3.3433144e-02  -1.0678056e-03   7.5223890e-04  -7.4448902e-04
  -4.0030042e-03  -3.5656470e-02  -3.0289054e-02  -1.0027589e-03   7.8362717e-04  -5.1553651e-04
  -2.4598260e-03  -2.6981998e-02  -3.6928938e-02  -1.2536824e-03   6.5419465e-04  -7.4940751e-04
   1.2653330e-03  -2.4829314e-02  -2.9066765e-02  -1.0496102e-03   6.7704896e-04  -6.7439837e-04
  -3.8581418e-03  -3.6579848e-02  -2.2932179e-02  -1.2288946e-03   7.2413604e-04  -5.8516737e-04
  -2.9623134e-03  -2.9345485e-02  -2.4506994e-02  -1.1768761e-03   6.1466044e-04  -5.8344613e-04
  -3.0669246e-03  -2.8333339e-02  -2.7308260e-02  -8.6306174e-04   5.8417347e-04  -6.1818336e-04
  -6.4832936e-03  -2.8431496e-02  -2.0924787e-02  -1.0480355e-03   6.8111393e-04  -6.8446983e-04
  -8.2630530e-03  -3.0122257e-02  -3.3208828e-02  -1.1336543e-03   8.1393518e-04  -7.1428711e-04
  -6.7032336e-03  -3.5664369e-02  -2.3910711e-02  -1.0176001e-03   7.6701277e-04  -6.8611699e-04
  -6.6341265e-03  -2.6819419e-02  -2.9495129e-02  -1.1243430e-03   4.1944213e-04  -6.0359240e-04
  -6.1667612e-03  -3.1252345e-02  -3.0414392e-02  -1.0048712e-03   6.9877080e-04  -5.9823641e-04
  -3.4618242e-03  -2.1563650e-02  -3.4212928e-02  -1.1021412e-03   6.2583765e-04  -6.2286391e-04
  -4.3782492e-03  -2.0444782e-02  -4.7091499e-02  -1.1086688e-03   8.1752786e-04  -4.5663981e-04
  -3.0179278e-03  -1.8009473e-02  -5.1349219e-02  -1.2848728e-03   6.4359683e-04  -6.1668787e-04
   7.9198665e-04  -3.8289164e-02  -3.3135064e-02  -1.3059467e-03   8.0895931e-04  -6.6263941e-04
   2.1014801e-03  -4.1167790e-02  -3.6854415e-02  -1.3157690e-03   8.4054030e-04  -6.3640267e-04
   1.2544017e-03  -4.2440552e-02  -3.7022629e-02  -1.0296637e-03   8.1662574e-04  -5.2588737e-04
   1.4654284e-03  -1.3340695e-02  -5.3486023e-02  -1.0785376e-03   6.3028534e-04  -7.5257247e-04
   4.9570950e-03  -3.8558249e-02  -5.3380681e-02  -1.1570966e-03   7.3506856e-04  -4.3758529e-04
   1.6748659e-03  -4.5056194e-02  -2.4478779e-02  -1.1405350e-03   6.3830774e-04  -5.4867507e-04
   5.4854759e-03  -2.5891394e-02  -2.1939303e-02  -1.2147111e-03   8.7724347e-04  -8.7259844e-04
   3.7863725e-03  -2.7720155e-02  -5.0885899e-02  -1.1669819e-03   1.0002385e-03  -5.6220382e-04
  -1.6047582e-03  -3.1158680e-02  -4.8413859e-02  -1.1957217e-03   8.4239762e-04  -2.8514841e-04
   1.0406000e-03  -2.6108995e-02  -3.5947345e-02  -1.0731673e-03   6.8762014e-04  -4.9325519e-04
   3.4993140e-03  -1.8877102e-02  -2.8627581e-02  -1.0380554e-03   7.7351331e-04  -5.7873989e-04
   5.2932299e-03  -1.9751233e-02  -3.2012644e-02  -1.0836018e-03   6.9147970e-04  -5.3984018e-04
   3.9927299e-03  -1.7258343e-02  -3.1780856e-02  -1.2652039e-03   9.2596710e-04  -5.2954684e-04
   3.1336712e-03  -2.9353523e-02  -3.2119731e-02  -1.1446702e-03   8.1235997e-04  -4.9369465e-04
   1.7219480e-03  -1.3186699e-02  -3.5132437e-02  -1.3036058e-03   4.9446302e-04  -4.7782709e-04
   3.0500281e-03  -1.5957562e-02  -3.1594368e-02  -1.0584607e-03   7.0957849e-04  -4.8313263e-04
  -3.0958769e-03  -2.2846943e-02  -2.6094445e-02  -1.0951065e-03   7.5575593e-04  -4.4842043e-04
  -1.1409595e-03  -2.7098890e-02  -1.8728532e-02  -1.1092618e-03   7.1438297e-04  -4.3746848e-04
  -2.0030316e-03  -1.4268193e-02  -1.8255030e-02  -1.2004952e-03   7.5130708e-04  -5.1036096e-04
  -7.8007915e-04  -2.5377256e-02  -2.4751374e-02  -1.0660232e-03   7.8545450e-04  -4.9750112e-04
  -6.7664524e-04  -1.4700087e-02  -2.3401531e-02  -1.1852621e-03   5.7114896e-04  -3.9146599e-04
   3.7079865e-05  -1.0714813e-02  -2.5240968e-02  -1.1432427e-03   7.2738338e-04  -3.3885343e-04
  -2.8186290e-03  -1.1934179e-02  -3.5261149e-02  -1.2098053e-03   7.3938667e-04  -2.8874609e-04
  -2.6103259e-03   2.4268260e-03  -3.9098486e-02  -1.4089347e-03   6.5055251e-04  -3.7731918e-04
  -3.8632125e-03  -9.1004596e-03  -3.3867711e-02  -1.2089720e-03   6.5667141e-04  -1.5767071e-04
  -9.1921472e-04  -3.7082119e-03  -2.9124095e-02  -1.4847388e-03   3.7983699e-04  -3.2196713e-04
   2.0048381e-03  -1.4929598e-02  -2.5667983e-02  -1.2787430e-03   6.7946101e-04  -3.6749946e-04
  -3.1110137e-04  -2.8206828e-02  -2.1232688e-02  -1.3854163e-03   5.4880799e-04  -3.5228101e-04
   4.0347080e-03  -2.2130736e-02  -2.2366540e-02  -1.2429222e-03   6.7091319e-04  -1.8921427e-04
   5.4656349e-03  -3.2559766e-02  -3.0171459e-02  -1.3139465e-03   9.2084157e-04  -2.0381026e-04
   8.4470808e-03  -3.8262092e-02  -2.2594098e-02  -1.1720430e-03   7.4846585e-04  -2.1761464e-04
   9.9925503e-03  -1.8557848e-02  -1.8902196e-02  -1.2646723e-03   6.3108267e-04  -5.6385068e-04
   9.2153486e-03  -2.0204814e-02  -3.2508722e-02  -1.3050475e-03   8.3804065e-04  -5.7733590e-04
   1.3633870e-03  -3.8283027e-02  -2.9796766e-02  -1.3569889e-03   5.4947484e-04  -5.9587494e-04
   2.6223483e-03  -3.2775742e-02  -2.8574260e-02  -1.3473288e-03   8.3494397e-04  -5.3095674e-04
   2.1718750e-03  -3.0244238e-02  -3.9707179e-02  -1.3385388e-03   8.0454375e-04  -4.5145426e-04
   3.8900480e-03  -3.0886977e-02  -3.9077012e-02  -1.2790894e-03   8.1862947e-04  -2.7991683e-04
   3.4943747e-03  -3.0253941e-02  -1.6144780e-02  -1.4655870e-03   6.9531438e-04  -4.7894421e-04
   6.1126530e-03  -3.1375154e-02  -2.2988621e-02  -1.1976752e-03   7.0816569e-04  -5.7429835e-04
   3.9333770e-03  -3.1968870e-02  -2.5037710e-02  -1.2694894e-03   4.8532337e-04  -5.6796916e-04
   7.0220553e-03  -3.5411690e-02  -3.3618514e-02  -1.5281765e-03   7.4698974e-04  -5.1889668e-04
   8.4867156e-03  -2.1260213e-02  -5.2612010e-02  -1.4361639e-03   5.6621151e-04  -4.7439430e-04
   5.6954759e-03  -2.6129118e-02  -4.1303441e-02  -1.5536521e-03   6.8784721e-04  -3.8152341e-04
   4.5909525e-03  -5.4550162e-02  -3.6988554e-02  -1.7973571e-03   5.7629734e-04  -1.4397740e-04
   6.5167590e-03  -4.5515889e-02  -2.9466513e-02  -1.4693140e-03   6.1379921e-04  -2.2918429e-04
   5.3869641e-03  -3.4450083e-02  -3.4239786e-02  -1.1933002e-03   7.1085882e-04  -6.3597085e-04
   3.8353748e-03  -3.4573373e-02  -2.6893519e-02  -1.2340087e-03   6.4902218e-04  -5.6760682e-04
  -1.0588923e-03  -3.5132097e-02  -3.0754825e-02  -1.4264666e-03   6.0262148e-04  -2.5196911e-04
  -6.6502833e-04  -1.2664877e-02  -3.7678217e-02  -1.5030620e-03   3.5761803e-04  -5.5209302e-04
  -3.4886616e-03  -1.2611625e-02  -4.7517258e-02  -1.3527602e-03   5.0671126e-04  -4.8542926e-04
  -1.2187340e-02  -3.0964226e-02  -3.5936467e-02  -1.7689374e-03   6.5752385e-04  -3.3926200e-04
  -4.4540789e-03  -4.0565831e-02  -3.7677765e-02  -8.7544847e-04   5.8277759e-04  -1.1598853e-04
  -5.7597428e-03  -1.9117644e-02  -2.9660464e-02  -1.0999607e-03   5.1537245e-04  -4.7391880e-04
  -8.6634955e-03  -2.5192691e-02  -3.7841645e-02  -1.0666355e-03   6.2401687e-04  -1.7236989e-04
  -4.3138549e-03  -2.7544298e-02  -2.7577413e-02  -1.2149838e-03   4.5607536e-04  -2.7688773e-04
   6.6884778e-04  -3.4967592e-02  -1.8985541e-02  -1.1482630e-03   8.0105450e-04  -4.0312993e-04
  -1.3816859e-03  -4.7340391e-02  -1.9560749e-02  -1.2601580e-03   7.7773771e-04  -5.4310626e-04
   4.4598193e-04  -2.1933387e-02  -3.7263708e-02  -1.2339044e-03   4.6086124e-04  -3.7067072e-04
  -2.3990904e-03  -2.6584409e-02  -3.9537721e-02  -1.2440258e-03   6.9675264e-04  -1.8846794e-04
   3.7381861e-03  -1.7411603e-02  -4.6295381e-02  -1.2153819e-03   6.3241552e-04  -4.6540108e-04
