   0.0000000e+00   0.0000000e+00   0.0000000e+00   0.0000000e+00   0.0000000e+00   0.0000000e+00
  -2.2611408e-03  -9.3978411e-03   1.2815139e-02  -4.2024920e-04  -9.7453217e-05   5.3344364e-05
  -3.8859337e-03  -4.1318588e-05   5.8237887e-03   1.4239217e-04   7.4751791e-05   2.4534838e-05
  -6.8193748e-03  -3.3319788e-03  -5.9615219e-04  -1.9934022e-04   4.8696867e-05  -1.1895197e-04
  -4.5364988e-03  -7.6746625e-03   3.6546731e-03  -1.0756533e-04   1.6416285e-04  -8.0784590e-05
  -1.7678456e-03  -1.1354159e-02   3.6407375e-03  -2.7315578e-04   1.0314580e-04  -1.1880149e-04
  -2.0893086e-04  -1.9963275e-02   1.3782706e-02  -1.3249049e-04   4.3727933e-05   2.6136354e-05
  -1.0588121e-03  -7.5190180e-03   2.8158678e-03  -1.6214260e-04   6.6754217e-05   4.6051323e-06
  -7.5429967e-04  -6.8653333e-03   2.0554509e-05  -2.6829821e-04   2.1988110e-04   4.5502716e-06
   8.0151838e-04  -1.9295967e-02   3.4281840e-03  -1.3683398e-04   4.2087215e-06  -3.5388577e-05
  -6.1058300e-04  -1.2360782e-02  -1.7410593e-03   1.3253827e-05  -2.5087516e-05   2.2044536e-05
  -3.3778020e-03  -1.4595297e-02   3.9079472e-03  -1.4033817e-04   1.8756089e-04  -4.2965084e-05
  -4.7325603e-04  -1.8330465e-02   1.1980367e-02   6.5584792e-06   9.2562305e-05  -3.0443335e-05
  -7.3905758e-03  -1.0744024e-02  -8.4184396e-04   4.1861648e-05   1.3267673e-04   1.0727089e-05
  -4.7423678e-03  -1.5517738e-02   1.0111409e-02  -2.0188691e-04   9.6507434e-05  -9.0355109e-05
  -3.4350519e-03  -1.2389005e-02  -3.2778879e-03  -4.2321738e-04  -6.2252274e-05   2.9394062e-05
  -1.4811378e-03  -1.2079700e-02  -1.7398863e-03  -1.2604295e-04   3.7002357e-05  -1.1164309e-04
   6.3893669e-04  -7.0753798e-03   1.2855367e-03  -1.0194317e-04   2.9316625e-05  -6.7820896e-05
  -1.1363925e-03  -1.6124101e-02   4.0904180e-03  -2.8469811e-04   1.9723875e-04  -1.8637412e-04
  -1.7885694e-03  -6.1823280e-03  -1.8547298e-03  -2.8458473e-04   1.1859353e-04  -9.4388452e-05
  -7.4808530e-05  -7.3173115e-03   1.3766024e-03  -1.2822300e-04   1.8691659e-04  -1.3645789e-04
  -2.7041937e-03   7.6199740e-04  -1.1034134e-02   2.0594302e-04   9.6281382e-05  -7.8591548e-05
   2.2834203e-03   4.2864773e-03  -5.8850282e-03   3.9193010e-04   1.8211295e-04  -1.2774006e-04
  -3.3765081e-04   9.5871920e-04  -2.7675250e-03   2.8128288e-04   2.6796027e-04  -2.0087433e-04
   1.4779915e-03   7.6514391e-03  -1.9532340e-03   3.7275589e-04   1.4808230e-04  -1.4323594e-04
   1.6124400e-03   7.7840539e-05   9.4022287e-03   4.1616959e-04   2.3277157e-04  -2.8426599e-04
   3.9960450e-03   5.5365261e-03   6.5231996e-03   3.0973666e-04   2.0898068e-04  -2.5207488e-04
   2.7318066e-03   1.9196070e-03   3.4337259e-03   2.1598037e-04   4.0509229e-04  -2.4809433e-04
  -2.1165581e-04  -7.3955324e-03   7.1227267e-03   1.1928403e-04   4.6978035e-04  -3.5117242e-04
   2.8775655e-03   5.4755541e-03  -2.5446744e-03   8.2398256e-05   3.7766947e-04  -2.9157832e-04
   6.2798149e-04  -1.1000858e-02   7.0465682e-03  -1.2236715e-04   2.4154628e-04  -8.1098674e-05
   2.8034841e-03   2.6079140e-03  -4.0144975e-03   3.7282004e-04   1.1588752e-04  -9.3067862e-05
   2.5887347e-03   4.8978961e-03  -4.3664026e-03   3.0771897e-04   2.4342598e-04  -1.0921813e-04
   1.5340333e-03  -1.5850178e-03  -1.5124945e-03   3.3873804e-04   2.8211055e-04  -1.5354230e-04
   3.0183084e-03   1.1565616e-02  -1.2032714e-02   3.9829577e-04   2.2784517e-04  -8.4565010e-05
   2.9672592e-03   1.7106652e-03  -1.2398127e-03   5.0660919e-04   2.1608731e-04  -1.4579826e-04
   4.6543709e-03  -4.0594081e-03   2.7193573e-03   1.7592365e-04   4.0891383e-04  -1.9554619e-04
   4.0874243e-03  -3.6496293e-03   4.0054320e-03  -2.4151289e-04   1.5048230e-04   5.3491124e-05
   5.8746911e-03  -4.6651943e-03   1.9347783e-02  -1.1880546e-04   3.5429867e-04   1.7572849e-05
  -1.0935171e-03   5.4933388e-03   9.9912170e-03  -1.4492308e-04   1.3342454e-04   7.1082906e-05
  -2.4703862e-03  -2.1156406e-02   1.0907271e-02  -1.3480460e-03   3.0195396e-04  -9.4590204e-05
  -2.6433976e-03  -3.7220262e-02  -1.3509937e-02  -1.7348957e-03   2.7116334e-04   5.4146542e-05
  -1.3304739e-03  -1.7188745e-02  -1.5774048e-02  -1.1226108e-03   2.5834192e-04   1.6745604e-04
  -4.5088597e-03  -1.2775828e-02  -1.5275673e-02  -7.8791126e-04   2.9816964e-04   1.2525540e-04
  -3.9611138e-03   2.0469165e-02   5.7102364e-02   1.7836148e-03   4.5013761e-04   4.4254098e-04
   1.3363348e-02   3.8145262e-02   4.2146589e-03  -1.2901490e-04   3.7825789e-04   5.9456272e-04
   7.7697841e-03   2.2998658e-02  -1.9353809e-02  -5.1344299e-04   2.9688280e-04   2.2881468e-04
  -4.4072579e-03  -4.7913783e-02  -1.7944871e-02  -1.7487941e-03   3.6396962e-04   1.3055380e-04
  -2.1739799e-03  -2.4121171e-02  -9.3618391e-04  -5.0762803e-04   2.1207963e-04   2.8126344e-04
   8.6498276e-04   1.9738904e-02   6.8404887e-05  -4.4329561e-04   3.9640286e-04   1.6919504e-04
   4.4349098e-03   5.4128023e-02   2.8884162e-03   4.1215653e-03   4.6666704e-04   5.2374125e-04
  -8.0864003e-03  -3.5345665e-03   4.2910768e-02   8.2260985e-04  -1.3803501e-04   9.8597771e-04
  -1.0540321e-02  -7.2778249e-04   2.7739084e-02   8.4763749e-04   2.0621513e-04   7.1272967e-04
  -8.7278698e-03   4.4720557e-04   2.6276933e-02   4.4352321e-04   5.0078441e-04   3.2207393e-04
  -2.4959607e-03  -4.0589555e-03   1.6994169e-02   5.4316648e-04   4.2452908e-04   2.3283861e-04
  -3.9804039e-03  -6.0299704e-03   2.1420919e-02   3.6844148e-04   5.6489489e-04   6.2174292e-05
   1.8686957e-03  -9.1219941e-05   2.4392590e-02   3.9915421e-04   3.8309012e-04   2.3414722e-04
  -1.0565235e-05  -1.5906833e-04   1.5233454e-02   4.9802537e-04   5.2726740e-04   3.8339957e-04
  -8.6954044e-04   5.0035328e-03   2.7696350e-02   4.9372990e-04   5.1123706e-04   4.8341690e-05
   3.7828256e-04  -2.6286572e-04   2.4549950e-02   5.8979112e-04   4.0056573e-04   4.2515057e-04
  -7.5743496e-05   5.8688438e-03   1.9932351e-02   6.3619472e-04   5.0408582e-04   1.6898251e-04
   3.0740177e-03   4.3858140e-03   1.8288651e-02   7.1411355e-04   3.6841032e-04   1.9804749e-04
  -1.5036900e-03   1.2733211e-02   1.6614425e-02   8.1219209e-04   5.5248305e-04   2.8606913e-04
   1.6609045e-03   1.3178034e-02   1.0720149e-02   6.7693614e-04   5.3337326e-04   1.1519833e-04
   6.6085847e-04   1.0990770e-02   1.9715097e-02   8.1778223e-04   3.7824849e-04   3.1189034e-04
   3.4920086e-03   1.5250164e-02   6.5858880e-03   8.5359518e-04   3.5490548e-04   2.0970964e-04
   1.3289927e-03   1.0159959e-02   2.3464490e-02   7.7499189e-04   4.5373729e-04   2.0664186e-04
   9.7177983e-04   1.3887573e-02   1.9948345e-02   8.1983906e-04   5.0955712e-04   3.0166861e-04
  -3.3079950e-03   1.2515904e-02   1.0733961e-02   5.9178675e-04   5.8528424e-04   1.0800810e-04
  -3.1139922e-04   1.2729932e-02   2.1066870e-02   7.6147223e-04   3.8418694e-04   1.7695386e-04
  -8.0045638e-04   1.0852471e-02   1.3262665e-02   6.4139606e-04   4.8148431e-04   3.8930094e-04
  -2.5684408e-04   1.2495289e-02   1.6924643e-02   3.4300802e-04   4.8011734e-04   2.6296090e-04
  -3.5054766e-03   3.8773493e-03   2.1804105e-02  -1.4026350e-04   5.5365745e-04   3.5041323e-04
  -1.6665985e-03  -7.6469757e-03   2.7993391e-02   6.2608394e-05   4.2472104e-04   2.9622403e-04
  -7.6310786e-03  -7.2722661e-03   2.2902438e-02   1.0674661e-04   6.0586612e-04   2.2409646e-04
  -7.3099653e-03   2.1655061e-03   1.3359639e-02   7.1676645e-05   5.5358888e-04   3.0199795e-04
  -6.8106831e-03  -3.1319535e-03   1.7850377e-02   2.9619056e-04   6.5458939e-04   2.1955728e-04
  -3.7623800e-03  -1.2161826e-02   1.7567961e-02   2.4719761e-04   4.9004169e-04   2.1140048e-04
  -7.9926012e-03  -1.7680686e-02   1.6188549e-02   3.9355011e-05   5.8653747e-04   1.3124288e-04
  -6.7544737e-03  -2.1839994e-03   6.9925817e-03   1.9027349e-04   5.9708214e-04   2.0879686e-04
  -3.4870691e-03   6.7779284e-04   1.4408816e-02   5.7813508e-04   4.9845465e-04   2.2325968e-04
  -6.8749121e-04   5.9557669e-03   1.2874510e-02   8.2912345e-04   4.1680482e-04   1.8059727e-04
  -2.7592633e-03   6.4752122e-03   8.9202009e-03   6.2476250e-04   5.2443791e-04   1.0150913e-04
  -7.8318808e-04   7.2999291e-03   9.2332919e-03   4.2035966e-04   3.8914787e-04   1.7307911e-04
  -3.3896983e-04  -1.8834434e-02   2.8702191e-02  -2.6537008e-04   5.2085090e-04   4.3741058e-04
  -2.3484357e-03  -2.3801286e-02   3.0816974e-02  -7.2780858e-04   9.4221906e-05   2.3607403e-04
   9.0576973e-03  -1.1967652e-02   7.5128273e-03  -8.1296762e-04   1.1285600e-03   2.6924725e-04
  -4.9925207e-03  -3.7624182e-02   1.6155715e-02  -1.9611866e-03   7.3369977e-04   1.9146617e-04
   1.1521864e-02  -1.3564630e-02   6.1654313e-03  -1.3216290e-04   1.9439005e-04   5.9090695e-04
  -5.9619880e-04  -6.1536105e-03  -3.7897430e-02  -9.9371783e-04   8.2487144e-05   1.6717022e-04
  -5.0099811e-03  -1.4469552e-02  -4.2652399e-04  -4.0089905e-04   6.1384199e-04   3.5642321e-04
  -2.1137845e-03  -1.4278383e-02   4.0294243e-03  -2.5490962e-04   8.0497743e-04   7.3680481e-05
   4.7700769e-03  -1.4620740e-02   1.0418567e-02  -2.0007348e-05   6.5731657e-04   1.0950879e-04
   4.5581361e-03  -8.7591039e-03   1.5540166e-02  -1.5737064e-04   6.2099117e-04   2.4187330e-04
   2.6025841e-03  -4.4284408e-03   1.5450169e-02  -1.8730522e-04   6.6058871e-04   2.6921744e-04
   2.5386555e-03   7.1688347e-03   1.2015320e-02  -1.2134555e-04   8.7142725e-04   2.4830655e-04
   3.6457013e-03  -1.3712727e-02   2.7276624e-02  -8.1923138e-04   7.1683473e-04   2.5617242e-04
   3.9478996e-03   3.9892628e-03   1.5155484e-02  -2.7822341e-04   7.6135807e-04   1.6742303e-04
   2.2161916e-03   1.2030792e-03   7.7813712e-03  -4.0588879e-04   9.0987377e-04   5.3083143e-05
   1.6902601e-03   5.4196550e-03   2.6435496e-04  -1.9684486e-04   8.0341620e-04   1.6825339e-04
   2.2703863e-03   5.6656109e-03   2.4292008e-03  -1.9165070e-04   8.2435864e-04   9.4059355e-05
   7.0497773e-03  -4.1033471e-03   4.5137114e-03  -9.9128079e-05   5.7863231e-04   8.9237353e-05
   3.1619916e-03  -8.0122483e-04   1.5207190e-03  -3.0446867e-04   6.3854037e-04   6.9668902e-05
   1.6954177e-03  -7.4159491e-03  -5.2094356e-03  -3.4174324e-04   6.5873539e-04   4.6697908e-06
   3.5886837e-03  -4.4773729e-03   1.7684892e-03  -2.1902587e-04   6.2991984e-04   9.0623076e-05
   4.2811364e-03  -5.7349818e-03   1.4255330e-03  -1.6138918e-04   5.6490071e-04   5.3208616e-05
   2.9689909e-03   9.0429385e-04  -2.6155738e-03  -2.3967164e-04   4.1583323e-04   2.7836810e-04
   4.3720403e-03  -2.0949138e-03   1.2112352e-03  -9.4696827e-05   4.3732156e-04   1.9700527e-04
   4.7760196e-03  -5.0224530e-03   2.4354578e-03  -4.2580559e-05   3.9990026e-04   9.6731801e-05
   8.1877794e-03  -1.5669498e-03  -5.2905748e-04   6.2667658e-06   4.6865079e-04   1.2222070e-04
   9.9131930e-04  -1.3167396e-02   4.7854367e-03  -3.6708330e-04   4.8275782e-04   1.4602685e-04
   4.3407954e-03  -1.7710682e-03   1.3052267e-03   7.9121296e-05   5.6983292e-04   1.9267666e-04
   1.4592397e-03  -1.1847090e-02   5.2919726e-03  -1.0771176e-04   6.5556481e-04   1.7200362e-04
   6.4683597e-03   2.3779478e-03   5.0015814e-03   2.3767162e-05   5.9147084e-04   2.8494577e-04
   4.1080316e-03  -1.2686061e-02   7.3819262e-03  -9.7843935e-05   7.3350261e-04   1.0777384e-04
   4.1774178e-03  -4.9815854e-03   2.2540087e-04  -1.2904793e-05   5.8264471e-04   2.1937035e-04
   4.8069802e-03  -1.2535315e-02   3.8267371e-03  -1.2463150e-04   6.4343298e-04   1.1254680e-04
   5.2960872e-03  -4.3056099e-03  -6.6678280e-04  -8.8503184e-05   4.9076756e-04   1.9303563e-04
   4.8830275e-03  -6.6706059e-03  -1.3081720e-03  -1.7175006e-05   5.8497075e-04   2.3110800e-04
   6.2637887e-04  -6.2987601e-03   5.2202443e-03  -5.3211905e-05   6.6821260e-04   5.8945221e-05
  -1.4039762e-03  -2.2001998e-04   1.6598921e-04  -1.2587212e-04   6.5834394e-04   2.2121245e-04
  -2.1329427e-04  -7.3042893e-03   5.8036143e-03  -4.4089099e-05   6.9159972e-04   8.8579331e-05
  -2.6347365e-04  -2.8552620e-03  -4.7323020e-03  -4.3951409e-05   4.6762311e-04   2.2779412e-04
   1.4550120e-03  -4.5636141e-03   2.9473747e-03   8.8468607e-05   5.4515435e-04   7.0133550e-05
  -4.2390675e-05  -3.0886921e-03   1.8599664e-03   1.9094119e-05   5.1310657e-04   1.3558008e-04
  -2.3528019e-04  -8.5143243e-03   5.1594181e-03  -9.9060800e-05   5.2118304e-04   1.0535086e-04
   3.5022788e-05  -5.3878057e-03  -4.6427451e-04   4.0054553e-05   5.6543251e-04   1.1642165e-04
  -4.2286833e-03  -1.3473368e-02  -9.6648812e-05  -2.9602105e-04   6.1193706e-04   2.0834438e-04
  -8.1486496e-05  -1.8939142e-03  -5.8097541e-03   1.1702066e-04   5.1079813e-04   2.7195115e-04
  -4.7794316e-04  -1.4942841e-02  -2.5505847e-04  -2.7326112e-04   5.6483132e-04   1.7507790e-04
   5.8461350e-03  -4.6604341e-03   6.3420487e-03   1.5416484e-04   7.1048477e-04   9.1344358e-05
   3.3071339e-03  -7.2234632e-03   5.8807461e-04  -1.1481096e-05   5.6487422e-04   1.8533980e-04
   2.8038118e-03   5.1012315e-04   1.0307733e-02   2.1404633e-04   6.3607395e-04   1.3353274e-04
  -8.4064892e-04  -4.2001882e-03   7.3241226e-04  -7.1117838e-05   5.3269315e-04   1.2053888e-04
  -1.2144598e-03  -5.7551184e-03   5.1508946e-03  -4.1766046e-05   5.5468723e-04   2.2260969e-04
  -1.0079408e-04  -8.9888504e-03   8.9264000e-03   6.8392324e-05   6.2624106e-04   3.7534094e-05
   1.1760038e-03  -8.0917625e-03   2.5427783e-03  -4.3563167e-05   4.8710461e-04   1.6865797e-04
  -4.2862302e-04  -9.1471921e-03   1.1201866e-02   6.4329657e-05   6.5880984e-04   8.4278079e-05
  -2.2463230e-03  -9.1013947e-03   8.6022267e-03   4.8957955e-05   6.7075160e-04   9.2844235e-05
  -3.7265870e-04  -9.5573190e-03  -2.5985828e-03   1.8523793e-05   4.6102988e-04   2.3954546e-04
   2.1984077e-03  -1.1055671e-02   5.7846272e-03   1.1078370e-04   5.9091122e-04   8.6964202e-05
  -1.1903005e-03  -3.1733236e-02   6.6899900e-03  -8.6281591e-04   5.9979006e-04   1.4118871e-04
   2.8754945e-04  -1.0654084e-02   5.4263238e-03  -2.9505345e-04   5.9193865e-04   1.2417237e-04
  -2.2932637e-03  -1.6037772e-02   2.0648508e-02  -2.9822882e-04   6.0127390e-04   1.2192939e-04
  -4.9608943e-04  -6.4880419e-03   6.6863054e-03  -4.1258554e-04   6.2751092e-04   1.6613085e-04
  -1.0186228e-03  -1.1585749e-02   3.4283132e-03  -4.9080284e-04   6.4604777e-04   1.8627947e-04
   1.9749039e-03  -1.6963230e-02   1.3832454e-02  -4.5400484e-04   5.4129260e-04   1.7644123e-04
  -3.7092790e-03  -1.0383425e-02   1.0179343e-02  -2.0799207e-04   7.0192435e-04   1.4529180e-04
  -2.3994277e-03  -1.6562407e-02   1.2083597e-02  -9.4040246e-04   7.2047565e-04   1.7943115e-04
  -2.3033632e-04  -1.9816871e-02   1.9930737e-02  -4.2054137e-04   6.6180687e-04   7.3196342e-05
  -1.8163950e-03  -1.6296383e-02   1.3822039e-02  -4.9020231e-04   6.6667150e-04   1.1729955e-04
  -8.5592050e-04  -1.6354090e-02   2.3861426e-03  -3.2508044e-04   5.4296524e-04   1.4963766e-04
  -2.5041351e-03  -2.3350470e-02   4.9708136e-03  -3.6693758e-04   6.2347097e-04   1.5521549e-04
  -2.3279578e-03  -2.5175471e-02   5.1739140e-03  -3.6055622e-04   7.5341506e-04   5.4550902e-05
   4.6597419e-03  -1.6928044e-02  -7.7976587e-03  -2.5153552e-04   5.2828755e-04   1.1400342e-04
   2.7124122e-03  -1.9792754e-02  -1.7265007e-03  -2.4780399e-04   7.2088443e-04   8.3917337e-05
   7.5122347e-03  -1.9091661e-02   4.3318237e-04  -3.8300691e-05   6.0357036e-04   1.3851513e-04
   8.7266627e-04  -2.5366455e-02   6.0863052e-03  -6.0391964e-04   7.5377459e-04   1.1371633e-04
   3.3047351e-03  -1.8547204e-02  -6.0540098e-03  -3.2488448e-04   7.0302211e-04   1.1953695e-04
   5.2987198e-03  -1.8678994e-02   9.4401543e-03  -1.7667137e-04   7.0310076e-04   1.0252845e-04
   6.7445065e-03  -4.7110461e-02  -1.2830878e-02  -5.9689230e-04   6.5057901e-04  -6.6440252e-05
  -8.5357179e-03  -2.5000089e-02  -2.4612043e-02  -3.0754779e-04   6.8029991e-04   5.6153953e-05
   2.4964854e-02   1.3708969e-02   1.4909127e-02   4.6881650e-04   7.7949394e-04  -3.9444027e-04
  -8.0083467e-03  -3.4951047e-02   7.4892791e-02  -1.1090615e-04   9.6248367e-04  -7.2858200e-05
   1.1576392e-02  -4.9344476e-02  -1.4640247e-02  -1.9410991e-04  -2.7341215e-04   3.1580551e-04
   1.1403647e-02  -3.1101357e-02   2.2938626e-02  -3.5550010e-04   2.2102906e-04   2.0364572e-04
   8.3195727e-03  -8.8203287e-03   9.3147620e-03  -3.7794941e-04   5.1523775e-04   1.2249837e-04
   9.0183658e-03  -8.7547079e-03  -4.4884263e-03  -4.4995744e-04   5.1149231e-04   8.9279527e-06
   9.1337235e-03  -2.4379661e-02  -1.5134970e-03  -4.3302152e-04   2.6436584e-04   3.0445444e-04
   1.2492705e-02  -2.3350699e-02   1.1215775e-02  -1.8242714e-04   1.9426939e-04   1.7110970e-04
   1.3315582e-02  -2.1341395e-02  -1.4341190e-03  -3.4751597e-04   3.7168574e-04   1.4852817e-04
   1.0758792e-02  -2.0093920e-02  -2.4638643e-03  -3.8695669e-04   3.7033202e-04   2.2183106e-04
   1.1510420e-02  -2.1280791e-02   4.2046399e-03  -1.9237635e-04   2.7570675e-04   1.2431240e-04
   6.9073026e-03  -2.8618314e-02  -3.7344642e-03  -5.0410810e-04   3.0061052e-04   2.0076053e-04
   9.1460907e-03  -2.3416277e-02  -2.4829093e-03  -5.5630672e-04   3.0677414e-04   2.0177808e-04
   1.1816472e-02  -2.2518391e-02   1.2080223e-03  -3.7839924e-04   3.6936935e-04   1.6070474e-04
   8.6214988e-03  -1.7616556e-02  -9.3240215e-03  -5.2950390e-04   4.3753018e-04   1.0986742e-04
   1.0361635e-02  -1.8915845e-02  -5.6241567e-03  -3.8102743e-04   3.7562028e-04   1.6682456e-04
   1.3785549e-02  -2.7178272e-02   2.6943223e-03  -1.5666671e-04   3.3349623e-04   8.8072291e-05
   1.1193898e-02  -3.1887363e-02  -3.2103215e-03  -4.7169854e-04   2.6180685e-04   2.0619311e-04
   1.0389067e-02  -2.0486392e-02  -5.0006599e-03  -2.7548749e-04   3.8249808e-04   1.9928817e-04
   1.1414223e-02  -2.3559865e-02   1.7159095e-03  -3.2348307e-04   3.3906420e-04   1.8739814e-04
   9.3914617e-03  -2.9320648e-02  -4.2957129e-03  -5.4518325e-04   3.8939234e-04   2.5553183e-04
   1.1317478e-02  -1.8946152e-02  -6.4167429e-03  -3.6652517e-04   3.4446263e-04   2.6501405e-04
   1.2683667e-02  -2.7243203e-02   2.4467925e-04  -3.6113033e-04   2.9100438e-04   2.1354922e-04
   9.9209008e-03  -2.9776111e-02  -5.2951797e-03  -6.2045383e-04   4.3546779e-04   2.7720940e-04
   1.0256226e-02   1.2480452e-02  -3.7268929e-02   2.9363310e-03   6.7374851e-04   5.6522462e-04
  -5.6387937e-03  -2.5447680e-02   2.4463080e-02   5.2174924e-04   2.6143732e-04   3.5990708e-04
  -6.8140692e-03  -1.4255741e-02   1.9777527e-02   7.3818343e-04   3.7131821e-04   4.1208303e-04
  -8.3498802e-03  -3.3663095e-02   1.1973417e-02  -4.0855456e-04   5.9101524e-05   2.8702121e-04
  -6.8193624e-03  -6.8307702e-03  -6.6265152e-02  -6.9035748e-04   9.1041456e-05   4.6100986e-04
  -7.9830330e-03  -2.7399739e-02   4.3931703e-02  -1.4449091e-03   3.7925815e-04   3.1368746e-04
   5.1822592e-03  -4.9696442e-02   1.5926087e-02  -1.2142731e-04   6.8133986e-04   1.9945735e-04
   3.6178678e-03  -3.2829900e-02   4.2188316e-03  -1.9819569e-04   6.4643908e-04   3.7754555e-04
   4.1097327e-03  -2.6328638e-02  -1.8487905e-03  -2.5549006e-04   4.4295079e-04   3.7805444e-04
  -7.4622787e-04  -4.1149569e-02   1.4496691e-02  -9.6504553e-04   6.3147740e-04   4.4915807e-04
   4.1195274e-03  -3.1698951e-02   1.7490912e-02  -3.1133938e-04   5.2451118e-04   3.7057512e-04
   4.1958342e-03  -3.3679926e-02   4.0915433e-03  -2.8039030e-04   6.1210561e-04   3.2792987e-04
   4.5420136e-03  -3.1881160e-02   6.5782610e-03  -1.7584465e-04   5.4377688e-04   3.0789355e-04
   2.2174363e-03  -4.1135039e-02   9.7393330e-03  -1.1003773e-03   5.9125898e-04   3.8096794e-04
