   0.0000000e+00   0.0000000e+00   0.0000000e+00   0.0000000e+00   0.0000000e+00   0.0000000e+00
  -8.4212726e-03   5.9868887e-03  -1.7930854e-02  -1.6968238e-04   1.8374213e-04   9.7899596e-05
  -8.0210636e-03   2.8747506e-03  -2.2744404e-02  -9.9879234e-05   2.2885505e-04  -8.5183823e-06
  -8.7098651e-03   2.7248907e-03  -3.7003751e-02  -1.5125446e-04   3.5737109e-04   5.1916279e-06
  -8.9332096e-03   8.8171562e-03  -2.8722148e-02  -8.1371228e-05   2.9121338e-04  -1.0445708e-05
  -6.8861632e-03   8.1372354e-03  -8.3231448e-03   4.8867897e-04   1.1692821e-04   1.9645310e-04
  -1.3812396e-02   8.6867922e-03  -3.3433663e-02  -2.5300795e-04   3.2178595e-04   7.7544866e-06
  -1.1910249e-02   1.4544575e-02  -3.0586409e-02   9.6412620e-05   3.4775475e-04  -7.7109182e-05
  -9.6832741e-03   2.9294696e-04  -5.3063244e-02  -8.0021373e-05   1.2433395e-04  -1.3848969e-04
  -2.1279906e-04  -2.8076628e-02  -6.1296234e-02   2.5382035e-03  -5.9847716e-05   3.6260505e-05
  -1.1966041e-02  -1.5901046e-02  -5.0836486e-03   1.5029153e-03  -2.7830861e-04   1.5988545e-04
  -8.7698075e-03  -1.5711878e-02   3.2582461e-03   6.5452971e-04  -1.1700994e-04   3.2057742e-04
  -1.9977690e-02   3.6184790e-03   1.9344048e-02   7.9996821e-04   1.7433038e-05   1.6534420e-04
  -1.2668179e-02   2.2209827e-02   1.3224151e-02   4.1410154e-04  -6.6104307e-05   3.1799611e-04
  -1.8944604e-02   1.4426894e-02   1.8318897e-02   2.8705497e-04   2.6902161e-04   5.6665752e-05
  -1.8474795e-02   5.3898703e-03   1.6850218e-02   3.8637259e-04   1.0692394e-04   1.3541241e-04
  -1.8602818e-02   1.6187569e-02   1.8210869e-02   2.1852637e-04   3.5083923e-04   3.0016603e-04
  -1.9232865e-02   1.9555049e-03   9.2364494e-03   4.8875948e-05   3.4410374e-04   2.4359790e-04
  -1.5711726e-02   1.3954618e-02   1.5872854e-03   2.8485628e-05   1.1617044e-04   1.7325240e-04
  -1.7501021e-02   1.6441865e-02   8.3017025e-03   7.4800089e-05   1.7791928e-04   1.4208926e-04
  -1.7086370e-02   1.0084567e-02  -9.3518157e-05   1.0133531e-05   1.5124385e-04   1.7999218e-04
  -1.5384791e-02   1.3429386e-02  -8.2560860e-05   1.1742341e-04   2.4423663e-05   5.1101052e-05
  -2.0158527e-02   4.0183651e-03  -1.3846635e-02  -9.5416123e-05   2.4758976e-04   3.1059220e-04
  -1.5986215e-02  -3.7741289e-03  -1.9828015e-02  -2.9821341e-04   2.1459126e-04   2.3934577e-04
  -1.4399791e-02   2.8778356e-02  -2.2318633e-02  -4.6254074e-05   1.3451324e-04   1.1247534e-04
  -8.0104656e-03   2.1751603e-02  -1.5857819e-02   5.7671843e-05   1.4665931e-04   1.3344750e-04
  -1.1143504e-02   1.0613384e-02  -2.6423605e-02   6.0497510e-05   1.2391235e-04   2.6216107e-04
  -2.2026804e-02   2.0692126e-02  -3.0044977e-02  -3.5614809e-04   2.7257966e-04   6.0713664e-04
  -1.7336231e-02   5.9764681e-03  -4.4230328e-02  -4.2800050e-04   3.9968620e-04   2.1514591e-04
  -1.4324445e-02   3.2822575e-04  -3.5851632e-02  -3.3333906e-04   2.2098829e-04   2.3172618e-04
  -1.1899643e-02   5.3188528e-03  -2.7373634e-02  -1.2947667e-04   3.4849616e-04   1.6723893e-04
  -1.1299724e-02  -3.0755215e-04  -2.6343210e-02  -2.7637550e-05   2.7510223e-04   1.1872914e-04
  -9.2194923e-03   2.5912648e-03  -4.5127974e-02  -4.1450357e-04   1.8290810e-04   5.7668796e-05
  -1.0197444e-02  -7.3395369e-03  -1.4658581e-02   8.4344701e-05   4.2660750e-04   2.0085100e-04
  -1.0339069e-02   1.5884730e-03  -3.2071827e-02  -3.8332722e-04   3.2870277e-04   2.5509919e-04
  -1.8001902e-02   1.0479141e-02  -2.6115964e-02  -7.0542223e-06   5.0948481e-04   1.5331981e-04
  -1.6407910e-02  -4.9895385e-03  -4.7398539e-02  -4.9384481e-04   4.7172317e-04   1.3562778e-04
  -1.7237815e-02   6.5658406e-03  -4.2061482e-02  -3.5284622e-04   7.2369229e-04   1.2054927e-04
  -9.9066730e-03  -1.0357239e-02  -5.0372342e-02  -4.3655204e-04   4.6566935e-04   4.0658827e-05
  -1.3863551e-02  -2.4679389e-03  -3.9529420e-02  -6.3795972e-04   4.0341390e-04   2.7442919e-04
  -1.3902287e-02  -9.6501253e-03  -2.9928918e-02   8.5963864e-04   6.4426434e-04   2.0862573e-05
  -1.8538520e-02   1.8928957e-03  -1.3545112e-02   1.8724822e-04   1.9427872e-04   2.4179792e-04
  -1.6820171e-02   1.9353034e-02  -2.4601758e-02  -3.8556076e-04   1.1026070e-04   2.5513340e-04
  -1.4888933e-02   2.9431194e-03  -1.7171535e-02  -9.1191779e-05   2.0638898e-04   2.1995657e-04
  -1.6562883e-02   1.4640795e-02  -4.4543176e-02  -1.5733496e-04   5.5506350e-04   1.9751541e-04
  -1.8756111e-02  -4.4857788e-03  -3.6566032e-02  -7.2593352e-05   4.8189502e-04   6.4852543e-05
  -2.0714393e-02   1.0942818e-02  -3.1678242e-02  -2.2940212e-04   5.3443303e-04   5.9592902e-06
  -1.4286132e-02   2.0101169e-02  -4.7914023e-02  -5.3873700e-04   3.6871919e-04  -2.0845005e-05
  -1.5939598e-02  -3.5151997e-03  -4.2456740e-02  -6.8276134e-05   3.9263434e-04   1.1728967e-04
  -2.2691710e-02   8.6057209e-03  -2.3797862e-02   1.6686229e-04   4.4591830e-04   1.3758079e-04
  -1.3190403e-02   2.1206337e-03  -5.1756049e-02  -6.1891883e-04   4.2451759e-04   1.3080529e-04
  -1.4743847e-02   4.5541991e-03  -3.3218391e-02  -1.9603770e-04   4.6299115e-04   8.1392190e-05
  -2.0421857e-02   1.5383891e-02  -4.0117578e-02  -3.1874555e-04   7.8171655e-04   3.1957789e-05
  -1.1632134e-02   4.1694261e-04  -4.7359880e-02  -4.0122864e-04   4.4715886e-04   2.6080480e-06
  -1.7680965e-02   1.1463465e-03  -3.0514672e-02  -7.1595982e-05   5.9015442e-04   1.5276939e-04
  -1.9015754e-02   1.3302873e-02  -2.2736910e-02  -2.0106546e-04   7.3139208e-04   9.3727195e-05
  -2.0403265e-02   3.6318682e-03  -3.4005501e-02  -1.7617815e-04   7.0295168e-04   8.4565810e-05
  -1.8796036e-02  -3.9243285e-03  -1.9417540e-02   3.2465095e-04   7.3056987e-04  -8.2203780e-05
   3.5018882e-03  -1.5982417e-03  -2.1514350e-02   4.0411608e-04  -3.6900182e-04  -2.6313306e-04
  -1.9868353e-03   1.1701020e-02  -1.9783841e-02   2.8591048e-03   4.4111725e-04   8.3710566e-06
  -5.4857458e-02  -1.3244678e-01  -2.0191183e-01  -6.3388677e-04   2.7662285e-04   4.9433478e-04
  -6.9335216e-03   1.6839708e-03  -1.4091743e-01  -1.6469524e-03  -2.0943817e-04   2.4642652e-04
  -7.2420068e-03   1.0255340e-03  -1.9374761e-01  -3.9441120e-03  -1.2788622e-04  -2.8742142e-04
  -1.2928232e-02  -4.3327696e-02  -2.2706611e-02  -8.9441365e-04   3.3416547e-04  -2.1426958e-04
  -2.8190917e-04  -4.1130989e-02  -2.0379784e-02  -8.9831358e-04   2.7587141e-04   4.5170570e-05
  -1.7119507e-02  -1.1506736e-02  -8.2291238e-02  -1.9786485e-03   7.3789698e-04  -1.8372733e-04
  -1.8200518e-02  -2.7269553e-02  -5.8529278e-02  -1.4176595e-03   1.5066445e-03   4.2673692e-04
  -1.6965234e-02  -2.3360659e-02  -7.8988270e-02  -1.9787760e-03   1.4442957e-03   3.3761233e-06
  -1.2997253e-02   6.5129002e-03  -1.0853433e-01  -2.0560331e-03   1.1783728e-03  -2.8712808e-04
  -1.2576253e-02  -4.5109334e-02  -1.4817762e-01  -2.5893510e-03   9.6648531e-04  -6.9273571e-05
  -1.2723198e-02  -1.6297279e-02  -8.8705284e-02  -1.7567972e-03   8.2640204e-04   1.8190831e-04
  -4.7558954e-03  -2.5765543e-02  -6.3687396e-02  -5.2644808e-04   9.2522661e-04  -7.0543584e-05
  -1.5955793e-02  -1.4703278e-02  -4.4791713e-02  -3.0639286e-04   6.7357706e-04   1.2864187e-04
  -1.8078237e-02  -1.5131270e-03  -4.2150124e-02  -6.9339864e-04   8.5110062e-04   6.6336227e-05
  -1.9499195e-02   4.2331745e-04  -5.0353760e-02  -1.0515524e-03   8.6960816e-04   1.1921775e-04
  -1.6187215e-02  -2.7263350e-03  -7.2298645e-02  -1.3053061e-03   8.2057481e-04   8.7517553e-05
  -1.0340596e-02  -6.2892723e-04  -6.3722962e-02  -1.1197113e-03   7.9099493e-04  -1.0785961e-04
  -1.5346860e-02  -3.2522279e-04  -6.9886579e-02  -1.3049716e-03   9.8184284e-04  -4.1770807e-05
  -1.2910723e-02  -2.7994077e-03  -7.3899729e-02  -1.0450621e-03   9.3882145e-04  -2.8516037e-05
  -1.0624837e-02  -1.2125340e-02  -7.9014782e-02  -8.3018739e-04   7.8959973e-04  -3.1811390e-05
  -1.4765280e-02  -1.4387587e-02  -5.9360734e-02  -2.8478281e-04   7.6622232e-04   1.7758698e-04
  -1.0921182e-02  -1.6776030e-02  -4.0485270e-02   3.9208270e-04   8.5420710e-04   9.8526914e-05
  -1.5479468e-02  -4.9854391e-03  -3.4518611e-02  -1.9432947e-04   9.1741128e-04  -4.0835143e-05
  -1.8106040e-02   1.5111414e-02  -3.2718550e-02  -3.6663401e-04   1.0364144e-03   4.3446197e-05
  -1.6365777e-02   1.1870423e-02  -4.5282696e-02  -4.7003279e-04   9.8332555e-04   5.3214053e-05
  -2.0161931e-02   1.0100722e-02  -4.1799088e-02  -4.5758707e-04   9.8838054e-04   3.9828478e-05
  -1.2383005e-02   1.8268847e-03  -3.9881840e-02  -3.7662470e-04   7.9809118e-04  -2.7499725e-05
  -1.3908937e-02  -7.2206728e-04  -4.7788117e-02  -5.1401896e-04   7.6041180e-04  -2.0883509e-05
  -1.8652723e-02   1.0684924e-02  -5.8168818e-02  -3.7432764e-04   9.7516489e-04  -1.7062404e-05
  -1.5164228e-02   2.5952519e-03  -4.8124212e-02  -4.4769176e-04   8.4158204e-04  -4.7392530e-05
  -2.1631212e-02   7.0226342e-03  -3.8276128e-02  -2.3169443e-04   9.5092145e-04  -2.5382544e-05
  -1.8052520e-02   1.1311057e-02  -5.2631678e-02  -5.5233308e-04   8.1912499e-04  -9.9212368e-05
  -1.8202171e-02   2.1316615e-02  -5.8775137e-02  -4.2560352e-04   7.3529494e-04  -9.9040327e-05
  -1.3647806e-02  -5.1799968e-02  -2.0168609e-02  -5.4899279e-04   8.7956802e-04  -3.8982408e-04
   9.9188489e-03  -1.8666542e-02  -1.2248115e-01  -1.2918205e-03   2.9776273e-04  -7.1653624e-04
   1.0658532e-02  -7.5614735e-02  -7.6872678e-02   6.9203403e-05   1.1097242e-04  -6.5148943e-05
   6.2392939e-03  -2.0542041e-03  -1.2508742e-01  -1.2095203e-03   4.5951325e-04  -1.8521673e-04
   4.4937831e-03  -1.7459162e-02  -1.3445113e-01  -1.8871524e-03   2.0779533e-04  -3.5793829e-04
   2.7271113e-03  -7.1142451e-03  -1.1381824e-01  -2.0139755e-03   2.2039646e-04  -2.5642698e-04
  -1.8731994e-02  -1.7051914e-02  -7.9884511e-02  -1.3615960e-03   1.0624262e-03  -4.5416478e-04
  -1.5610294e-02  -2.8409487e-03  -1.6328595e-01  -2.2945913e-03   2.9814668e-04   1.7806238e-04
  -1.4298315e-03   7.9496845e-03  -9.2367892e-02  -2.3701139e-03   4.6605171e-04  -5.5347641e-05
   1.0274507e-03   8.3058405e-03  -9.5652129e-02  -2.4537242e-03   5.6022000e-04  -2.9670427e-04
  -7.1862664e-04  -2.4620170e-03  -9.1152558e-02  -1.6817973e-03   6.0133564e-04  -1.9019388e-04
   1.3306435e-03   4.3054732e-03  -1.0598898e-01  -2.7534741e-03   5.8462293e-04  -3.3692412e-04
   5.4499885e-03  -3.1236355e-02  -9.3874078e-02  -1.3898445e-03   3.7604868e-04  -1.9395589e-04
   9.4523307e-04  -1.8801052e-02  -8.5223874e-02  -1.4112988e-03   3.1233010e-04  -2.0026317e-04
   4.1385201e-03  -3.5786317e-02  -1.0911916e-01  -1.7767208e-03  -8.7719858e-05  -4.5299691e-04
   1.3779315e-02  -4.3931330e-03  -4.4503477e-02   1.5405160e-03   9.7320366e-05  -2.1127689e-04
  -2.0070809e-02  -1.6680831e-01  -9.8313880e-02  -4.1362324e-04   1.0455727e-03   1.1021444e-04
   8.8155606e-03  -3.6291477e-03  -7.6724496e-02  -9.9309184e-04   2.2021238e-04  -4.7983701e-04
  -8.4106456e-03  -1.8158586e-02  -9.2109170e-02  -1.8899813e-03   7.3139492e-04  -3.1539165e-04
  -7.5737326e-03  -9.8059781e-03  -7.4918060e-02  -1.4957016e-03   7.2991049e-04  -1.7278279e-04
  -1.9765713e-02  -2.1686355e-02  -9.3027731e-02  -2.4773858e-03   9.3900567e-04  -5.3160968e-04
  -1.4943698e-02   2.7687097e-03  -1.3936040e-01  -3.4218754e-03   1.1644049e-03  -6.2731914e-04
  -1.3257737e-02  -4.2816929e-02  -1.7886039e-01  -4.0516524e-03   1.2821094e-03  -5.4403589e-04
  -1.3235964e-03  -2.4262650e-02  -1.6369911e-01  -3.1705154e-03   6.7641254e-04  -7.2407742e-04
   5.7550960e-03  -1.8295402e-02  -1.4875494e-01  -2.8944702e-03   5.4025313e-04  -6.9477503e-04
  -1.0500153e-02  -4.8561432e-03  -1.3649019e-01  -3.6187354e-03   6.1036327e-04  -1.5777936e-04
   4.8058699e-03  -5.1257659e-03  -1.4833725e-01  -2.6110773e-03   2.4670464e-04  -4.1358582e-04
   1.5084911e-04   1.4112181e-03  -1.2729076e-01  -3.0160049e-03   6.6151024e-04  -3.9977412e-04
  -3.4164929e-04  -1.0062471e-02  -1.4700570e-01  -2.9176486e-03   7.4070690e-04  -3.1456213e-04
   3.4871487e-03  -8.1813619e-03  -1.4527497e-01  -2.8664306e-03   7.9340880e-04  -4.3152651e-04
  -2.3102492e-03  -1.1001988e-02  -7.5748503e-02  -1.3804905e-03   5.6510437e-04   1.1008633e-04
  -1.0108464e-02  -4.2440012e-02   1.8733355e-02   1.4655575e-03   3.5145495e-04  -3.6098587e-04
  -1.9473763e-02   7.3663125e-03   3.4750962e-02   1.6563024e-03   4.0244752e-04  -7.0485567e-05
  -1.5922748e-02   9.1041340e-03   3.6357653e-02   1.8601888e-03   3.1741347e-04  -1.0933978e-04
  -1.0274919e-02   1.5149721e-02   3.9160961e-02   1.2890320e-03   3.9967801e-05   5.5330451e-06
  -1.3214948e-02   1.6273793e-02   4.8119633e-02   1.7458840e-03   9.6941256e-05   6.9229520e-05
  -4.8565722e-02  -3.1558724e-02  -7.7584372e-02  -2.6603820e-03   5.2882054e-04   4.2514558e-04
  -1.5291955e-02  -5.2051123e-02  -3.6981003e-02   9.4700058e-04   8.3698297e-04   2.0285000e-04
  -2.3202604e-02  -6.4551433e-03  -7.8248631e-02   1.1220136e-03   6.6475292e-04   1.5039666e-04
  -2.1398707e-02  -1.5031089e-03  -6.8829420e-02  -1.8728148e-03   8.5279999e-04   3.9364405e-04
  -2.3182936e-02  -1.3791173e-03  -1.1933400e-01  -1.1249582e-03   9.9509394e-04  -2.0812936e-04
  -2.0435487e-02  -3.1365640e-02  -7.1937091e-02  -8.9193785e-04   1.2051516e-03   1.7737276e-04
  -2.1245139e-02   5.0458311e-03  -6.0060671e-02  -1.6842060e-03   1.2498320e-03  -5.2601985e-05
  -2.1968097e-02  -5.2102028e-03  -1.1563417e-01  -2.1686110e-03   1.2589703e-03  -4.3766340e-04
   3.3838957e-03   4.8008810e-02  -1.3247263e-01  -2.7968807e-03   7.5801870e-04  -4.0871031e-04
  -8.4665265e-03   4.9109151e-02   9.3834728e-02   5.3398844e-04   1.8703086e-03   2.5471628e-04
  -8.7767504e-03  -2.2842762e-01  -1.9914739e-01  -2.9383319e-03   6.2998438e-04  -2.5075391e-04
   1.3171014e-02   3.5666156e-02  -6.0921538e-02  -4.1395389e-03   7.6027001e-04  -1.2704232e-03
  -1.2177220e-02  -9.8012065e-02  -1.5961543e-01  -3.3306976e-03   1.1873213e-03  -8.2803652e-05
  -1.5271376e-02  -4.0278974e-02  -1.2293253e-01  -2.8250681e-03   1.1318877e-03  -1.0431807e-04
  -1.6685264e-02  -3.4507013e-02  -1.1108223e-01  -3.0738034e-03   1.3753840e-03  -1.6044669e-04
  -9.4657158e-03  -2.4930200e-02  -1.1696527e-01  -3.1310245e-03   1.2227414e-03  -1.8297207e-04
   7.5303318e-03   1.3504893e-01   2.4041674e-02   3.8006649e-03   5.6496779e-04   1.5511127e-04
  -2.0400778e-02  -2.2040208e-02   5.3293557e-03   3.6310380e-04   5.9423150e-04   3.8475887e-04
  -1.0212311e-02  -2.8662861e-02   1.2081295e-02   4.6758977e-04   6.1679993e-04   1.1521643e-04
  -1.5728006e-02   1.2942637e-02   1.8328715e-02   4.2828538e-04   7.5539667e-04   2.8728076e-04
  -1.5676321e-02   8.2994388e-03  -1.2100162e-02   1.0562146e-04   7.6248113e-04   1.9127060e-04
  -2.3408415e-02   5.8036241e-03  -2.4825074e-02  -9.2513762e-04   1.1498068e-03   2.8312549e-04
  -1.0873764e-02   4.1095500e-02  -1.1256529e-01  -3.5931593e-03   6.8097257e-04  -5.9719403e-04
  -2.5597127e-03   2.8972992e-02  -1.0677456e-01  -1.2393086e-03   7.3673872e-04   2.4617755e-04
  -2.1011053e-02  -1.4628051e-02  -7.3894289e-03  -4.6789728e-04   1.2428980e-03   1.5210987e-04
  -2.9564793e-03  -7.7956437e-02  -5.2302113e-02  -1.2150969e-03   9.9939793e-04   5.1434378e-04
  -1.7047763e-02  -4.2359802e-02  -2.3210390e-02  -6.0911927e-04   2.0441929e-03   1.3100027e-05
  -2.3669023e-02  -3.9469567e-02  -1.4596231e-01  -2.8852493e-03   1.6506254e-03   5.9918809e-06
  -1.7163132e-02   1.9603540e-02  -8.9779072e-02  -1.1158263e-03   1.1976274e-03  -4.2985412e-05
  -1.3785513e-02  -2.6792770e-02   1.0472430e-03   8.9578555e-04   1.4516014e-03  -4.6240070e-04
  -1.7774448e-02  -1.3849157e-02   2.9898404e-02   1.1705593e-04   8.2984924e-04   2.4544302e-04
  -3.7422330e-02   7.1150101e-02  -1.7455696e-01  -5.6402710e-03   2.2073767e-03  -2.4983051e-04
  -7.6278646e-03  -3.5944690e-02  -1.7554163e-01  -4.5638894e-03   1.6233352e-03  -1.3399719e-04
  -7.9038970e-03  -8.7727704e-03  -1.4351530e-01  -3.6604873e-03   1.3332785e-03  -3.0499624e-04
  -1.5460351e-02  -3.0105461e-02  -1.8166705e-01  -3.5857753e-03   1.4777926e-03  -1.6231530e-04
  -1.0995463e-02  -3.1480873e-02  -1.5674627e-01  -2.8425618e-03   1.4330629e-03  -2.7321342e-04
  -9.2183857e-03  -5.5015036e-02  -1.5175269e-01  -2.2904504e-03   1.2230241e-03  -1.6211910e-04
  -9.0703577e-03  -1.0045786e-02  -1.6024082e-01  -3.2166835e-03   1.3619616e-03  -1.2870774e-04
  -5.8234521e-03  -2.0606141e-02  -1.3632825e-01  -2.7795651e-03   1.5493724e-03  -1.9317180e-04
   3.1131691e-03  -6.9789348e-03  -1.5816096e-01  -2.7143150e-03   8.9601644e-04  -5.0191732e-04
   1.3193281e-02  -7.1071244e-04  -1.5112285e-01  -2.1465640e-03   8.7426014e-04  -3.5683239e-04
  -1.5253788e-02  -1.9445125e-02  -1.3338272e-01  -2.5865471e-03   1.1190864e-03  -2.7261613e-05
  -7.8208258e-03   7.7705686e-04  -8.8229147e-02  -1.9731035e-03   8.4883502e-04  -1.5469325e-05
  -8.7181648e-03  -1.4099172e-02  -9.8030876e-02  -1.9347930e-03   7.8897787e-04  -7.6739758e-05
  -1.4291096e-02  -4.2970442e-03  -9.6000485e-02  -1.9131937e-03   8.9224353e-04  -7.8428356e-05
  -4.5966434e-03  -2.9730075e-02  -9.0239956e-02  -1.2642476e-03   7.4506249e-04   8.6424373e-05
  -6.6023704e-03   7.9458711e-04  -9.1066949e-02  -2.0225032e-03   6.6007646e-04  -1.9372959e-04
  -1.2540491e-02  -2.6058242e-02  -1.2550716e-01  -3.1282173e-03   9.6996293e-04  -3.0391935e-04
  -5.2678673e-03  -5.4419668e-03  -1.6799136e-01  -2.3782182e-03   7.5876878e-04   2.3366611e-06
  -1.1113239e-02  -2.4381019e-02   5.8327549e-02  -1.8865032e-04  -9.2671989e-04  -4.9215806e-04
   8.9764354e-03  -8.1361715e-02  -2.9455748e-02  -4.4481448e-04  -2.2512451e-04  -1.8850118e-04
  -1.0362373e-02  -1.2337860e-02  -5.6874110e-02  -4.4494335e-04   6.1390072e-05  -2.7860480e-04
   4.4664399e-03  -4.9765911e-02  -8.0963449e-02  -1.3563264e-03  -1.2283665e-04  -4.9470860e-05
  -4.6181185e-03  -1.7782714e-02  -7.2316377e-02  -1.5296961e-03   3.0558458e-04  -3.8160991e-04
  -4.2548749e-03  -1.3791722e-02  -1.0779310e-01  -2.4584374e-03   4.0749190e-04  -4.9807406e-04
  -9.9877040e-05   5.2103584e-03  -1.0382873e-01  -2.3405938e-03   2.5958729e-04  -4.5285373e-04
   5.6103565e-03   7.2355204e-03  -1.1466080e-01  -2.1878256e-03   1.3883640e-04  -5.4328799e-04
  -2.1344663e-02  -2.5572615e-02  -1.3046910e-01  -1.8697380e-03   2.7096525e-04  -2.7490082e-04
  -1.3206692e-02  -1.6469036e-02  -1.4636480e-01  -1.9451533e-03   3.9379686e-04  -1.4851892e-04
  -1.6616262e-02  -1.5240394e-02  -1.3499860e-01  -1.4636602e-03   5.8382692e-04  -4.1233462e-04
  -1.4344081e-02  -1.2132003e-02  -1.2276763e-01  -1.7893673e-03   5.1132260e-04  -3.7465268e-04
  -1.4426479e-02  -9.8536936e-03  -1.0283309e-01  -1.2679969e-03   4.9645774e-04  -4.4444194e-04
  -2.1754448e-02  -1.1864865e-03  -9.4695994e-02  -2.8812297e-03   1.0850483e-03  -5.0066633e-04
   2.3526554e-03   3.8173855e-02  -1.7656362e-01  -7.6898746e-03   9.6257803e-05   1.5317712e-05
  -1.7232455e-03   1.6006524e-02  -1.3257266e-01  -3.0821281e-03   3.5981560e-04  -2.0865640e-04
  -2.4493237e-03  -7.2078147e-02  -1.9662977e-01  -2.8633432e-03  -9.2546348e-05   1.8653432e-04
   4.8141448e-03  -3.6071267e-02  -2.4097358e-01  -6.4488916e-03  -4.4444420e-04   4.1521403e-04
  -1.3289337e-03  -8.8067177e-02  -2.4053457e-01  -4.3887305e-03   4.3888854e-04   3.7791088e-05
  -3.0791575e-02  -5.3256282e-02  -2.2348434e-01  -3.9325488e-03   1.7160259e-03   3.9396708e-05
  -1.7264503e-02  -4.0391377e-02  -1.7070668e-01  -1.7025702e-03   1.0581363e-03  -9.2286605e-06
  -1.9939580e-02   5.6310324e-02  -2.1363820e-01  -1.4352057e-03  -8.1022765e-04   4.2387355e-04
