   0.0000000e+00   0.0000000e+00   0.0000000e+00   0.0000000e+00   0.0000000e+00   0.0000000e+00
  -4.1668424e-03   2.0715599e-03   9.3773848e-03   5.9569231e-05   6.5857291e-05  -6.0262505e-06
  -6.5250836e-03  -2.9721780e-03  -2.3239681e-03   1.1788086e-04   1.3808008e-04   5.4229648e-05
  -6.6413734e-03  -2.0043186e-03   2.9562174e-03  -2.5276747e-04   2.8897570e-04   2.2508723e-05
  -4.9931232e-03   8.1971201e-03  -1.8946837e-03   2.8815258e-04   1.7542132e-04   2.2149209e-04
  -5.5432491e-03  -5.0452298e-03  -1.8916991e-03   7.5270615e-05   2.5514482e-04   5.0213780e-05
  -3.6274403e-03   2.6417396e-03   1.4991677e-04   4.6083915e-05   5.2621498e-05   2.2556921e-04
   9.5592317e-06   5.5466211e-03   4.4170607e-03   2.1642850e-04  -5.5420981e-05   5.2272412e-05
   1.7441392e-03   8.4105228e-03  -8.7161729e-03  -7.0654184e-05   1.0482718e-05   2.0687799e-04
  -4.9151465e-03   5.9457355e-03  -7.7478474e-03   1.8063187e-04   1.2076803e-04   2.7764621e-04
  -4.1211506e-06   1.1101860e-02  -3.1216235e-03  -2.9923641e-04   1.7347354e-04   5.5968211e-05
   7.8358941e-04   1.0997617e-02   5.6504796e-04   2.9332108e-05   6.1096874e-05   1.6551513e-04
   1.6475228e-03   1.1112989e-02   6.4632210e-03  -7.8720654e-04   9.9245824e-06   1.9542572e-04
  -9.8719818e-04  -1.0695502e-03  -2.0490857e-03  -6.1157755e-04   2.6674364e-05   1.6182447e-04
   1.7585630e-03  -9.4701731e-03   3.5932656e-03  -6.4025401e-04  -4.3139955e-05  -5.3013966e-06
   4.7746597e-03  -1.1901785e-02   4.2549414e-03  -8.6646929e-04  -1.3265481e-05   7.2457527e-05
   7.6729078e-03  -1.6067823e-02   2.4060572e-03  -8.4121054e-04  -9.1942964e-05  -2.5821100e-05
   9.7602393e-03  -1.2255210e-02  -9.2770977e-03  -3.3428859e-04  -1.6317706e-04   1.8604521e-04
   1.1956444e-02  -1.0434277e-02  -5.3592800e-03  -7.5351677e-04  -3.1303086e-04   4.0387658e-05
   8.8695965e-03   1.5503212e-03  -1.9148799e-02  -1.1286946e-03  -2.1904582e-04   1.0177046e-04
   1.4838657e-02  -5.2651105e-03  -5.2975907e-03  -9.5820832e-04  -3.8262145e-04  -3.5465135e-04
   1.3514666e-02   5.1851701e-03  -1.4225870e-02  -2.8473273e-04  -4.3186309e-04   3.4236772e-04
   6.7156392e-03   1.2136128e-02  -3.1967993e-02  -1.2259907e-04  -3.1557044e-04   2.0875805e-04
   7.9688962e-03   1.3383144e-02  -1.5817887e-02  -6.2794359e-05  -3.1013455e-04   2.0190762e-04
   9.6356026e-03  -3.9408233e-03   3.4147014e-03   4.7303949e-05  -1.7985512e-04  -1.3750170e-04
   7.6502344e-03  -8.9389825e-03  -4.5486006e-03   3.6310304e-04  -1.3574708e-04   2.4296584e-04
   6.3242893e-03  -1.4857084e-02  -5.8307655e-03  -4.8869972e-05  -2.2060495e-04  -9.5513039e-06
   4.4442611e-03   3.3524863e-03  -1.1252261e-02   2.8948192e-05  -2.4245115e-04   4.1323319e-05
   4.2243157e-03   2.7001250e-04  -1.8381896e-03   6.0146963e-05  -3.4079716e-04   2.6919142e-04
   7.8753098e-03  -9.5757478e-04   1.4682497e-02  -1.1355258e-04  -3.2150868e-04  -1.0029946e-04
   1.0133102e-02  -7.0143495e-03   3.7046351e-03  -1.3494314e-04  -4.2890800e-04  -1.9954515e-05
   8.4345759e-03  -5.8423822e-03   5.8750188e-03  -3.2543852e-04  -3.0516924e-04  -7.4454567e-06
   9.9952388e-03  -4.6158960e-03   2.9642465e-03  -9.3895216e-05  -3.4655872e-04  -1.5574190e-04
   6.1003211e-03   3.6212304e-03   5.3142782e-03  -3.9922259e-04  -2.5990970e-04  -2.1781013e-04
   3.2462925e-03  -1.3281692e-02  -5.8258868e-03  -1.9205152e-04  -2.3743115e-04  -4.2021905e-04
   4.3957162e-03  -6.5061656e-03  -6.2611825e-03  -2.3155640e-04  -2.2852850e-04  -1.6065759e-04
   6.2909697e-03  -1.1688133e-02   4.7844617e-03  -1.3542219e-04  -4.0086974e-04   7.1524704e-05
   4.7747595e-03  -6.8387865e-03  -2.4083089e-03  -1.9147987e-04  -1.6562218e-04  -3.6374609e-04
   7.8916772e-03  -1.2532679e-02  -3.6161349e-03  -3.7194263e-04  -3.4179770e-04   1.6213242e-04
   4.2080082e-03  -1.0155301e-02  -4.8897468e-03  -9.9816492e-04  -1.6226161e-04  -2.0824630e-04
   5.9052670e-03  -2.2732522e-02   1.5926532e-03  -1.6199719e-04  -3.0939744e-04  -1.9485283e-04
   9.8914740e-03  -1.3754752e-02   6.6075120e-04  -4.2716562e-04  -2.6382623e-04   6.1403489e-05
   1.2333881e-02  -2.1702048e-02   2.1169706e-03  -4.5725758e-04  -6.2150526e-04   1.6090987e-04
   9.4410657e-03  -8.4015909e-03  -6.6390950e-04  -5.6803442e-04  -3.4191047e-04  -1.9913826e-06
   1.1564757e-02  -2.4014839e-02  -4.9280218e-03  -3.4033427e-04  -3.9974167e-04  -1.7971079e-04
   1.0375973e-02   9.0279680e-04  -1.1655014e-02  -7.6275724e-04  -2.3933199e-04  -1.0269381e-04
   1.4240070e-02  -2.8201885e-02  -4.5429885e-04  -7.1969439e-04  -1.2315648e-04  -2.4156914e-04
   1.1253327e-02  -1.6957265e-02  -4.5412522e-03  -5.7116823e-04  -3.9174056e-04  -1.1291109e-04
   1.1814625e-02  -2.7798309e-02   3.7729481e-03  -5.6753500e-04  -4.1753524e-04   2.1043675e-04
   9.0513449e-03  -9.9985097e-03  -4.1195939e-03  -4.2394417e-04  -2.7632629e-04   3.5347945e-07
   1.6940689e-02  -5.1816361e-03  -1.9063468e-02  -5.0842663e-05  -3.7770588e-04   2.7354438e-04
   1.1818058e-02  -4.0313637e-05  -1.5556714e-02  -2.7438266e-05  -1.8797652e-04   1.2082593e-04
   9.1700206e-03  -6.0386764e-03   3.0217201e-03  -1.7344815e-04  -1.3624981e-04  -5.3763505e-06
   1.3301054e-02  -4.4145205e-03  -1.8381692e-03  -1.3978158e-04  -3.7766954e-04   8.7817390e-05
   1.1156464e-02   1.1685291e-02  -1.6017488e-03  -1.4213912e-04  -4.1227190e-04  -2.8677224e-05
   8.1526942e-03  -6.3838241e-04   3.1111985e-03  -7.0188015e-04  -2.8559511e-04  -2.3692925e-04
   1.0593579e-02   9.3712401e-04   6.6428308e-03  -8.6208414e-04  -3.2202113e-04  -4.9631257e-06
   1.0410220e-02  -8.4896999e-03   1.0677331e-02  -1.1391499e-03  -5.2872639e-04  -3.6781190e-04
   1.3484561e-02  -9.7038953e-03   2.7099597e-03  -1.0162763e-03  -6.3587990e-04  -1.4704424e-04
   1.7176026e-02  -1.4795041e-02   9.3662273e-03  -8.0490516e-04  -6.1477687e-04  -3.1529754e-04
   1.3415831e-02   1.4904402e-04  -1.5228383e-02  -4.6076674e-04  -6.2278094e-04  -6.3867310e-07
   1.5910101e-02  -4.7167732e-03  -1.2276597e-02  -6.8755161e-04  -4.9517749e-04  -1.4596802e-04
   8.4739910e-03   2.0464080e-03  -1.8426997e-02  -7.5434242e-04  -4.8534766e-04  -4.0508996e-04
   7.1355285e-03  -1.7176301e-02  -2.1498178e-03  -8.9511981e-04  -4.7679193e-04  -5.3447364e-04
   1.2837433e-02  -8.4735400e-03  -4.2969958e-03  -7.8065850e-04  -7.9072318e-04  -1.4801118e-04
   1.3635629e-02  -6.2945303e-03  -1.6823463e-02  -3.7023140e-04  -6.6845214e-04  -1.2285053e-04
   6.3560933e-03   1.2236678e-03  -1.8761276e-02  -6.2164824e-04  -4.7646530e-04  -4.8879298e-04
   1.6471662e-02  -3.3473722e-03  -9.5662710e-03  -5.5761267e-04  -7.6119366e-04  -2.7609044e-04
   1.8035257e-02   1.3195236e-03  -1.7127714e-02  -1.8784172e-05  -7.8600402e-04  -3.7200442e-05
   1.4988197e-02   4.8048905e-03  -1.4599839e-02   2.0912138e-04  -6.2013191e-04  -3.7106816e-04
   1.4239362e-02   5.5878490e-03  -3.8818403e-03   1.0612456e-04  -6.0730354e-04   7.8706153e-05
   7.4905197e-03  -6.8738709e-03   8.7766602e-04  -1.3706446e-05  -5.0270254e-04  -5.4974439e-05
   1.7798051e-02   4.2046176e-03   1.1857002e-02   3.7748750e-04  -8.0018939e-04  -7.8967706e-05
   2.6538462e-02   1.5874278e-03   4.0895889e-02   8.4034713e-04  -9.4821198e-04  -3.6407839e-04
   1.4884165e-02  -4.5109657e-03   3.9528067e-03  -2.8356809e-05  -6.4470128e-04  -7.6063563e-06
   1.3264339e-02   1.0386569e-02   1.2771508e-03   4.8371311e-04  -7.9195146e-04   1.0664076e-04
   7.7171059e-03  -1.6146113e-02   7.7009254e-03   1.5617458e-04  -2.1432565e-04   2.7791214e-04
   6.4308152e-03   3.7506634e-03   3.4452957e-02   4.6470755e-04  -2.3636068e-04  -8.4969737e-05
   5.7588248e-03  -8.9022089e-04   3.1068653e-02   1.3657603e-04  -2.8142029e-04  -4.8592948e-04
   1.2371901e-02  -6.7535532e-03   2.5843200e-02  -2.1737202e-04  -4.1074389e-04  -3.2823514e-04
   1.5137252e-02  -6.4612842e-03   2.3436246e-02  -1.4880825e-04  -5.1778846e-04  -1.2405635e-04
   1.8135750e-02  -1.3072991e-03   1.0403744e-02   8.2472103e-06  -5.1535826e-04  -9.7094591e-06
   1.1123786e-02  -2.3271965e-03   1.2512969e-04   1.7429897e-04  -2.6946046e-04  -2.0785476e-04
   1.4995978e-02   6.5495539e-03   9.5721641e-04   2.7341735e-04  -3.1138301e-04  -2.5285202e-05
   8.2988738e-03   3.1665700e-03  -7.9107830e-03   1.4497919e-04  -2.3743159e-04   1.5806474e-04
   1.0252765e-02   5.7595512e-03  -3.1092760e-03   3.5216236e-05  -2.0416963e-04  -3.3307260e-04
   1.1461160e-02   4.6250841e-03  -7.5631312e-03   2.4857808e-04  -3.4131217e-04   1.9041808e-04
   9.6699316e-03   1.0978024e-03  -2.2753243e-02  -6.2685557e-05  -1.5629581e-04  -7.2045366e-05
   9.0845832e-03  -1.9333182e-03  -2.3166799e-03   2.1745473e-04  -2.0484690e-04  -3.7087481e-05
   1.3763364e-02   1.6911350e-03  -3.3752279e-05  -7.6984831e-05  -2.9456549e-04  -2.4507317e-05
   1.4674831e-02  -6.2704963e-03  -1.0357532e-02  -1.6305803e-04  -3.5668931e-04  -1.6871392e-04
   1.2848066e-02  -3.1007318e-03  -1.9531809e-03   6.7909065e-05  -3.3101883e-04  -3.8545473e-05
   1.4372479e-02  -6.1494090e-05  -6.6172145e-03  -5.6309235e-05  -2.0916307e-04  -7.1562101e-05
   1.7692904e-02   6.2575225e-03  -1.7038235e-02   1.8796592e-04  -3.4339845e-04  -1.5822893e-04
   1.5382052e-02  -3.4608103e-03  -5.7595830e-03   2.5153942e-04  -3.8671212e-04  -4.2670027e-05
   1.3674121e-02  -1.3571613e-03   1.6402742e-03  -2.0885971e-05  -3.6410452e-04  -1.4329947e-04
   1.3217826e-02  -8.6740251e-03  -2.6582775e-03   1.6662980e-04  -5.0348512e-04   6.8539536e-05
   1.0545590e-02  -3.2828337e-03  -8.9882332e-03  -1.2933242e-04  -3.1362296e-04  -9.6913262e-05
   9.6696139e-03   7.1461292e-03  -4.2209993e-04   1.1226789e-04  -3.1393213e-04  -4.6177613e-04
   8.3994497e-03   3.6521815e-03  -1.1947248e-02  -4.6453773e-05  -2.8196354e-04  -1.6912530e-04
   1.3581208e-02  -2.9322560e-03   5.4167878e-03   4.9523631e-05  -2.1376056e-04  -1.7403030e-04
   9.6695498e-03   4.7522801e-03   1.1743674e-03   9.3910947e-05  -3.1282079e-04   1.2120448e-04
   1.0495562e-02  -1.3623450e-02   3.0178136e-03  -2.9394502e-04  -2.8904201e-04  -7.8343936e-05
   1.1429098e-02   8.2332106e-03  -3.0441632e-03  -4.6726887e-04  -4.5871704e-04  -1.1540101e-04
   1.5784765e-02  -2.4008102e-02  -2.9706530e-03  -8.6025092e-05  -4.4018591e-04  -1.5336380e-04
   1.6633255e-02  -1.8554518e-02   6.1656362e-03  -1.1447258e-04  -3.6528238e-04  -5.9600211e-05
   1.5896491e-02  -4.0294946e-03   3.1185216e-03  -9.8415771e-05  -2.5761060e-04  -5.9161895e-05
   1.1476071e-02   1.0295206e-02   1.1334400e-03   8.6823032e-05  -1.4082872e-04  -6.0281194e-05
   1.1765178e-02   7.9189194e-03   2.7687475e-03  -4.8987681e-05  -1.9422159e-04  -1.0172015e-04
   6.1222915e-03  -1.9057893e-02  -2.8268223e-02   2.8548584e-04   1.0225505e-04  -1.3639042e-04
   9.1985392e-03  -3.3324187e-03   3.2802726e-03   1.1933586e-04  -8.4911962e-05  -1.4100743e-04
   1.2048374e-02   8.9645282e-05   3.9510265e-03   1.7157962e-04  -9.7194822e-05   5.1822074e-05
   1.2262055e-02  -2.3326083e-03  -7.4252289e-03   4.6290347e-05  -9.6835496e-05   8.8440974e-05
   1.7355475e-02  -9.7050857e-03   1.4374468e-02  -2.2934478e-04  -4.1946072e-04   1.2129513e-04
   9.5888479e-03  -3.9105057e-04  -3.6917968e-03  -5.7195236e-04  -2.3141533e-04   1.2721717e-04
   1.2494763e-02   4.1309474e-03  -7.4555240e-03  -2.8887101e-04  -3.0674472e-04   2.6922498e-05
   1.0773895e-02   3.9362212e-04   1.1052181e-03  -7.8968406e-04  -3.3838143e-04   8.0539473e-05
   1.1478618e-02   1.6385272e-03  -7.2200447e-04  -1.9065425e-04  -3.4513213e-04  -1.2046275e-04
   9.0523556e-03   2.0393171e-03   2.7070549e-02  -1.1180231e-04  -3.5502518e-04  -5.7569459e-05
   1.3869233e-02  -7.5607809e-04   2.3198148e-02  -5.9623931e-04  -4.3039028e-04  -2.3638413e-04
   1.2105519e-02   5.6563953e-03   2.8742590e-02  -4.2424362e-04  -4.8737502e-04  -1.2528478e-04
   1.4551778e-02  -4.4330906e-03   1.9663860e-02  -2.5326114e-04  -5.6585678e-04  -1.5442005e-04
   1.5159673e-02   4.4461619e-03   2.5338542e-02  -3.2877903e-04  -5.2615529e-04  -1.3316669e-04
   1.3470493e-02   4.1069816e-03   1.7399504e-02  -6.0374227e-04  -3.5876389e-04  -2.2445332e-04
   1.3178980e-02  -2.1375871e-03   2.1426821e-02  -2.4617203e-04  -3.8875970e-04  -3.3686647e-04
   8.4996261e-03   6.3163178e-02   3.4257438e-02   8.7042195e-05   1.1546298e-04  -7.5014026e-04
   1.9587529e-02   1.9908303e-02   1.2798302e-02   4.6086515e-05  -3.4018893e-04  -1.1123030e-04
   1.7270219e-02   7.7913322e-03   2.5845906e-02  -2.2351760e-04  -3.7662244e-04  -1.0994200e-04
   1.7347484e-02   1.0551447e-02   4.0419140e-02  -5.0270698e-05  -3.6314106e-04  -1.2601768e-04
   1.3019195e-02   1.3723732e-02   2.1817081e-02  -3.1080364e-04  -2.9873863e-04  -1.7965149e-04
   1.6790000e-02   2.0022305e-02   1.8601188e-02  -4.2856101e-04  -4.4778280e-04  -2.2605479e-04
   1.5102650e-02   2.1516565e-02   5.9753321e-03  -8.0600239e-04  -4.5128043e-04  -1.6841315e-04
   2.2527694e-02   1.8495600e-02   1.1019006e-02  -4.7704236e-04  -5.7504588e-04  -1.2484095e-04
   1.6336590e-02   1.7882041e-02  -2.6707724e-03  -6.8867333e-04  -4.4434889e-04  -1.6912659e-04
   1.5622170e-02   1.0041318e-02  -2.7690546e-03  -8.3606426e-04  -5.6103089e-04  -1.6610219e-04
   2.2600009e-02   8.5556695e-03   8.1322292e-03  -6.7769035e-04  -6.2085726e-04  -1.5632982e-04
   1.9132644e-02   1.2666997e-02  -2.0379345e-02  -8.3244841e-04  -5.2496265e-04  -6.0708098e-05
   1.9368029e-02   8.3462723e-03  -1.0946738e-02  -5.7901767e-04  -3.5528207e-04   1.2863133e-06
   2.1076810e-02   1.5516848e-02  -2.9382339e-02  -7.9531316e-04  -4.4723254e-04  -7.2924704e-05
   2.3457070e-02   2.2102617e-02  -3.3263685e-02  -7.4178258e-04  -3.4474173e-04   3.3917994e-05
   2.3261835e-02   2.3029007e-02  -3.2367332e-02  -4.6247042e-04  -4.1047592e-04  -5.6042577e-05
   2.3503431e-02   3.2040004e-02  -3.1582743e-02  -2.1104272e-04  -3.4535528e-04  -5.4103430e-05
   2.1778628e-02   2.9158724e-02  -2.9766347e-02  -4.3030927e-04  -3.3350503e-04   6.8274655e-07
   1.9868266e-02   2.1199767e-02  -2.0651766e-02  -3.2518173e-04  -4.0957865e-04   3.3881688e-05
   1.6341946e-02   1.3751814e-02  -5.0407447e-03   1.8447957e-05  -4.2207821e-04  -1.1735918e-04
   1.9995859e-02   5.4154546e-03  -1.4192565e-02  -7.9696329e-04  -5.2049980e-04  -2.2672121e-04
   1.6123173e-02   4.8507236e-04  -3.3430056e-03  -7.1091905e-04  -4.2604906e-04  -2.5577565e-04
   1.5869219e-02   2.1181575e-03  -6.0123399e-03  -7.7989217e-04  -5.3552409e-04  -1.4317155e-04
   1.9137304e-02   1.4844309e-02  -1.3711308e-02  -8.6744249e-04  -6.5914061e-04  -5.6215360e-05
   1.4951705e-02   1.1525091e-02  -1.0465539e-02  -5.4910715e-04  -5.0530373e-04   1.5463295e-06
   1.8673683e-02   1.8696768e-02  -2.4266052e-02  -7.9909502e-04  -4.8878672e-04  -1.4661706e-04
   1.7366568e-02   3.4509292e-02  -2.5302356e-02  -4.0908999e-04  -6.5267193e-04   2.5847598e-05
   1.7729451e-02   3.9751070e-02  -3.4045199e-02  -5.4717495e-04  -4.9388530e-04  -3.6078517e-05
   1.6698111e-02   3.0514082e-02  -2.5446386e-02  -4.9656492e-04  -3.9041804e-04  -2.1742965e-04
   1.9944788e-02   3.2713210e-02  -2.1547840e-02  -1.2558506e-04  -6.6596153e-04   1.0066352e-04
   1.7560541e-02   3.7948811e-02  -2.4741814e-02  -4.6854322e-04  -3.3240398e-04  -1.7100075e-04
   2.0570933e-02   2.6309112e-02  -1.7143167e-02   2.1902644e-05  -7.9511805e-04   1.3310515e-04
   1.7174668e-02   1.6124778e-02  -1.2033538e-02  -4.3410276e-04  -6.0474837e-04  -1.6186920e-04
   4.6164036e-03   1.7458328e-02   6.2630475e-02   1.1874713e-05  -5.4984304e-05  -2.8878434e-04
   1.1464538e-02  -2.9083329e-02   3.5527283e-02   6.7090155e-04   2.2667701e-06  -2.1519092e-04
   1.2007858e-02  -1.6346971e-02   2.5914902e-02   1.1354111e-04  -1.3646318e-04  -1.0896424e-04
   8.6735925e-03  -2.0983121e-02   4.2446780e-02   3.6304884e-04  -9.8733804e-05  -1.0674156e-04
   1.6627967e-02  -1.5880232e-02   3.2476207e-02  -4.6427581e-04  -3.4430822e-04  -1.8577754e-04
   2.2756233e-02   6.2337221e-03   3.9798566e-02  -1.1698440e-04  -8.7662568e-04  -4.6223378e-04
   1.0071745e-03   2.9670937e-02   1.2911250e-02  -8.8609815e-04   7.2916437e-07  -2.2853692e-04
   4.8936161e-03   5.2149715e-02  -4.9769060e-03  -1.5404714e-03  -3.7837995e-04  -8.0125037e-05
  -2.1436795e-03   3.1756357e-02   2.8844336e-02  -1.7286467e-04  -2.3484947e-04  -2.1526014e-04
  -1.7625145e-02  -9.1618601e-03   6.5051892e-02   2.7742910e-04  -9.7923647e-05   1.8771198e-03
   7.0404066e-04   1.9438392e-02   6.4685214e-02  -1.0305065e-03   1.6915057e-04  -5.0987680e-04
   1.9028931e-03   2.3932631e-02   3.9790325e-02  -1.0303202e-03  -2.7243591e-04  -5.1021846e-05
   3.2831212e-03   3.1717450e-02   1.8117843e-02  -8.0795589e-04  -1.9210943e-04   2.0138003e-05
   1.5353622e-04   3.1701763e-02   1.7163462e-02  -5.4644563e-04  -6.5078363e-05   4.6861808e-05
   8.5909490e-04   3.4072234e-02   1.0907804e-02  -5.3890989e-04  -4.4765981e-05   1.7240947e-04
  -1.2023966e-02   5.7402249e-02  -8.0212784e-03  -3.6713126e-05   2.2277824e-04   2.8542682e-04
   5.3551600e-03   3.7625445e-02  -1.8568211e-02  -1.3014982e-03   9.4785550e-05   1.4598697e-04
  -2.9855767e-03   2.5395258e-02   4.0728172e-03  -5.7079232e-04   1.9615972e-04   2.1339130e-04
  -1.9856293e-03   2.1104734e-02   1.2078494e-02  -3.9491080e-04   1.4303275e-04   2.9096350e-04
  -4.9493194e-03   2.0676920e-02   1.0332718e-02  -8.1398208e-04   6.0595611e-05   1.7440608e-04
  -2.8084134e-03   1.9211371e-02   1.0531513e-02  -7.2934429e-04  -1.8258412e-05   2.1282159e-04
  -6.6262681e-03   1.7851138e-02   5.7590157e-04  -7.5486709e-04   3.6757309e-05   2.5503015e-04
  -3.7758131e-03   1.6314725e-02   1.4186789e-02  -5.3873407e-04  -1.0079847e-04   1.1350249e-04
  -7.4899972e-03   1.9705127e-02   5.5967949e-03  -7.6503194e-04  -1.5169433e-05   2.1602759e-04
  -2.9195233e-03   2.1475727e-02   3.7680253e-03  -9.0174406e-04  -8.4699161e-05   2.5607351e-04
  -2.9506715e-03   1.5962002e-02   2.3418610e-02  -6.5180870e-04  -5.2301527e-05   1.9977553e-04
  -4.5021514e-03   1.8789760e-02   2.7002902e-03  -8.8618889e-04  -1.9164815e-05   1.8080553e-04
  -2.1896391e-03   2.1637768e-02   1.8262094e-02  -7.9811442e-04  -9.1365139e-05   1.8698919e-04
  -5.0792363e-04   3.2673547e-02   7.2159360e-03  -8.4236011e-04  -6.5922358e-05   1.9775833e-04
  -3.8254041e-04   2.6448974e-02   4.7361205e-03  -7.4044146e-04  -6.7950948e-05   2.4000775e-04
  -3.3334519e-03   2.4137992e-02   1.7687492e-02  -6.5305025e-04  -7.7769483e-05   1.1343457e-04
  -2.0091447e-03   2.8597312e-02   1.5990126e-02  -9.9297200e-04  -2.2922702e-04   1.3851363e-04
  -1.0420224e-03   2.3957079e-02   1.6459193e-02  -7.7499325e-04  -2.6607160e-04   1.0853298e-04
  -7.6112838e-04   2.7903537e-02   1.1872283e-02  -9.7897766e-04  -1.4745767e-04   1.7504895e-04
   3.1974239e-03   3.2542312e-02   1.1580624e-02  -7.7547959e-04  -1.6132720e-04   1.5762901e-04
   2.7746987e-03   2.6960080e-02   1.4814186e-02  -7.9489495e-04  -1.5778537e-04   1.8596481e-04
   5.3303971e-03   2.6108165e-02   2.0026811e-02  -7.3405458e-04  -4.0938251e-04   1.7561390e-04
   4.7043726e-03   2.3011342e-02   1.8863255e-02  -9.7467957e-04  -5.0460843e-04   2.0042680e-04
   4.2533399e-03   2.7113648e-02   1.6429866e-03  -9.4708616e-04  -3.3129042e-04   1.4892155e-04
   8.1861276e-03   3.5127207e-02   9.7976725e-03  -4.8106049e-04  -3.3522486e-04   1.4082960e-04
   7.6764671e-03   3.9595734e-02  -5.7366103e-04  -4.9028363e-04  -4.1115108e-04   1.5432297e-04
   6.1108684e-03   3.8732767e-02   1.8534517e-03  -3.1348204e-04  -3.3466327e-04   8.8826453e-05
