   0.0000000e+00   0.0000000e+00  -7.1054274e-15   1.1102230e-16   0.0000000e+00   0.0000000e+00
   9.2515530e-03  -3.8022990e-03   4.7319077e-03  -6.1986635e-05  -1.7403891e-04  -9.6103159e-06
   8.9936038e-03   2.0650668e-03  -2.1436638e-03   6.1760027e-05  -8.1883407e-05  -4.2463610e-05
   1.3126205e-03  -5.1926805e-03   1.1848102e-02   1.9725915e-04   1.7485211e-05   5.4420486e-05
   7.8080504e-03  -8.4012520e-03   1.2806501e-02   2.1664976e-04  -6.7702329e-05   3.9793772e-06
   8.0709770e-03  -6.8477472e-03   1.2873963e-02   3.0976057e-04  -1.2026022e-04   1.2335944e-05
   8.5067649e-03   1.0275314e-03   6.6610747e-03   1.8244704e-04  -1.0012181e-04  -1.1439167e-04
   6.3725315e-03   1.0189628e-03  -9.3202466e-03  -1.4098743e-04  -6.4970216e-05  -1.2773664e-04
   9.3218896e-03  -9.2587624e-03   9.4002932e-03   1.0715460e-04  -1.5069740e-04  -5.2256769e-05
   8.2764975e-03  -4.7797669e-03   1.1946970e-02   1.0764117e-04  -4.0456831e-05  -3.7979423e-05
   8.6914483e-03   7.6072019e-04  -1.7727378e-03  -2.0587544e-04   3.3464519e-07  -3.5176306e-05
   1.4725103e-02  -7.6856384e-03   1.1748072e-02   1.2380076e-04  -1.2920021e-04  -1.0822143e-04
   1.1769892e-02  -1.7397647e-02  -2.0282073e-03  -7.8969763e-05  -1.1172649e-04  -1.1448529e-04
   9.5232026e-03  -1.0145296e-02  -1.2243771e-03  -2.0927686e-04  -1.6681298e-04  -1.6875298e-05
   1.0325307e-02  -1.1460172e-02   5.1999548e-03   1.4385541e-04  -1.7744407e-04  -2.0298504e-05
   1.2795361e-02  -6.2880945e-03   1.7777150e-03  -1.2981257e-04  -1.6469144e-04  -4.2079871e-05
   8.5863143e-03  -1.3745331e-02   5.4237211e-03  -2.0864380e-05  -1.0375177e-04  -1.9658625e-05
   1.1842963e-02  -5.1974443e-03  -3.5423288e-03  -3.5441063e-04  -1.3342242e-04  -6.2801862e-06
   1.2936381e-02  -6.6306431e-03   1.1572606e-02   4.5270457e-05  -1.5830473e-04  -1.0843411e-05
   8.9675999e-03  -5.3992084e-04  -3.6164531e-04  -7.4803083e-05   2.1572139e-05  -3.1211833e-05
   3.5608820e-03  -2.4866070e-03   5.9195968e-03   2.3137549e-05  -1.6744443e-05   6.2141371e-05
   6.5181044e-03   2.7961590e-03  -3.1284890e-03  -1.5301937e-04  -7.9757544e-05   6.8204341e-06
   8.3882250e-03   3.9390683e-03  -4.4727912e-04  -3.8267142e-05  -8.9384654e-05  -4.2554716e-05
   1.3130497e-02  -3.5502462e-03   1.3379694e-02   2.2296152e-04  -1.3014584e-04  -1.1097472e-04
   7.0337821e-03   1.7955583e-03   2.1477046e-03  -7.0631564e-06  -3.3869523e-05  -6.8576418e-05
   2.1381119e-03   6.3935745e-04   3.9901844e-03   3.6618818e-05   3.7259133e-05  -8.7805997e-05
   4.4714952e-03   7.5571378e-03   2.5294627e-03  -2.4716432e-04  -1.0179369e-04  -6.3711176e-05
   8.8894567e-03   1.4148180e-02  -1.4731115e-03  -1.0975489e-04  -1.1078730e-04  -1.2477885e-04
   4.8414129e-03  -1.7750194e-03   4.3333724e-03   7.2829043e-05  -6.5762888e-05  -4.6779762e-05
  -4.7645054e-04  -1.1414198e-02   1.4849973e-03   3.0011249e-05  -6.7467564e-05   6.1198298e-05
   1.1836960e-02  -1.0956672e-02   1.2015551e-02  -3.8056188e-05  -3.6648355e-04  -9.9248775e-07
   7.1627420e-03  -3.9036353e-03  -6.0913914e-03   2.1983498e-04  -9.4249197e-05  -9.5338201e-05
   1.9084047e-03  -1.6751247e-02  -2.7445206e-03   1.5388608e-04   4.3797477e-05   6.4526097e-05
  -1.0147208e-04  -8.2158600e-03  -2.4276648e-03   1.3060681e-04   1.0830269e-05   9.3043947e-05
   9.0224642e-04  -4.8403402e-03   7.8432969e-03   1.0222754e-04   2.2299988e-05   4.1388897e-05
   1.0150556e-02   1.6965031e-03   1.7831120e-02   9.8563508e-05  -1.2788116e-04  -1.0908670e-04
   7.0411146e-03   8.3167975e-03   3.4117066e-03  -1.1813603e-04  -2.0764748e-05  -1.7940809e-04
   5.4757502e-03  -6.4390101e-03   1.1222716e-02   5.2723506e-05  -3.0236443e-05  -1.7357991e-04
   8.6873471e-03  -1.0070083e-02   1.6393959e-02  -1.4999904e-04  -1.0522080e-04  -1.0308138e-04
   1.2671164e-02   5.2102882e-03   7.9203307e-03  -2.1205421e-04  -9.8242566e-05  -2.3502409e-04
   7.5226085e-03  -2.1224377e-04  -8.0780062e-03  -1.5532273e-04   3.3885838e-05  -1.4119223e-04
   1.0461649e-02  -1.7739497e-03   3.9581226e-03  -7.2944896e-05  -9.6246304e-05  -4.6758067e-05
   1.3580000e-02   6.4799650e-05   3.6759417e-03   1.9205961e-04  -4.3366685e-05  -1.5886104e-04
   1.0840002e-02  -1.2470654e-04   1.5776161e-04   6.5620168e-05   5.5893649e-06  -4.1475084e-05
   1.0703993e-02   6.0543455e-04   2.4512612e-04   3.2768170e-05   2.7744071e-05  -8.3177614e-05
   1.7110018e-02  -4.0419005e-03   1.0593997e-02   3.9351147e-05  -1.6784222e-04  -8.2875517e-05
   1.3401266e-02   7.6070700e-03   1.3744435e-03   6.4669879e-05   1.3258750e-05  -1.7559287e-04
   5.8935956e-03   3.1979185e-03  -4.4564435e-03  -2.3155495e-04   5.4254247e-05  -1.2505994e-04
   7.7933009e-03   1.1322684e-02  -1.7507141e-03  -3.3785700e-05  -7.9452590e-05  -1.5131642e-05
   1.3178016e-02   1.6697239e-02   1.2198204e-02   8.9635766e-05  -1.1711072e-04  -2.5460403e-04
   7.2176381e-03   2.3384584e-02  -1.2705604e-02  -4.1394163e-04  -7.4841292e-05  -1.4303535e-04
   1.7654477e-03   1.5991827e-02  -7.0189318e-04  -1.1117635e-04   7.7209225e-05  -1.4852799e-04
   6.6930991e-03   1.5237953e-02   2.8645723e-03  -1.9598663e-04  -9.0259540e-05  -2.2659953e-04
   1.0513239e-02   1.7943336e-02   3.4774347e-03  -2.4421961e-04  -2.7452917e-04  -1.7883889e-04
   8.3713057e-03  -1.8740887e-02  -3.8544036e-03   3.4565582e-04  -3.1446877e-04   1.8623868e-04
   1.5797415e-03  -2.5795093e-03  -2.3547004e-03  -4.2869053e-04  -1.6234503e-04   7.6674834e-05
   4.1833559e-04   5.6272108e-03   1.2984169e-02   1.6428231e-05  -1.5746270e-04   4.6927029e-05
   2.7494426e-03   5.9436385e-03   2.9672643e-03  -1.9793237e-04  -1.2245906e-04  -2.1814318e-05
   5.6182873e-03   5.2175289e-03   9.8767055e-03  -4.6689372e-05  -1.3123562e-04   5.6330190e-05
   9.6142675e-03   1.3076458e-02   2.2016849e-02   7.7706763e-05  -1.9678443e-04  -7.9714071e-05
   2.7152799e-03   8.6086631e-03   1.3746772e-02   9.9195343e-05   1.6715280e-05   1.5510955e-06
   3.1806371e-03   2.0605245e-03   1.4974433e-02   1.1737535e-04  -2.5832574e-05   6.9100094e-05
   1.0995295e-02   7.7745906e-03   1.5992099e-02   1.7370955e-05  -1.2471711e-04  -7.0926281e-05
   2.1878050e-03   6.3188865e-03  -3.7919723e-03  -2.4120521e-04   3.5312691e-05  -8.5250574e-05
   4.6437579e-03   7.5670271e-03   8.9340934e-03  -5.4818961e-05  -6.9963256e-05  -9.6745908e-05
   1.2130310e-02   1.0726055e-02   8.2990184e-03  -2.1193697e-04  -8.4724442e-05  -1.9535070e-04
   1.5444820e-02   1.4584306e-02  -1.1773299e-03  -8.3195867e-05  -1.8972811e-04  -1.8318941e-04
   6.7199261e-03   9.2284339e-03   2.3745059e-03  -5.0277334e-05  -7.4929862e-05  -2.6533914e-05
   6.1641866e-03   4.4194901e-03   3.8409579e-03   7.7444109e-05  -1.2531783e-04   1.7565065e-07
   8.3890758e-03   3.1962273e-03   3.3838287e-03  -2.1924908e-04  -2.4663369e-04   5.9480861e-05
   8.0684696e-03   6.5431802e-03   7.4620806e-03   3.1499137e-05  -1.3345989e-04  -3.9211745e-05
   5.6790638e-04   1.0067659e-02  -2.5007103e-03  -2.3266975e-04  -2.3766123e-05   2.2780475e-05
   1.4302968e-03   1.7843483e-02   2.4190720e-03  -1.6150955e-04   1.2031319e-05  -1.0715291e-05
   1.1406894e-02   1.9349429e-02   3.5023363e-03  -3.1782738e-04  -1.9787648e-04  -5.5031086e-05
   1.3085742e-02   1.3478047e-02   1.0193096e-02   1.3365637e-04  -2.2905568e-04  -7.9875653e-05
   1.0174013e-02  -2.0916972e-02  -1.4275172e-02   2.1837530e-04  -1.8955874e-04   1.2836479e-04
   3.1336977e-03  -1.0248674e-02   2.6864111e-03  -1.8276303e-04  -2.7998628e-05   2.0391831e-04
   6.6795800e-03  -9.3454850e-03   1.4380820e-02  -2.7155050e-04  -2.0227577e-04   1.9128936e-04
   9.8226545e-03  -1.6767683e-03   1.5048120e-02  -7.4840982e-05  -1.9076561e-04   2.0994239e-05
   1.1960476e-02   4.5127771e-03   1.2557053e-03  -3.1624227e-04  -1.7132111e-04   6.3476551e-05
   6.7043588e-03   1.0222879e-02  -3.5411753e-05  -1.5140913e-04  -9.3342723e-05   1.1761676e-04
   8.1228824e-03   8.6530549e-03   8.9278845e-03  -3.5519836e-05  -1.9629593e-04   9.8285149e-05
   6.7049055e-03   1.8820542e-02   1.3633572e-02   2.1951643e-04  -1.5660200e-04   2.0278749e-05
   2.6964698e-03   1.7899467e-02  -5.3028980e-04  -1.7265355e-04  -1.0731102e-05   3.7665684e-05
   8.8206092e-03   9.7005731e-03   1.8022262e-02  -8.3638758e-05  -1.8701210e-04  -2.6031189e-05
   1.2531227e-02   3.8855951e-03   2.8301614e-03  -5.2493302e-05  -1.5758866e-04   3.6645189e-06
   1.0578130e-02  -4.6764220e-03   8.2525103e-03  -4.2300953e-05  -1.2979291e-04   6.6825076e-05
   6.4378875e-03  -1.3317158e-02   1.5463718e-02   6.8010722e-05  -3.5187182e-05   3.7610622e-05
   8.8490933e-03  -8.9995349e-03   1.1176339e-02  -6.3938519e-05  -1.6243573e-04  -1.9777833e-05
   1.9464693e-02  -8.0688973e-05   2.2450517e-02  -9.3824384e-05  -4.4805283e-04  -1.6410475e-04
   9.7895607e-03   1.8438208e-02   4.4503070e-03  -1.3837767e-04  -1.4402144e-04  -1.9222606e-04
   6.3190639e-03   1.4414889e-02   8.4035446e-03  -1.4766560e-04  -2.6914060e-04  -2.4462600e-05
   4.5478716e-03   2.2099981e-02   1.9680744e-03  -1.3391657e-04  -1.3119236e-04  -1.1434675e-04
   6.3988908e-03   2.3858599e-02  -1.0342665e-02  -3.8713448e-04  -1.4883630e-04  -1.0327457e-04
   6.5241613e-03   2.6451428e-02   3.1938951e-03  -1.2311325e-04  -1.8967342e-04  -9.7901347e-05
   2.4415990e-03   2.3119386e-02  -2.8223145e-04   1.3242126e-04  -4.0204115e-05   2.0626468e-05
   5.0153934e-03   1.6035696e-02   1.7528815e-02   3.7340154e-04  -1.5973733e-04   4.7292216e-05
   7.9162012e-03   1.1923560e-02   7.3354992e-03   7.3223979e-05  -1.1431016e-04   6.0340761e-06
   6.5838380e-03   1.2704498e-02   1.0474873e-02   2.8670067e-05  -1.1285599e-04   2.9039661e-06
   1.0239915e-02   9.3444403e-03   1.0836518e-02  -2.0970383e-05  -2.6661914e-04   2.8100445e-05
   3.1071820e-03   6.7391786e-03  -7.8296325e-03   2.2490083e-04  -1.3344697e-04   6.1673523e-05
   1.5420053e-03  -5.4919376e-03  -3.0531030e-03  -1.1003282e-04  -1.2990639e-04   1.0084214e-04
   8.0095094e-03  -3.0013973e-03   1.2872619e-02   5.6206275e-06  -2.9057481e-04   1.2880822e-04
   8.7650362e-03  -6.5049709e-03   1.1053124e-02   1.8598289e-05  -3.0265212e-04  -3.7067139e-06
   8.1963513e-03  -1.5313836e-03   1.0404481e-03  -3.6400406e-05  -1.8868018e-04  -4.2137083e-06
   1.0791591e-02   1.4622729e-02   2.7923634e-03  -2.8609341e-04  -2.2556795e-04   3.1687938e-05
   1.1917252e-02   4.7987675e-03  -6.1709131e-04  -2.5144941e-04  -2.0290943e-04  -9.7123115e-05
   1.1885645e-02   1.1361729e-03   2.9341504e-03  -1.9855988e-04  -3.1346018e-04   6.2481550e-05
   6.5365401e-03  -4.4273276e-03   5.5326158e-03  -8.0689801e-05  -2.0160146e-04   7.9320622e-05
   1.5414166e-02   7.0741615e-04   1.0658819e-02  -5.8016573e-05  -3.1221582e-04   1.4468964e-06
   1.6001581e-02   9.1227783e-03   4.0044248e-03  -1.4582216e-04  -1.7968244e-04   7.6764834e-05
   1.1879262e-02   3.3330171e-03   7.5394142e-03   9.5665924e-06  -1.0908674e-04   7.0583535e-05
   1.6255794e-02   8.4583164e-03   5.5142880e-03  -3.5606129e-04  -2.5714807e-04  -3.2494542e-05
   1.3582197e-02   9.2510694e-03   6.9502100e-03  -8.8145080e-05  -1.4603222e-04  -1.2697770e-04
   1.6652641e-02  -3.7441651e-03   7.5013470e-03  -1.3711398e-04  -3.4756215e-04  -1.3992817e-05
   1.3508400e-02  -1.2233150e-03   9.9511244e-03  -1.7284154e-04  -2.9462178e-04  -8.4223786e-05
   1.1210766e-02   2.8811871e-03  -3.9490545e-04  -3.2480563e-04  -2.7011722e-04  -8.5375913e-05
   1.0655289e-02   1.5202952e-02   2.7092376e-03  -1.7304407e-04  -2.8554182e-04  -1.6220076e-04
   1.2594683e-02   5.5246352e-03   1.0709559e-02   9.8898340e-05  -2.6134067e-04  -5.9098445e-05
   1.1908357e-02  -4.5308684e-04   2.3014064e-02   2.2982561e-04  -2.7362286e-04  -7.3813092e-05
   1.8146764e-02   1.2931347e-02   1.0888605e-02   2.9192656e-05  -3.3606858e-04  -1.5884028e-04
   1.1174181e-02   1.5929194e-02  -1.0216494e-02  -3.1833646e-04  -1.0777500e-04  -1.5818706e-04
   1.3248538e-02   8.2774165e-03   6.3166323e-04  -2.1573617e-04  -2.7220826e-04  -4.1158661e-05
   1.5518259e-02   4.6168423e-03   6.2742905e-03   5.5750380e-06  -2.4004034e-04  -1.1899908e-04
   9.5890100e-03  -9.0223076e-04   1.3362784e-02   2.2223564e-04  -1.7255253e-04  -1.4841211e-05
   1.1354620e-02  -2.2720694e-02   1.4033207e-02   4.8365303e-05  -2.7927010e-04   6.4545118e-05
   1.5154188e-02  -7.6544056e-03   1.3738144e-02   4.8454336e-05  -2.7521917e-04   1.5644679e-04
   1.3220358e-02  -4.9521089e-03   1.6298051e-02  -1.6673580e-05  -2.5667444e-04   9.7859313e-05
   1.3391523e-02  -9.5713380e-03   1.7247461e-02   8.6273498e-05  -1.7324165e-04  -4.2017665e-05
   1.5202655e-02  -1.2279001e-03   8.5964313e-03  -2.0213762e-04  -2.4025118e-04   7.1376052e-07
   1.7801478e-02   6.6273636e-03   8.6192353e-03   1.3954232e-04  -1.3474416e-04  -1.2741449e-04
   1.0427957e-02   4.2622035e-03   5.3670687e-03  -1.4018020e-04  -1.6126599e-04   5.0210041e-05
   1.1698159e-02   1.8317779e-03   1.0001295e-02   6.3608539e-05  -2.3753448e-04  -4.7656470e-05
   1.3616442e-02  -1.1552944e-03   4.6230716e-03  -4.8060185e-05  -1.4889419e-04  -1.0535101e-04
   1.7332390e-02  -3.0657451e-03   1.0203257e-02  -1.9753165e-04  -3.2798519e-04  -1.5809482e-04
   1.3826836e-02   2.5141406e-03   5.6129564e-03  -1.8782814e-04  -1.8060401e-04  -1.5154698e-04
   1.3742508e-02  -6.5872807e-03   7.4964238e-03  -4.4956076e-04  -3.2651537e-04  -6.1884060e-05
   1.6515943e-02  -1.9051066e-03   2.0462045e-03  -5.0637440e-04  -2.9566313e-04  -1.4316718e-04
   1.6136166e-02  -3.4598477e-03  -3.1196916e-03  -4.5309431e-04  -2.5859263e-04  -2.4041969e-04
   1.7511217e-02   3.4223949e-03  -7.0086356e-03  -6.0069008e-04  -3.3290218e-04  -2.2984789e-04
   8.2254817e-03  -2.2522068e-03  -1.0629538e-03  -1.8218413e-05  -1.5233702e-04  -1.2912676e-04
   9.0045484e-03   3.4622395e-03  -4.7243111e-03  -2.8668725e-04  -2.4178420e-04  -9.7557082e-05
   1.3370523e-02   5.1420753e-03   5.2920486e-03  -2.0966857e-04  -4.1104496e-04  -1.3763790e-04
   1.6686094e-02  -6.1178370e-03  -6.8286917e-04   1.3212423e-05  -4.2853943e-04  -1.5130201e-04
   1.2756355e-02  -3.1516018e-02  -7.8407893e-03  -1.5578745e-04  -3.5486447e-04  -4.0622353e-06
   1.1437300e-02  -1.3060809e-02   3.8132643e-03  -2.0494712e-04  -3.1555692e-04  -8.5222116e-05
   1.4530520e-02  -2.3917955e-02   1.5594781e-02   2.0687945e-04  -4.0527055e-04  -1.0788343e-04
   1.5064201e-02  -1.1912304e-02   1.5341217e-02   3.6072304e-05  -3.7572640e-04  -2.5262747e-05
   1.2441105e-02  -4.6951874e-03   4.3792616e-03  -7.2029340e-05  -2.4902759e-04  -1.0019628e-04
   1.3150510e-02  -1.5980268e-02   1.2534035e-02   2.2540756e-04  -3.8053488e-04   1.9546258e-05
   1.4144687e-02  -1.5014771e-02   1.0987843e-02   1.1667865e-04  -3.3485958e-04  -1.2928035e-04
   1.3963457e-02  -7.0803427e-03   3.8330120e-03  -6.0078477e-05  -3.4821588e-04  -5.3664799e-05
   1.8604138e-02  -1.2524662e-02   1.6827546e-02   2.7298270e-04  -3.5436519e-04  -3.7314768e-05
   1.5828198e-02  -7.2983709e-03  -1.3727759e-03  -5.0812004e-05  -3.1132952e-04   2.5093212e-05
   1.5624802e-02  -8.5526895e-03   1.3063530e-02   1.5051831e-04  -3.7218651e-04  -9.7236888e-05
   1.8054795e-02  -7.1429966e-03   1.7084837e-05  -1.7273780e-04  -4.4554268e-04  -5.1597644e-05
   1.6461002e-02  -6.9269186e-03  -3.2921813e-03  -8.1293322e-05  -4.1644823e-04   5.2463093e-05
   1.4665112e-02  -1.2463102e-03   4.6669925e-03   1.2951631e-04  -3.8252761e-04  -9.6026540e-05
   9.6147513e-03  -3.4658080e-03   1.0691835e-03   2.2306865e-05  -3.9343097e-04   7.1628784e-07
   1.0333390e-02  -5.6031470e-03   6.8656322e-03   2.7721960e-05  -4.4531838e-04  -5.2213819e-05
   1.2322512e-02  -4.9026013e-03  -6.8098286e-04  -1.5313476e-04  -4.1355970e-04  -1.0051311e-04
   9.4489489e-03  -1.9328736e-03  -5.4483987e-03  -4.0392268e-04  -3.5624729e-04  -1.3054329e-04
   1.6735986e-02  -1.4167907e-03   7.1750904e-03  -1.8977314e-04  -3.8955480e-04  -2.6892697e-04
   2.1556267e-02   1.6887897e-03   5.9227499e-03  -1.7378712e-04  -4.4393851e-04  -1.0003694e-04
   1.7957133e-02   5.2129379e-04   4.9152100e-03  -1.9537048e-04  -3.3907558e-04  -1.1649219e-04
   1.9134371e-02   7.6301001e-03   5.3767332e-04  -1.9665053e-04  -3.6251993e-04  -1.6547715e-04
   1.8729731e-02   8.2502096e-03   4.8456746e-03   1.5467751e-05  -3.0326903e-04  -2.2538135e-05
   1.5122075e-02  -7.0020021e-03  -1.7006995e-03   1.0674683e-03  -7.1454363e-05   2.0569695e-04
   2.6771141e-04  -7.3222870e-03   3.5704928e-02   3.6971784e-04   1.0069207e-03  -1.2783856e-04
   7.5191234e-03   2.3992967e-02   3.6410317e-02  -6.8224099e-05   3.8561577e-04   1.4470951e-04
   6.0592315e-03   1.6824663e-02   3.9549534e-02   2.2784776e-04   3.8948512e-04   3.3430577e-05
   1.4412794e-02   2.6531494e-02   3.5045596e-02  -4.7219230e-05   2.1510863e-04  -2.1318432e-05
   7.2180318e-03   3.6947138e-02   2.8270660e-02  -6.3970172e-05   3.8825746e-04   6.2619495e-06
   7.2448945e-03   1.4556809e-02   2.6281413e-02   4.3963151e-05   4.8469842e-04   1.4469834e-06
   1.9974386e-02   1.5418986e-02   3.1009759e-02  -1.9363067e-04   2.0289721e-04  -2.2819729e-06
   1.5603288e-02   1.9160558e-02   2.4655324e-02  -8.6391569e-05   3.7872693e-04  -1.1162289e-04
   1.2930765e-02   1.7138274e-02   2.3958947e-02   8.7797968e-07   4.3032375e-04   1.4474847e-05
   1.4075412e-02   2.0594917e-02   3.6972109e-02   1.2902099e-04   1.8552848e-04   9.5910667e-05
   1.2198451e-02   3.6152250e-02   2.5367581e-02  -9.6803964e-05   3.7227391e-04   5.7806116e-06
   1.0272076e-02   2.1688568e-02   4.2735850e-02   2.5156295e-04   2.1989131e-04   1.6870170e-04
   1.2163833e-02   2.6232988e-02   3.1845099e-02  -1.7954243e-04   1.1881021e-04   7.0764360e-05
   1.2646268e-02   7.8594427e-03   2.3790219e-02  -2.1147283e-04   1.8293246e-04   7.6760169e-07
   1.2684783e-02   4.4871277e-03   1.9488787e-02  -2.0215090e-04   2.2228049e-04  -1.8624217e-05
   1.7360842e-02   9.4205151e-04   2.5386411e-02  -2.3466828e-04   1.0338830e-04  -4.5644996e-05
   1.3036360e-02   4.8865892e-03   2.1776914e-02  -1.3397749e-04   2.8712814e-04  -5.3289942e-06
   1.0562703e-02  -4.6535477e-03   2.9129113e-02  -2.6774645e-04   3.0791484e-04  -1.1259406e-04
   1.6654413e-02   9.9829459e-03   2.8415620e-02  -7.5595425e-04   1.1345854e-04   4.0286693e-05
   1.7986716e-02   6.3146873e-03   2.3809509e-02  -1.8051600e-04   2.8372784e-04   1.3896456e-05
   1.6872950e-02   6.3187412e-03   1.7392009e-02  -3.1768097e-04   2.6309317e-04  -5.6691201e-06
   1.5899529e-02   2.2921456e-02   2.5991730e-02  -4.0346976e-04   1.0222279e-04  -2.2372473e-05
   1.3134240e-02   1.4010523e-02   2.3905890e-02  -3.3750351e-04   1.0782159e-04  -3.8023218e-06
   1.4531692e-02   4.7635141e-03   1.3778618e-02  -5.8532803e-04   1.6849558e-04   4.7136892e-05
   1.7001573e-02  -5.7611208e-04   2.5936468e-02  -3.7407632e-04   5.9992166e-05  -2.2490186e-05
   2.4255394e-02  -3.3530907e-02  -2.6463972e-02   4.6544142e-05  -3.4363661e-04   1.8090502e-04
   1.4720367e-02  -2.0397259e-02   3.4809831e-02   3.0098941e-04  -2.1394199e-04   2.0545095e-04
   1.5614963e-02  -1.8744417e-02   2.8969583e-02   1.7082625e-04  -2.8728820e-04   1.5768520e-04
   2.2216286e-02  -1.4599779e-02   4.6731873e-02   1.6712752e-04  -1.5084777e-04  -5.8918870e-05
   1.9889796e-02  -5.6331321e-03   2.6390135e-02   2.3292350e-05  -2.2585990e-04  -2.7777768e-05
   1.7615588e-02  -3.8040087e-04   1.5786858e-02  -3.7303177e-04   2.7417812e-05  -8.8625257e-05
   2.4871905e-02   3.2893508e-03   2.7016201e-02  -2.1987737e-04  -2.5800569e-04   3.3582938e-05
