   0.0000000e+00   0.0000000e+00   0.0000000e+00   0.0000000e+00   0.0000000e+00   0.0000000e+00
   2.3520275e-03   2.0200969e-02   6.4934003e-03   3.6795047e-05  -1.8040561e-04  -8.0096785e-06
   1.5539431e-03   1.4529346e-02   1.0757448e-02   6.8217655e-05  -7.0079119e-05  -2.8974673e-05
   9.1242007e-03   5.5916891e-03   9.0872968e-03  -1.9260376e-04  -1.6004364e-04   1.3240807e-04
   2.3102990e-03  -1.8159978e-02   6.6798736e-03   6.6838276e-05   1.9206112e-05   8.9490083e-05
  -3.0813404e-03  -1.3336902e-02   8.4251261e-03   9.8243356e-05   2.9891915e-04  -4.4267480e-05
   6.3244996e-04  -1.9146700e-02   2.1735850e-02   1.1705460e-04   1.4909827e-04  -1.9952190e-05
   1.3315152e-03  -1.1185339e-02   2.7230018e-02  -1.1588335e-04   2.0360593e-04   1.1716426e-05
   3.0010996e-03  -9.3279157e-03   1.8970528e-02  -4.4095937e-05   6.8992861e-05   3.5354659e-05
   1.6782337e-03  -7.4371569e-03   1.6218899e-02  -1.2164087e-04   1.4156038e-06  -1.2376604e-04
  -1.1689223e-03  -1.4123728e-02   2.2223913e-02  -2.8194000e-04   2.3108128e-04  -4.1927979e-05
   6.2709658e-03  -4.1659596e-03   1.8492002e-02  -2.4613223e-04   5.7459589e-05   7.5665572e-05
   4.6601962e-03   1.7005296e-03   4.2579893e-03  -2.4366443e-04   4.1710373e-05   8.0262279e-05
   1.0064630e-03   1.9816684e-03  -3.4519153e-04  -3.3597593e-05   2.4463883e-05   4.6590623e-05
   2.8266306e-03   1.7822152e-02   7.4446753e-04  -1.9217850e-04  -1.1126885e-04  -6.6416538e-05
  -3.3109227e-04   1.9027886e-02   5.3110359e-03  -2.4454958e-05   1.2082624e-05  -1.2172282e-04
   7.0776616e-03   1.1306112e-02   5.5802421e-03  -1.5315392e-04  -1.4960115e-04  -2.0993015e-05
  -1.4027111e-03  -1.2722334e-02  -3.5930894e-04   6.6589485e-05   1.2866779e-04  -9.9346426e-06
  -8.3444432e-04  -1.0961812e-02   1.0555740e-02   2.9422325e-05   2.6534638e-04  -1.2919246e-05
   9.7035235e-03  -2.1487860e-02   5.2138212e-03  -8.2750354e-05  -1.0361788e-04   1.0916167e-05
   5.2687381e-03  -1.8125400e-02   1.4205134e-02  -1.1291976e-04  -3.2052183e-05   1.5383660e-05
   8.1811539e-05  -8.2912545e-03   1.0340271e-02  -2.6987906e-04  -3.0822711e-05  -3.6626582e-05
   2.7513179e-03  -3.8879701e-03   1.1271919e-02   3.2648125e-05   3.8708501e-05   3.3232692e-06
   1.4008020e-02   8.2606542e-03   1.1705076e-02  -1.6303965e-04  -2.0953857e-04   1.7793689e-04
   7.0604494e-03   1.2909330e-02   1.5659873e-02  -1.0741861e-04  -1.2516096e-05   6.9693000e-05
   7.5949950e-03   5.6938277e-03   8.8209551e-03  -6.1586490e-05  -7.1358902e-05   2.4013436e-04
   1.8483713e-03   1.2241941e-02   1.6544698e-02  -2.3445116e-04   1.1501436e-04   4.7172710e-05
   5.5494934e-03   1.2041489e-02   3.1096788e-03  -2.1541132e-04  -1.4903302e-04   6.6844330e-05
   8.2213699e-03   8.2417496e-03  -1.8451542e-03  -3.4998621e-04  -1.6665491e-04   8.7410240e-05
   2.2967224e-03  -1.2249079e-02   1.9204166e-03  -2.1876939e-04  -6.1931820e-05  -9.5080254e-06
   3.9812373e-03  -1.1700587e-02   9.5451992e-03  -2.3850034e-04  -1.0383775e-04   7.9330740e-05
   6.9147335e-03  -6.9255278e-03   1.6054499e-02  -1.9646193e-04  -2.1691630e-04   1.3292472e-04
   5.9056084e-03  -1.9842887e-03   5.5080476e-03  -4.3155503e-04  -2.2684358e-04   1.3451368e-04
   4.0579552e-03  -7.2440821e-03   2.7026967e-03  -3.3578217e-04  -2.6145622e-04   2.0896031e-04
  -4.4821511e-05  -4.2398745e-03  -4.1851250e-03  -1.8533093e-04  -5.5294700e-05   2.7893785e-05
   4.9849803e-03   6.3210834e-03  -6.7197862e-03  -2.4668334e-04  -1.5964901e-04   5.8284969e-05
   1.0803693e-02   1.9964161e-02   7.3116272e-03  -2.2496477e-04  -1.9705817e-04   7.2750718e-05
   3.8016166e-03   1.6764620e-02   4.7250951e-03  -1.6819006e-04  -3.0929794e-05   7.0088511e-06
   1.3851858e-02   2.2121260e-02   1.4810199e-03  -1.6376321e-04  -1.8991551e-04   5.9740052e-05
   1.0667715e-02   1.6886017e-02   1.8261672e-03  -1.1951389e-04  -1.2411255e-04   1.5014583e-04
   2.1588971e-03  -5.7341644e-03   1.2001122e-02   5.0051628e-05   9.1912921e-05   2.7846462e-05
   5.3501782e-03  -1.4240673e-02   1.9629710e-02  -1.3302034e-04   5.2687964e-05   5.2756092e-05
   7.2781666e-03  -2.3535256e-02   6.7658735e-03  -4.1534503e-05  -1.8613173e-04   6.0057335e-05
   1.0950002e-02  -1.5774505e-02   1.9907024e-02  -2.8649985e-04  -2.5668450e-04   2.1714161e-04
   8.1040450e-03  -1.9879653e-02   1.9638281e-02  -3.3269061e-04  -5.2143125e-05   1.9571340e-04
   6.0314719e-03  -1.3223684e-02   1.2516965e-02  -4.2499256e-04   2.6243749e-05   3.1154657e-04
   7.9658684e-03  -7.9881505e-03  -6.4779702e-04  -2.8789646e-04  -1.3432431e-04   2.3275914e-04
   6.4623514e-03  -2.6139285e-03  -1.9224502e-03  -2.8222910e-04  -1.3462000e-04   1.6849591e-04
   4.5278363e-03  -4.9294620e-03   1.1266063e-02  -2.1616033e-04  -1.3092406e-04   1.5711936e-04
   9.1663291e-03  -6.6532807e-03   9.9776325e-03  -2.8578933e-04  -2.8329351e-04   3.5519928e-04
  -1.6479945e-03   3.4493194e-03   5.2907962e-03  -1.9608994e-04  -1.3376720e-06  -7.3575832e-05
   2.1372276e-03   1.9698154e-03   8.5344859e-04  -1.1578180e-04  -1.4121444e-04   7.5544492e-05
   5.4190318e-03   1.9125976e-02   8.1813911e-03  -2.0971552e-04  -1.4032917e-04   1.1426174e-04
   6.3966936e-03   2.6981391e-02   6.5030311e-03  -1.2350358e-04  -2.1943125e-04   4.0174209e-05
   7.4749464e-03   1.7753021e-02   1.8399379e-02   4.2284220e-05  -2.6401684e-04   3.3974225e-05
   1.6090378e-02  -4.1841175e-03   2.1201514e-02  -2.4528232e-04  -5.3705139e-04   1.9326617e-04
   8.4053181e-03  -1.2268483e-02   1.3992792e-02  -1.8472920e-04  -2.0619726e-04   9.9022237e-05
   8.8903635e-04  -2.7359987e-02   2.1639106e-02   5.1995564e-05   1.2442778e-04   7.5977528e-05
   8.4163174e-03  -2.4872477e-02   1.7656429e-02  -1.3863376e-04  -6.8098424e-05   1.4969466e-04
   1.0945427e-02  -1.6356570e-02   1.4634839e-02  -2.2442507e-04  -7.7158064e-05   2.1523337e-04
   6.9608647e-03  -1.9839074e-02  -1.2200439e-04  -2.6798082e-04  -4.0198703e-05   2.2082743e-04
   8.6647872e-03  -1.9946756e-02  -5.0425864e-03  -2.2909879e-04  -1.4337101e-04   2.3624995e-04
   8.2943911e-03  -9.5046084e-03  -2.5541416e-05  -1.3412065e-04  -2.0628919e-04   3.7494218e-04
   7.1642649e-03  -1.2941322e-02   6.5792517e-03  -1.6187018e-04  -1.1996641e-04   2.8684606e-04
   5.8171750e-03  -1.2489027e-02   3.7924237e-03  -2.7584155e-05  -3.1575906e-05   2.8277289e-04
   8.9368617e-03  -7.0200497e-03   8.1185028e-03  -7.2015170e-05  -1.0813654e-04   2.1134459e-04
   5.3530843e-03  -5.3524228e-03   1.4220693e-02  -6.8646214e-06  -8.0156161e-05   2.0671437e-04
   5.6837522e-03  -8.9694008e-03   1.2425989e-02  -1.6666358e-04  -1.1104575e-04   1.5365334e-04
   3.4641543e-03  -1.0967310e-02   1.9630300e-03  -1.1514254e-04  -5.8422011e-05   4.5099129e-06
   5.6707808e-03  -4.4980354e-03   1.1915389e-03  -1.1846376e-04  -3.6486113e-04   3.9083631e-05
   9.3061835e-03  -5.6876937e-03   1.5195501e-02  -1.5434313e-04  -4.1168322e-04   8.0342759e-05
   6.3980184e-03  -1.5277757e-02   2.0244529e-02  -2.4295287e-04  -2.6461386e-04   8.1990074e-05
  -9.0287384e-03  -4.1265846e-02  -9.6382689e-04   6.4851089e-04   1.9809798e-04  -2.5471550e-04
   1.6705797e-02  -3.2005496e-02   4.0848610e-03  -2.9397096e-04  -3.2519475e-04   3.4193873e-04
   1.2966684e-02  -2.5566096e-02   9.6300723e-03  -1.9972403e-05  -5.5290110e-05   2.6957118e-04
   1.2109693e-02  -3.1971052e-02   2.0049909e-02  -1.4837833e-04  -8.2306103e-05   2.3067597e-04
   9.0012028e-03  -1.1635476e-02   2.9650407e-02  -3.7869942e-04  -2.1120567e-04   2.6097556e-04
   1.3582676e-02   1.5023546e-02  -6.4155247e-04  -5.8330245e-04  -5.4803374e-04   2.5173621e-04
   4.2057775e-03   6.5318983e-04  -1.4369633e-02  -2.7729076e-05  -2.2988214e-04   8.7073115e-05
   9.3590838e-03  -4.9764951e-03  -8.1461029e-03  -8.9694239e-05  -3.5526755e-04  -5.5397185e-07
   6.2363735e-03  -4.4899020e-03   7.4314537e-03   1.1121381e-04  -2.3104830e-04  -1.4896126e-04
   7.8391897e-03   1.1271068e-03   4.0763503e-02  -1.0444100e-06  -1.4648899e-04  -2.1607685e-04
   1.5971202e-02  -2.5000617e-02   4.1084156e-02  -1.1873903e-04  -2.2634919e-04  -1.2537640e-04
   1.9459904e-02  -9.9954644e-03   1.7069495e-02  -3.4035665e-04  -4.1561364e-04   1.0387852e-04
   8.0667434e-03  -7.1568322e-03   1.5641632e-02  -2.0326808e-04  -3.0443323e-04  -2.1756871e-05
   6.8160733e-03   2.7521727e-03   1.2126817e-02  -2.7156447e-04  -2.6027735e-04  -3.3143144e-05
   3.4848010e-03  -4.4742257e-04  -3.8036076e-04  -1.7372337e-04  -3.2968880e-04   2.1741163e-05
  -8.3659099e-04  -1.0904350e-03  -1.3124176e-02  -2.0972883e-04  -1.9678624e-04  -3.0760417e-05
   2.2689960e-04  -2.2014309e-03  -1.6969429e-02   1.2038624e-04  -2.9913876e-04   1.1402530e-04
   5.1784286e-03  -4.9183256e-03   2.6855532e-03   9.2390035e-05  -3.8936209e-04   3.9460727e-05
   1.1016060e-02   1.1392487e-02   1.2876808e-02   6.9550996e-06  -4.7106721e-04   1.3641073e-04
   1.2823316e-02   6.6176008e-03   2.2344835e-02   6.8714186e-05  -3.7843919e-04   9.9547222e-05
   3.7367271e-03  -1.1799674e-02   1.5912720e-02   1.2524895e-05  -1.8936689e-04   5.0561560e-05
   1.0307784e-02  -1.7274581e-02   9.6340977e-03  -5.6755392e-05  -3.7076400e-04   2.5826787e-04
   1.0496922e-02  -7.0621959e-03   1.1038056e-02  -2.0459793e-04  -4.2996508e-04   1.4618351e-04
   5.8234198e-03  -1.3122679e-02   1.0162437e-02  -7.3160531e-05  -3.5377186e-04   6.9220740e-05
   3.1947344e-03  -7.4865844e-03   1.3869944e-02  -1.3573222e-04  -2.6480838e-04   4.2646442e-05
   3.8013820e-03  -2.8462327e-04  -4.6795136e-03  -4.2669611e-05  -2.4468965e-04   7.2407633e-04
   2.8112682e-03   1.2840571e-02  -3.8677970e-03  -1.1491708e-04  -3.3518812e-04   4.3643568e-04
   4.1909750e-03   1.2232665e-02   8.7729706e-03  -1.8276434e-04  -2.7617115e-04   3.3024966e-04
   4.1022330e-03  -6.4134041e-03   4.4854140e-03  -8.3436004e-05  -3.7567015e-04   1.1086628e-04
  -5.4670452e-04  -1.6623757e-02   1.0255073e-02  -3.7606677e-06  -1.6236604e-04   9.4129181e-05
   5.6096258e-03  -1.7437448e-02   9.4929769e-03  -1.7772279e-04  -3.7022199e-04   1.3814137e-04
   4.3343921e-03  -6.6131831e-03  -3.6834813e-03  -2.9918803e-04  -4.2376530e-04   3.0141224e-04
   2.2316251e-03   2.2115944e-03  -5.0150344e-03  -1.2672348e-04  -3.9122105e-04   2.6700429e-04
   2.5505349e-04  -7.5301200e-03  -3.6848913e-03   1.2853153e-04  -3.0547197e-04   1.6356850e-04
   8.9476505e-03  -1.2138233e-02  -8.8589328e-03   4.3036188e-04  -1.0348031e-04   5.0146127e-04
   7.0043970e-03  -6.1100397e-03  -6.0652847e-03   5.9171063e-05  -2.0720339e-04   4.6171268e-04
   1.0109057e-03  -5.0152806e-03   1.1835781e-02  -1.3561242e-04  -9.6710237e-05   2.2851039e-04
   3.7490539e-03  -6.6184905e-03   2.3645120e-02  -2.7421861e-04   1.2450902e-05   2.3948754e-04
   4.3200379e-03  -3.9824111e-03   1.9527217e-02  -4.2574535e-05  -6.7311770e-05   3.4475368e-04
   6.5033136e-03  -1.2887041e-02   3.3788120e-03   6.8279620e-05  -2.5628773e-04   1.1164650e-04
   2.8482035e-03  -1.7424966e-02  -3.6415945e-03   5.2071763e-04  -1.7595824e-04   1.2765827e-04
   1.8968676e-02   1.4273353e-02  -1.8969086e-02  -6.6891992e-05  -8.2869111e-04   3.7229722e-04
  -5.1435847e-03  -1.4727638e-03  -7.6612046e-03  -3.5153915e-04  -2.3781575e-05   1.5469926e-04
   3.1234716e-03  -1.6247260e-02   1.2455068e-02  -2.0973793e-04  -1.2415674e-04   1.6797905e-04
   8.3493466e-03  -7.9688731e-03   2.9897937e-02   8.7209050e-05  -1.9888828e-04   2.8858307e-04
   1.6216203e-02  -1.8161632e-03   1.6817931e-02   8.1914692e-05  -2.4400249e-04   1.4196317e-03
   8.6737992e-03   8.7807954e-03   2.9468670e-02  -2.6647136e-04  -1.2338713e-04   9.8070595e-05
   1.8542708e-02  -3.1632485e-03   4.1337517e-04  -7.2554739e-05  -3.1519843e-04   5.6976289e-04
   9.3899899e-03  -2.6215803e-02   7.5517883e-03  -2.5722768e-04  -1.0370862e-04   3.1952845e-04
   7.6630578e-03  -2.9617860e-02   4.2109014e-03   1.6597994e-04  -1.4151350e-04   3.2577730e-04
   1.4385065e-02  -2.7997854e-02   1.5007781e-02   2.5434419e-04  -2.9040527e-04   4.0056220e-04
   1.7016029e-02  -2.1827469e-02   1.5657052e-02   4.1196228e-05  -4.2941795e-04   4.1764979e-04
   8.2914408e-03  -1.6910381e-02   7.4308670e-03  -1.0265536e-04  -1.2104940e-04   3.6744058e-04
   8.8323948e-03  -1.7643497e-02  -6.5315313e-03  -3.3106297e-05  -1.4925663e-04   2.9661910e-04
   1.2125340e-02  -1.3713785e-02  -5.7641613e-03   1.2837689e-04  -1.6504536e-04   5.5599655e-04
   1.1714701e-02  -1.3502956e-02  -6.9180708e-03   1.8506750e-04  -8.9306940e-05   5.5795503e-04
   7.7640569e-03  -1.2618101e-02  -1.2745442e-02   1.4750105e-04  -1.4303446e-04   6.6529028e-04
   7.6839850e-03  -5.1720519e-03  -8.7902353e-03   7.8593413e-05  -2.7384138e-04   5.7167136e-04
   8.0083457e-03  -1.4265915e-02   1.1674424e-02   1.9303509e-04  -7.4661020e-05   5.1640800e-04
   1.3651811e-02  -1.4626024e-02   8.5189786e-03   9.9452005e-05  -1.6558095e-04   5.3250544e-04
   1.2457412e-02  -9.8978421e-03   3.1223746e-03  -7.8480986e-05  -1.4426436e-04   6.5076489e-04
   1.2300960e-02  -1.2395281e-02   2.1634507e-03  -7.6835907e-05  -1.0217914e-04   5.5675725e-04
   1.4301560e-02   6.9919522e-03   6.3171198e-03  -6.9389022e-04  -3.7553209e-04   5.0906704e-04
   1.5734928e-02  -7.8294930e-03   3.6822807e-03   3.4570536e-04  -2.3003080e-04   5.2684178e-04
   1.5188325e-02   7.0364577e-03  -1.1513585e-02   3.6231423e-04  -2.6701569e-04   5.7511595e-04
   1.1346810e-02   1.4417742e-02  -7.8604611e-03   3.6006162e-04  -1.4777271e-04   4.6577743e-04
   8.0066340e-03   1.0476956e-02   6.2914577e-03   3.3394692e-04  -5.3841807e-05   4.4682855e-04
   6.8694038e-03   1.0407759e-02   5.8638585e-03  -6.3323349e-05   9.3189962e-05   3.9013703e-04
   7.2077412e-03   6.1635031e-03  -8.2916204e-03   1.3871053e-04  -2.1777712e-05   4.8470675e-04
   1.0434845e-02   1.1037035e-02  -1.5262942e-02   1.4072488e-04  -1.8721660e-04   4.4989179e-04
   1.2540274e-02   6.9013359e-03  -5.4611040e-03  -5.2099190e-05  -8.2640897e-05   4.0473509e-04
   3.9454953e-03  -1.5209114e-02   1.6315723e-02  -2.0498554e-04   8.4115095e-05   4.9789456e-04
   4.3645786e-03  -1.0541129e-02   2.1007959e-02  -4.6798782e-04   1.2550015e-04   4.7294172e-04
   7.6926360e-03  -1.1360637e-02   1.3590292e-02  -2.9890510e-04   2.9969607e-05   5.5754976e-04
   1.2041307e-02  -1.0110074e-02   1.7163541e-02  -3.4350154e-04  -7.1093016e-05   6.7891839e-04
   9.9110210e-03  -1.0673993e-02   9.8725197e-03  -2.2778963e-04  -2.2822386e-05   7.2814021e-04
   7.2986101e-03  -1.2720826e-02   1.5073640e-02  -1.9441919e-04  -1.6776870e-07   7.6106810e-04
   6.9874269e-03  -7.3819357e-03   1.9006324e-02  -2.9801890e-04  -7.0308163e-05   7.0756524e-04
   5.8232503e-03  -6.0585707e-03   2.2885303e-02  -1.6337718e-04  -1.1977490e-04   6.0542202e-04
   3.8233204e-03  -3.3806426e-03   1.2967862e-02  -1.9908528e-04  -1.1369665e-04   6.2769147e-04
   3.9348038e-03   5.4648945e-03   1.4589923e-02  -2.2099479e-04  -1.2036702e-04   6.9587042e-04
   6.5689065e-03   1.2522693e-02  -2.4111237e-02  -1.6126802e-04  -4.6286918e-04   4.3207755e-04
   1.1980986e-02   9.4807431e-03  -2.9540273e-02  -6.4134788e-04  -3.0593795e-04   4.7390316e-04
   1.3898724e-02  -3.8489854e-03  -4.0903230e-03   1.5350610e-04  -1.6581397e-04   6.6268183e-04
   4.4397488e-03  -4.3278460e-03   1.3036453e-04  -4.6296171e-05  -1.5976654e-04   1.2923632e-03
   2.9730236e-03   1.0276401e-02   2.5536446e-02  -4.8310279e-04  -1.4793992e-04  -3.1462587e-04
   7.9672333e-03  -4.7071672e-03   2.5933715e-02  -3.0329012e-04  -3.4818130e-04   3.8889139e-04
   1.0464049e-02  -4.1019185e-03   1.7549854e-02  -3.1195090e-04  -1.8516594e-04   4.6571777e-04
   1.8882439e-02  -7.7984380e-03   1.5741667e-02  -4.0722275e-04  -4.4034714e-04   7.1114510e-04
   1.8033124e-02  -7.5733280e-04   7.7870568e-03  -3.8878286e-04  -1.6023468e-04   7.9680070e-04
   1.5671506e-02   8.8543422e-03   1.1433526e-02  -1.2498347e-04  -8.5854890e-05   5.8000028e-04
   1.7838660e-02   1.6980140e-02   1.1958280e-02  -1.2602694e-04  -5.6521924e-05   6.3856793e-04
   1.6522372e-02   9.6161849e-03   6.4678537e-03  -7.8239685e-05  -1.8291916e-04   7.1349565e-04
   2.8233457e-02  -1.0965279e-02   7.5010558e-03  -9.3218859e-05  -5.0859778e-04   8.6371404e-04
   1.4028024e-02  -1.8584074e-02   7.2564227e-03  -2.3909156e-04  -2.6867250e-04   7.3922291e-04
   1.8871679e-02  -3.1563674e-02   6.4210783e-03  -2.5281021e-04  -4.3908669e-04   6.8334024e-04
   1.9279969e-02  -2.5206996e-02   1.2609108e-02  -1.7373978e-04  -1.8379674e-04   7.1738105e-04
   1.4631096e-02  -1.3827577e-02   1.4865654e-02  -4.3475575e-05  -2.1808269e-04   6.2368371e-04
   1.5043493e-02  -8.9839623e-03   2.0725825e-02  -2.8585783e-04  -1.5537092e-04   5.9076235e-04
   2.0145900e-02  -1.5407470e-02   1.1028464e-02  -2.4794158e-04  -3.3190484e-04   6.6138259e-04
   1.9619531e-02   2.5087378e-03   4.6044991e-03  -2.3326132e-04  -4.5216991e-04   7.6082737e-04
   2.0766454e-02   1.6952703e-02   6.9756111e-03  -1.3394243e-04  -3.5941128e-04   7.3783383e-04
   2.2968582e-02   1.4583424e-02   2.5658566e-02  -4.1189772e-04  -4.2770668e-04   5.9603100e-04
   2.0742510e-02   2.0577703e-02   1.5181872e-02  -3.3696723e-04  -3.3373133e-04   8.9434742e-04
   1.3373212e-02   2.6731373e-02   1.9625664e-03  -1.8081677e-04  -1.1214076e-04   6.8602338e-04
   1.7196711e-02   1.0928100e-02  -2.8980819e-03   1.5329027e-04  -1.9686636e-04   6.3698874e-04
   1.2356349e-02   1.1578713e-02   1.0073243e-03  -4.5039053e-05  -7.0625179e-05   8.8209731e-04
   1.9140459e-02   2.0487489e-02  -1.1563652e-03  -1.7466107e-04  -3.4478900e-04   6.6151169e-04
   1.6974706e-02   2.6624842e-02  -9.4373712e-03   1.7362212e-04  -3.3181912e-04   6.9839699e-04
   2.0767909e-02   3.0724537e-02  -4.0612262e-03  -1.1545803e-04  -3.9704899e-04   7.0790528e-04
   1.5003694e-02   2.7828991e-02   4.1355765e-03   5.2131478e-05  -3.6671821e-04   6.4123669e-04
   1.9179392e-02   2.7004790e-02   1.7416516e-02  -1.5184249e-04  -3.4143874e-04   5.8499606e-04
   1.9470098e-02   2.3395620e-02   1.3507666e-02  -1.7644801e-04  -4.1474972e-04   6.4105304e-04
   1.2522931e-02   2.2460922e-02  -1.3963582e-04  -1.3691941e-04  -3.4467868e-04   5.8109630e-04
   8.8716021e-03   4.2131240e-02   1.4487402e-02  -6.5893926e-04   6.2734527e-05   3.7070726e-05
   1.9945865e-02   5.3705999e-02  -7.6391434e-03  -9.7017414e-04  -1.7353398e-04   4.0785722e-04
   1.9658346e-02   5.0167141e-02  -7.7336061e-03  -1.5359513e-03  -6.8989041e-04   6.2772184e-04
   2.7596096e-02  -1.3858501e-02  -3.5361954e-02  -2.3166524e-04  -1.2227007e-03   3.8381568e-04
   3.8539301e-02  -4.6890187e-02   2.0423953e-02   2.4921126e-04  -1.2661682e-03   4.7054471e-04
   2.1508469e-02  -5.2189975e-02   5.1736401e-02  -2.6998237e-04  -4.9382650e-04  -1.0352085e-04
   2.5539300e-02  -4.4326635e-02   5.2821967e-02  -2.0045081e-04  -5.1059977e-04   3.4580183e-04
   2.5228041e-02  -4.2590214e-02   3.3844650e-02  -4.6520581e-04  -5.9220523e-04   3.2392899e-04
   3.5528534e-02  -3.8859910e-02   3.9859090e-02  -3.7645533e-04  -1.1940917e-03   5.3788202e-04
   2.3893599e-02  -1.0826510e-02   2.5707505e-02  -7.1487031e-04  -8.4308667e-04   3.5542688e-04
   1.6588703e-02  -6.5351939e-03   1.4491806e-02  -3.7040600e-04  -6.4564795e-04   2.9222643e-04
   2.3822418e-02  -1.8355305e-02   6.6558325e-03  -1.8103417e-04  -7.2700507e-04   4.9876395e-04
   1.6468477e-02  -5.7709172e-04   1.7272259e-03   5.8525676e-05  -6.6686954e-04   3.8744043e-04
   1.4503081e-02   3.7655134e-03   7.2834120e-03   2.4461502e-04  -5.5135599e-04   3.9411572e-04
