   0.0000000e+00   0.0000000e+00   0.0000000e+00   0.0000000e+00   0.0000000e+00   0.0000000e+00
   6.9616253e-03   6.1188306e-03   9.3578758e-04   7.5019345e-05  -1.1956110e-04   1.8217020e-05
   6.2576743e-03   5.5349943e-03  -1.0782653e-03   4.9366721e-05  -1.0341337e-04  -8.5190941e-05
   3.1409635e-03   7.0160251e-03  -5.5622476e-03  -6.6086229e-05  -4.6820735e-05  -9.2489024e-05
   3.1054060e-03   6.5238291e-03  -1.1122670e-03   1.8903457e-04  -1.5384959e-04  -5.9234645e-05
  -1.4273471e-04   8.6705493e-03  -7.0900412e-03   1.2613417e-04  -7.3766324e-05  -3.8999472e-05
   5.0213946e-04   1.1586741e-02  -5.6964784e-03   5.2954421e-05  -4.4998941e-05   3.1238669e-05
   4.6619849e-03   1.3096112e-02  -5.4665893e-03  -8.1102492e-06  -1.6286701e-04  -7.3307802e-05
   5.5914930e-04   4.0605968e-03  -4.9182804e-03   2.8398728e-04  -8.7390840e-05  -1.8560100e-05
   2.7209745e-03   4.3229254e-03  -2.8941226e-03   9.4001903e-05  -1.1900148e-04  -7.7203769e-05
   2.7687672e-04   7.7069631e-03  -8.3506671e-03   1.4678916e-04  -1.1171909e-04  -3.3852543e-05
   2.4936229e-03   2.5319576e-03  -5.2246508e-03   2.6124444e-04  -1.2657795e-04  -4.0694241e-05
   3.2952509e-03   2.4730964e-03  -4.0596215e-03   1.0488356e-04  -1.7034306e-04   2.0626561e-05
   5.5686712e-03   3.3271459e-03  -6.9630779e-03   2.7331348e-05  -1.4917783e-04  -8.9178376e-05
   8.8897465e-03   3.3505472e-03  -4.9478555e-03   9.2417677e-05  -2.4393210e-04  -3.1639897e-05
   5.6570381e-03   2.9113323e-03  -1.8930561e-03  -7.0586635e-07  -1.3216011e-05   5.4697920e-05
   9.0866332e-03   4.1858102e-04  -7.8533529e-03   1.3994714e-04  -1.0774204e-04   3.0741083e-06
   7.3444540e-03  -4.2451651e-03  -5.7088761e-03  -1.8870295e-05  -1.3375255e-04  -4.7513933e-05
   2.1904293e-03  -5.6899078e-03  -7.3127298e-03   1.5694451e-04  -2.7101750e-05   4.1312045e-05
   2.1534678e-03  -4.6025439e-03  -7.3621807e-05   1.0960190e-04   6.7937162e-06  -9.4852496e-05
   6.2228031e-05  -1.1516484e-02   6.4680574e-03   1.1045306e-04  -1.0701512e-04  -1.0503833e-04
   3.2092357e-03  -4.2223869e-03   5.1808504e-03   5.9642056e-05  -1.1728167e-04  -1.2517971e-04
   6.0027950e-03  -2.6086170e-03   3.2346799e-03   1.6102577e-04  -5.2127352e-05  -1.1034502e-04
   2.6700853e-03   8.1676191e-04  -8.7995376e-03  -1.6536094e-05  -9.4715299e-05  -5.1381227e-05
   2.6728083e-03   3.9678316e-03  -8.9216037e-03   2.6079741e-04  -1.2101313e-04   3.8757976e-05
  -4.7036951e-04   2.0095853e-03  -1.2995420e-02   2.4811141e-04  -2.6022266e-05  -5.0768791e-05
   6.1029240e-04   8.5035383e-03  -2.2888058e-02   1.6520385e-05  -4.9813025e-05  -2.7313816e-05
  -1.3809748e-03   1.3462808e-02  -1.9842198e-02   5.0684939e-05  -9.4906224e-05  -2.9459144e-05
  -4.1167011e-03   1.5528495e-02  -1.3495215e-02   6.7526310e-05   1.0024990e-05  -1.0189704e-04
  -5.2027395e-04   6.0837622e-03  -1.3472890e-02   2.4750171e-04  -2.8942284e-05   7.5365963e-05
   2.0695836e-03   1.1413257e-03  -8.7458722e-03   4.4580013e-05  -1.4453331e-04  -1.3937393e-06
   3.4938109e-03   2.6860318e-03  -5.7126795e-03   3.5330928e-05  -1.5456851e-04  -6.3490746e-05
   7.7584851e-04  -1.3777969e-03  -2.0008342e-03  -7.7288726e-05  -3.9600083e-05   5.1826033e-05
   2.6363049e-03   6.8849944e-03  -1.4401283e-03   6.8569830e-05  -5.5290875e-05  -5.9490368e-05
   2.5137226e-03   5.0426816e-03  -2.3525140e-04   6.2427939e-05  -7.5883448e-05  -2.1233367e-05
   1.1193887e-03   1.1923488e-03   4.5742981e-03  -6.7161008e-05   1.1921939e-04   1.8460439e-05
   4.3511255e-03   9.2110871e-04   6.0396772e-03   6.8652948e-05  -1.9089770e-05   3.5726016e-05
   7.7728311e-03  -2.1180914e-03   8.0640051e-03   4.6364793e-05  -4.9891386e-05   1.0432319e-05
   2.2595729e-03  -6.9227630e-03   8.9412286e-03   1.2497654e-04   5.6524282e-05   1.0137119e-05
   3.0998783e-03  -1.3862946e-03   7.5425320e-03   1.2507882e-04  -5.5458185e-05   3.0773024e-05
   7.1930536e-03  -1.1402209e-03   8.8550985e-03   2.2989029e-05  -1.0292460e-04   2.5482430e-05
   6.8764930e-03   4.1184692e-04   8.7856594e-03  -6.1966822e-06  -9.3957715e-05   7.5338927e-05
   5.0062008e-03  -3.8543778e-03   1.3509866e-02   1.6801614e-04  -1.8379836e-04   9.2970689e-05
   5.9327558e-03   9.2311242e-04   6.6129148e-03   4.1927814e-05  -1.7869236e-04   1.3243483e-04
   2.8145866e-03  -7.4001624e-04   5.1013749e-03   2.7300726e-06  -7.7901923e-05   5.9945938e-05
   3.5362890e-03   4.6826364e-03   3.2216688e-03  -2.1441578e-04  -1.7137205e-04   5.3883924e-05
   7.5073682e-03   9.7466763e-03  -2.8075873e-03   2.3982504e-05  -2.4654093e-04  -3.8680274e-05
   2.1096096e-03   1.1221755e-02  -4.6095716e-03  -1.2287303e-05  -1.0405899e-04  -3.3864843e-06
  -2.4824557e-03  -6.3002351e-05  -3.2890780e-03   1.3226556e-04  -6.9229344e-05  -1.5176545e-05
  -2.7989033e-03   4.7952053e-03  -8.1095447e-03   4.3515221e-05  -9.7745475e-05   8.3237542e-06
  -4.2532135e-04   3.7115469e-03  -9.1785004e-03  -3.6977331e-05  -8.7719454e-05  -2.6765187e-05
  -1.7154858e-03   7.0293836e-03  -3.5242554e-03  -1.4617084e-04  -1.6041461e-05  -2.4769381e-05
   2.5360656e-03  -1.0487125e-02   1.6174948e-04  -2.9203092e-06  -6.2800509e-05  -2.1994460e-05
   7.6619063e-03  -2.0114855e-03   3.2866976e-03  -1.6978714e-05  -5.1405531e-05   1.4380218e-04
   8.5684197e-03  -4.8486080e-03   1.6387476e-03   1.3995022e-04   7.1350979e-05   7.5839656e-05
   9.2433633e-03   4.7086435e-04   3.7601664e-03  -1.2827306e-05   8.9928976e-06   3.6457447e-06
   8.2557508e-03   2.7418092e-04   3.4803804e-03   2.5812056e-05   2.6244872e-05   1.2684398e-04
   3.5555440e-03   5.1183829e-04   2.5812726e-04   5.5065552e-05   1.4217621e-05   5.8736088e-05
   3.3124308e-03   7.9998515e-03   8.8973413e-03  -4.5573923e-05  -7.3491109e-05   8.5442382e-05
   4.3062011e-03   6.5589213e-03   6.1892223e-03   1.7055086e-05  -1.8726261e-04   7.9827379e-05
   5.2977419e-03   9.4153202e-03   6.2544246e-03   2.1050835e-04  -1.8832803e-04   1.2563742e-04
   1.5974255e-03   8.3529596e-03  -3.1314255e-03   7.1753336e-05  -1.3758003e-04   1.5363143e-04
   3.7141418e-03   9.3497164e-03  -3.0820060e-03  -1.0268646e-04  -1.1510234e-04   1.3620089e-04
   2.7459512e-03   1.4307309e-02  -7.5529121e-03  -1.7988795e-04  -1.2139565e-04   1.1425327e-04
   1.7034728e-03   1.1306670e-02  -7.0805140e-03   8.9299538e-05  -1.7669665e-05   7.8816337e-05
   5.0263629e-03   5.4582631e-03  -4.6377917e-03  -3.8419305e-05  -7.9019041e-06   8.4246119e-05
   1.1708475e-02   9.2892206e-04   4.8065204e-03  -5.0181626e-05  -4.7030047e-05   7.6190862e-05
   1.1828457e-02   2.1369587e-03  -1.3906869e-04   1.3247349e-04  -3.7779749e-05  -4.4225396e-05
   7.6562375e-03  -6.5455213e-04   4.9037441e-04   1.6961889e-04   7.1385476e-05   7.7367834e-05
   8.4530552e-03  -5.9845681e-03  -4.6426830e-03   3.1302830e-05  -2.6013578e-05   1.6060212e-04
   9.1598284e-03   2.7265939e-03  -5.6381527e-03  -4.0520257e-05  -6.5117631e-05   9.6477321e-05
   3.6973846e-03  -2.8558156e-03   3.6500952e-04  -9.9251194e-05  -1.9281584e-05   7.8866803e-05
   4.8545493e-03   4.5153236e-03  -2.3273988e-03  -1.2265894e-04  -1.6737209e-04   9.6441231e-05
   4.1899481e-03   7.2219730e-03  -3.7608068e-03  -6.6356041e-05  -1.4898394e-04   7.7982650e-05
   2.3463662e-03   6.6973557e-03   4.2802642e-03  -1.0813220e-05  -5.0250132e-05   4.1740230e-05
   4.3856409e-03  -3.6710894e-03   3.3593099e-03  -1.8470129e-05  -1.5944396e-04   7.5369207e-05
   1.8241589e-03   1.9083998e-03  -1.4280565e-03  -4.7466031e-05  -1.5865088e-04  -2.7044171e-05
   2.4030890e-03   4.2778740e-03  -1.3170162e-02  -2.5972397e-04  -1.3738205e-04   7.2332417e-05
   3.9299593e-03   3.8445642e-03  -1.4647182e-02  -5.1711262e-04  -6.9470942e-05   9.3064606e-05
   3.4929664e-03   6.8007585e-03  -2.3842914e-02  -4.7409523e-04  -7.8867988e-05   2.3117685e-05
   7.9736073e-04  -3.0682327e-03  -2.4122849e-02  -6.6241972e-04   4.2577202e-06  -4.7964848e-05
   8.3960492e-06   5.9046093e-03  -2.9806170e-02  -9.7613719e-04   1.1680065e-05  -1.0008863e-04
  -1.1225150e-03   1.5390937e-02  -4.3118674e-02  -7.2032206e-04   7.3411180e-06  -1.5542592e-04
   3.6650565e-04   1.6678241e-02  -3.4129422e-02  -5.0281176e-04   2.3499022e-05  -1.6116496e-04
  -4.8185444e-03   1.1359834e-02  -2.1996626e-02  -5.1516165e-04   1.4428552e-04  -1.3655041e-04
  -3.6941107e-03   6.5447818e-03  -1.2870488e-02  -5.9184375e-04  -1.6175822e-05  -1.0773175e-04
  -8.1095627e-04   2.3520022e-03  -1.6117348e-02  -4.3725149e-04   5.7103772e-05  -1.1558430e-04
  -5.9353950e-04   8.5591588e-03  -1.6124459e-02  -5.5941047e-04   1.1262765e-04   2.7175631e-06
  -6.6070029e-04  -2.0454997e-03  -1.4796703e-02  -4.9124000e-04   4.1815887e-05   6.6670983e-05
   2.6528706e-03   8.6023294e-03  -1.8805070e-02  -5.1684281e-04  -1.7385641e-05   4.6989860e-05
   2.9663415e-03   4.6054848e-03  -1.3319577e-02  -5.7724807e-04   6.4870957e-06  -8.9439526e-07
   3.3611130e-03   2.9497576e-03  -1.1836542e-02  -7.0668088e-04  -2.4387087e-06  -4.6412169e-05
   5.0275807e-03  -7.8769629e-04  -1.2020223e-02  -5.6524622e-04  -9.7010296e-05  -3.6561326e-05
   5.0202932e-03   1.1610313e-02  -1.5970981e-02  -5.7936037e-04  -5.2218422e-05  -9.0006994e-05
  -1.8465633e-03   1.2817790e-03  -1.6484254e-02  -6.1553762e-04   1.1691392e-04  -1.9004990e-04
  -7.9541726e-04   1.3678824e-02  -2.6897028e-02  -7.9158384e-04   8.4700251e-05  -6.6223498e-05
   6.6854751e-06   7.8364943e-03  -2.5506264e-02  -7.6496243e-04  -4.6720011e-06  -1.9464282e-05
   8.1779813e-04   4.0355547e-03  -2.3464967e-02  -9.1402554e-04  -1.6521010e-05  -1.4177063e-05
  -1.5499119e-03   1.8189327e-02  -2.2009059e-02  -8.3904221e-04  -4.3094070e-05  -4.0481896e-05
  -5.8751895e-03   1.2177544e-02  -1.5696246e-02  -6.6761554e-04   6.8383827e-05  -1.1395392e-04
  -1.0718477e-03   4.6032611e-03  -7.1890017e-03  -6.7825784e-04   1.2545444e-04  -1.2941482e-04
   2.0289107e-03  -1.5825340e-04  -4.5436695e-03  -8.1200608e-04   3.3096104e-05  -1.0248379e-04
   6.9384098e-03   1.4067539e-03  -7.1175723e-03  -7.7505366e-04   3.5054357e-05  -1.6757327e-04
   3.8886615e-03  -9.8639345e-03  -3.1577894e-03  -5.5879746e-04   4.6557868e-05  -1.0618252e-04
   5.5129303e-03  -1.3965790e-03  -6.5966716e-03  -3.6947047e-04   7.8560533e-05  -3.9933733e-05
   4.6624001e-03   4.3627838e-03  -5.7692140e-03  -7.7411269e-04  -3.8126797e-06  -2.8581583e-05
   4.3359855e-03   6.7510450e-03  -8.4456415e-03  -6.6685440e-04   2.2125286e-05  -8.0688339e-05
   4.5506119e-03  -5.2029256e-04  -4.1119736e-03  -7.3458226e-04  -1.0026230e-05  -1.5818508e-04
   7.5405995e-03   2.9211394e-03  -1.4529263e-02  -5.0899428e-04  -3.3195290e-05  -1.1422527e-04
   5.5402664e-03   6.0233460e-03  -2.2450769e-02  -8.5089446e-04   2.4234051e-05   4.4977044e-05
   5.9842824e-03   6.0478439e-03  -2.6268089e-02  -7.8947168e-04  -4.3334889e-05   6.2477678e-05
   2.1966636e-03   9.9232060e-03  -2.2355873e-02  -8.2403969e-04   4.4186890e-05  -6.5667927e-06
   2.2419390e-03   1.0944658e-02  -2.8391842e-02  -7.9972841e-04   1.2511244e-04  -9.3028659e-05
   5.6412624e-03   1.8059617e-02  -2.9754747e-02  -8.1823172e-04   4.4188843e-05  -4.4519177e-05
   1.4120298e-03   7.9075068e-03  -2.5997747e-02  -8.1011838e-04   1.2496863e-04  -2.4473463e-05
   3.0354990e-03   3.8500400e-03  -2.8369171e-02  -6.6619763e-04  -7.1175161e-05   1.7273412e-05
   4.1233025e-03   2.0280573e-02  -3.8188300e-02  -7.8866531e-04  -5.9269713e-05   8.3533332e-05
   1.1931604e-03   9.3548857e-03  -3.2193632e-02  -8.2857856e-04   6.2322872e-05   4.3526311e-05
  -1.0551745e-03   7.7564751e-03  -2.9601233e-02  -1.1221319e-03   1.4912940e-04  -7.9782865e-05
   3.5533538e-03   2.9764090e-02  -2.3680843e-02  -8.7658579e-04   7.0500872e-05  -4.7097512e-05
  -2.2696961e-02  -2.2847788e-02   1.1152743e-02   2.1037832e-03  -3.1729495e-05   4.6423069e-04
  -2.5670398e-02  -1.0646385e-02   6.1583985e-02   2.3901036e-03   1.2286105e-04   5.3379734e-04
  -1.9955265e-02  -6.7412208e-03   4.9495803e-02   1.6847496e-03   5.7950785e-05   8.6127891e-05
  -1.7924431e-02  -1.8360115e-02   4.7062808e-02   1.7147703e-03   7.1889800e-05   1.2628143e-04
  -1.1381824e-02  -1.7394268e-02   5.1929373e-02   1.7077813e-03  -9.1113439e-06   2.1117531e-04
  -1.5716243e-02  -2.4148495e-02   5.3220484e-02   1.4767975e-03   1.1471784e-04   1.2092815e-04
  -1.1910064e-02  -2.0404926e-02   5.8913768e-02   1.5223704e-03   4.0831556e-05   3.6382329e-05
  -1.3636075e-02  -2.4569447e-02   5.5668103e-02   1.5669263e-03   3.1776970e-05   1.9074108e-04
  -1.4963544e-02  -1.8373167e-02   5.0972572e-02   1.1402796e-03   1.4475364e-04   7.8524477e-05
  -1.3757019e-02  -1.0100219e-02   4.5212175e-02   1.1820032e-03   1.1645411e-04   1.0459654e-04
  -1.2371788e-02  -6.0255505e-03   3.9538336e-02   1.2249244e-03   1.0456084e-04   1.7821089e-04
  -1.4282013e-02  -9.0307955e-03   2.8093608e-02   1.2941618e-03   1.8148981e-04   1.1503084e-04
  -9.9727304e-03   3.6555135e-03   2.9233867e-02   1.0589388e-03   2.4107069e-04   8.6563279e-05
  -9.0467507e-03  -5.2490380e-03   1.8440921e-02   1.0464186e-03   1.8163300e-04   7.7377590e-05
  -1.1566978e-02  -6.6705273e-03   1.4760245e-02   6.3203548e-04   3.0995004e-04   2.4664619e-04
  -8.0860367e-03   8.1643177e-04   1.2411749e-02   5.1941292e-04   1.9637688e-04   2.1874991e-04
  -2.7076859e-03   5.8542058e-03   1.2777744e-03   4.2986893e-04   1.1181941e-04   2.0644810e-04
  -7.7649733e-03   8.9698357e-03  -2.3942938e-03  -3.9298433e-05   3.0825881e-04   1.1212252e-04
  -1.5865070e-03   1.1749714e-02  -6.5836078e-03   2.0360069e-04   6.6845311e-05   2.5843465e-04
  -2.9871763e-03   2.0683752e-02  -1.6428402e-02   3.3937231e-04   1.6990750e-04   2.1072361e-04
  -6.5910434e-03   1.3021733e-02  -1.7622914e-02  -1.2046289e-04   3.0519700e-04   5.2030858e-06
  -1.0002674e-03   2.2747635e-02  -2.9765236e-02  -6.0420736e-05   1.0849650e-04   1.2948934e-04
  -3.1713040e-03   1.5837270e-02  -2.2585825e-02  -3.6830962e-04   2.0090702e-04   1.2710181e-04
  -1.8696202e-03   1.4064879e-02  -1.5478020e-02  -1.7640723e-04   5.1525378e-05   1.0114327e-04
  -5.7852711e-03   2.7366018e-02  -1.0637069e-02  -8.5018669e-05   1.0743386e-04   1.0098015e-04
  -7.9750655e-03   2.8780518e-02  -2.0753352e-03  -3.0158888e-05   1.6377506e-04   2.3752782e-05
  -1.0434485e-02   9.0164204e-03   2.0500086e-03  -1.7127659e-04   1.7963761e-04  -1.2896499e-04
  -5.1543346e-03   1.6895746e-02  -1.0716241e-02  -3.3897163e-04   1.3988143e-04  -5.7323975e-05
  -1.2197307e-03   4.3932518e-03  -6.8341261e-03  -6.1772663e-04   1.0059415e-04  -6.1897847e-05
   2.8596967e-03   8.2790331e-03  -1.2401555e-02  -6.2724581e-04   2.4126937e-05  -7.2610247e-05
   8.7966665e-04   8.5675970e-03  -6.7684122e-03  -4.0154714e-04   6.2148811e-05  -6.7152364e-05
  -6.2209544e-03   1.3374035e-02  -8.4378478e-03  -5.7081452e-04   1.2166173e-04  -6.8694056e-06
  -3.2619248e-03   1.0306083e-02  -4.2011383e-03  -3.3427145e-04   1.5038350e-04  -9.3166930e-05
   5.8623739e-03   8.8600822e-03   5.0871779e-03  -3.7086303e-04   7.2809911e-05  -4.7786605e-05
   2.7379745e-03   2.6468164e-03  -1.6379658e-04  -5.6826036e-04   2.5539373e-04  -8.3138055e-05
   4.4430677e-03  -7.8147774e-03  -3.8544641e-03  -3.7043249e-04   2.3646557e-05  -7.9476804e-05
   4.6348060e-03   5.1588136e-03  -1.0284559e-02  -2.9116355e-04   1.3259245e-04  -1.2262143e-04
   1.8085608e-03   2.2188999e-04  -8.8043544e-03  -3.6292785e-04   1.5505994e-04  -9.9956615e-05
   2.6296424e-03   4.4058492e-03  -1.5185090e-02  -3.1964908e-04   9.1604028e-05   1.2018019e-04
   1.0445325e-03  -3.2761766e-03  -3.9810066e-03  -5.7014721e-04   9.9555612e-05  -3.2099212e-05
   4.1978966e-03   4.8466134e-03  -1.4966795e-02  -6.1415284e-04   3.1326676e-05   7.5831783e-05
  -3.0560990e-03  -1.7534890e-03  -1.1956704e-02  -7.3728728e-04   1.4816027e-04   3.0937382e-05
  -3.8673645e-03   6.7278012e-03  -2.6928947e-02  -7.4459600e-04   7.6061119e-05  -1.7839113e-05
  -3.1375111e-03   2.0255916e-02  -3.2155972e-02  -7.0448182e-04   7.4849312e-05  -9.1690879e-05
  -1.2289584e-02   3.4344263e-02  -2.4291567e-02  -6.0011051e-04   2.2499648e-04  -1.6768489e-04
  -1.1890063e-02   2.5645039e-02  -5.1522240e-03  -5.4001454e-04   2.4537422e-04  -2.6296858e-04
  -5.9804685e-03   1.6362854e-02   2.5818568e-03  -7.2280598e-04   7.2704250e-05  -2.0350018e-04
  -3.7524113e-03   2.0376005e-02  -5.5973311e-04  -7.0056164e-04   1.5867155e-04  -1.7435268e-04
  -4.9520470e-03   1.6037225e-02   7.7442693e-03  -5.8517065e-04   1.9491370e-04  -1.1325916e-04
  -1.7466871e-03   9.6886214e-03   9.1160452e-03  -5.3894548e-04   7.6208003e-05  -2.5892726e-05
   5.4314440e-04   1.9169805e-02  -3.0320705e-04  -5.3255253e-04   1.1269015e-04  -2.1015774e-06
  -2.4191917e-03   4.5580250e-03  -1.5096014e-03  -4.7201395e-04   1.6824420e-04   8.9558649e-05
   1.4891217e-03   8.4786990e-03  -1.1125272e-02  -4.5373447e-04   7.8999305e-05   3.1934364e-05
   1.0762844e-04   3.0148140e-03  -2.2909138e-03  -6.9094160e-04   1.6137369e-04   4.9974677e-05
   3.0250334e-03   3.4502450e-03  -9.1444845e-03  -6.3830380e-04   8.5212417e-05   9.9971005e-05
   1.5426177e-03  -5.9143851e-04  -2.3312776e-03  -7.8782219e-04   8.1123169e-05   1.2633681e-04
   4.7299953e-03   6.1887127e-03  -1.5594804e-02  -8.9181807e-04  -2.7049833e-05   1.1387680e-04
   5.0361840e-04   7.9416985e-03  -2.9625085e-02  -8.8914961e-04   2.2014597e-05   1.4221441e-04
   1.1864198e-03   1.2947688e-02  -2.9510609e-02  -1.0563300e-03  -4.7927303e-05   1.3298667e-05
   2.1020644e-03  -1.1308338e-03  -2.2916909e-02  -1.1571582e-03   9.1458459e-05  -2.3289089e-04
   2.3345256e-03  -7.1082000e-04  -3.1621266e-02  -1.0050518e-03  -5.0966559e-05  -8.2399715e-05
   1.8367603e-04  -3.2804780e-03  -1.7330733e-02  -1.0871302e-03   5.4656841e-05  -2.9739634e-04
   9.2199359e-04   6.2092152e-04  -2.8648177e-02  -1.2956122e-03   3.6402667e-05  -2.6768317e-04
  -1.2245001e-03   9.4877887e-03  -3.7557610e-02  -9.8664785e-04   2.9522111e-05  -1.3526300e-04
   1.2218284e-03   2.0659707e-02  -3.8304814e-02  -8.6929792e-04   1.0791136e-04  -2.5728607e-04
  -3.0501120e-03   1.7309430e-02  -3.6141766e-02  -6.8179039e-04   2.3448333e-04  -1.0431035e-04
  -5.0616611e-03   2.8923321e-02  -2.6979068e-02  -8.8235921e-04   3.0423226e-04  -4.0146509e-04
  -1.1954074e-03   2.3078654e-02  -2.1537331e-02  -6.6326802e-04   1.9195922e-04  -4.5711754e-05
   1.9775239e-03   2.1991838e-02  -1.6853449e-02  -9.1557983e-04   1.4453593e-04  -8.6097932e-05
  -1.9406597e-03   1.4899142e-04  -1.7922001e-02  -1.0147937e-03   2.0151282e-04  -1.7159449e-04
  -1.7372304e-03   8.3739675e-03  -1.6502356e-02  -9.6175348e-04   1.9640218e-04  -9.0425274e-06
  -1.7456059e-03   3.8096808e-03  -3.4575225e-03  -1.1638439e-03   1.5304413e-04   1.7383386e-05
   1.8352172e-03   1.3614119e-02  -6.3224700e-03  -8.7356053e-04   5.9110939e-05   4.7500032e-07
   4.3050143e-03   5.1708156e-03  -2.0972956e-03  -9.8222510e-04  -5.4037558e-06   2.9463570e-05
   5.6062268e-03   1.0983074e-02  -8.1930353e-03  -9.0920099e-04   6.5294222e-05   3.2775871e-05
   2.0972975e-03   9.6592896e-04  -5.9689779e-03  -1.1750403e-03   8.2383255e-05  -4.8052236e-05
   6.2045249e-03   1.9966034e-02  -1.4995493e-02  -1.0563439e-03   1.0672601e-04   1.1864722e-06
   4.2348764e-04   1.7036285e-02  -2.0372893e-02  -1.0355732e-03   2.5770998e-04  -1.9278352e-04
  -6.7638134e-05   2.1074898e-02  -2.2003761e-02  -1.0143859e-03   2.6612844e-04  -1.9234924e-04
   2.4876318e-03   2.3482173e-02  -1.9008749e-02  -7.9665830e-04   1.3173788e-04  -1.4932922e-04
