   0.0000000e+00   0.0000000e+00   0.0000000e+00   0.0000000e+00   0.0000000e+00   9.4039548e-38
   1.1163034e-02  -3.6160078e-02  -2.6858432e-03   9.5409590e-04  -2.8975870e-04  -2.2611670e-04
   1.1160908e-02  -4.1963544e-02   9.2994201e-03   1.1226030e-03  -1.8989363e-04  -2.6731325e-04
   6.8917649e-03  -2.1865688e-02   1.0338237e-02   1.0161345e-03  -7.9285530e-05  -2.4883700e-04
   8.3137178e-03  -2.0697854e-02  -6.8200044e-03   7.1990305e-04  -6.2172392e-05  -1.0313617e-04
   6.4936245e-03  -1.4478170e-02   7.4798715e-03   3.9821846e-04   1.0788510e-04  -9.2647687e-05
   2.2966621e-02  -5.3287835e-02   1.2625861e-02   1.2929955e-03  -1.8446128e-04  -1.3334204e-04
   1.7613426e-02  -3.3445239e-02   1.2527882e-02   7.0564897e-04  -3.1373566e-04   8.2279337e-05
   1.2566290e-02  -3.3800258e-02   1.0317366e-02   8.4896084e-04  -2.9618165e-04  -9.4756309e-05
   1.4552943e-02  -3.2908823e-02   6.5787030e-03   3.8150356e-04  -3.2447383e-04  -2.0076363e-04
   1.6567854e-02  -2.9184847e-02   1.7328520e-02   5.7512218e-04  -3.0338331e-04  -2.4995675e-04
   1.8048716e-02  -3.8019053e-02   1.4526556e-02   8.5322006e-04  -3.3627430e-04  -2.3639921e-04
   1.1377788e-02  -3.3307397e-02  -1.1180162e-03   5.3230109e-04  -2.4157122e-04  -2.9037080e-04
   1.4346277e-02  -4.4747551e-02   5.4607155e-03   7.8732681e-04  -2.9919488e-04  -3.2116818e-04
   1.9382665e-02  -4.7006145e-02   1.4240241e-02   8.0293887e-04  -3.6841920e-04  -2.3959515e-04
   2.0743922e-02  -5.0457917e-02   1.6947872e-02   9.7991806e-04  -2.4638191e-04  -9.4856242e-05
   2.3506680e-02  -9.0842716e-02   1.8630392e-02   1.9038658e-03  -4.7031236e-04  -4.8888881e-05
   1.8315937e-02  -1.6342421e-02   9.5675079e-03   9.1577700e-04  -5.7873863e-04   6.5805164e-05
   1.6584089e-02  -3.0173425e-02  -5.9209974e-03   7.3217062e-04  -5.6920134e-04  -2.4767341e-04
   1.6918703e-02  -5.1105925e-02   2.6710601e-02   1.1741924e-03  -4.4875755e-04  -3.6146142e-04
   2.2924015e-02  -4.4210954e-02   5.4229012e-02   1.1958723e-03  -4.4425802e-04  -3.4359011e-04
   2.2596243e-02  -2.6160967e-02   5.0345251e-02   7.9145570e-04  -4.9029677e-04  -2.2223595e-04
   1.7195799e-02  -2.7778270e-02   3.0882617e-02   6.9784256e-04  -4.1524512e-04  -2.6423154e-04
   1.8560742e-02  -4.3465363e-02   3.8683346e-02   1.1474016e-03  -4.3863285e-04  -2.4413940e-04
   1.9373269e-02  -2.8846306e-02   2.4630021e-02   7.7932638e-04  -4.8541503e-04  -3.3681178e-04
   1.9513933e-02  -2.6928637e-02   2.3604253e-02   7.2768823e-04  -4.4003630e-04  -2.7940269e-04
   2.4454554e-02  -3.6533278e-02   2.7680875e-02   9.4555339e-04  -4.7728447e-04  -2.5829738e-04
   1.5758337e-02  -3.5614387e-02   9.9908378e-03   7.3187081e-04  -3.0655437e-04  -2.1093226e-04
   1.4907301e-02  -4.2486817e-02   1.2826614e-02   7.5618849e-04  -2.9397447e-04  -3.1186006e-04
   1.8356848e-02  -3.7381982e-02   1.3104821e-02   7.7054011e-04  -4.5796054e-04  -2.9799506e-04
   1.6176374e-02  -4.3559152e-02   9.6382100e-03   8.6550771e-04  -3.3235795e-04  -2.7074940e-04
   1.6238726e-02  -3.0939795e-02   2.4008271e-03   6.0148423e-04  -3.3976405e-04  -2.7931077e-04
   2.0268454e-02  -3.7302734e-02   2.9027908e-03   9.7593990e-04  -4.0018970e-04  -1.8545527e-04
   1.8148284e-02  -3.1775345e-02   5.3860537e-03   8.9999918e-04  -3.5232935e-04  -2.2917865e-04
   1.3663317e-02  -3.0188952e-02  -2.1098649e-03   6.3666252e-04  -4.2355734e-04  -3.0559199e-04
   1.8967361e-02  -3.4239619e-02  -8.0370046e-03   6.6678544e-04  -6.1483911e-04  -3.4575750e-04
   2.0667991e-02  -4.3381535e-02   6.2027346e-03   1.0369821e-03  -5.0479294e-04  -3.6357702e-04
   1.7181304e-02  -3.7100147e-02   4.8819492e-03   1.0745968e-03  -4.1029209e-04  -3.5938013e-04
   1.3233565e-02  -3.0488906e-02   1.4569762e-03   7.8724876e-04  -4.1857753e-04  -2.9362285e-04
   2.0730890e-02  -3.1453841e-02   6.0492925e-03   7.6697344e-04  -5.9685676e-04  -2.5228307e-04
   1.6747679e-02  -2.8100071e-02   1.8999945e-02   6.3973084e-04  -3.7487227e-04  -3.5960627e-04
   2.3249230e-02  -4.5948277e-02   1.4110261e-02   1.0180857e-03  -5.3056010e-04  -3.0554854e-04
   2.0253979e-02  -3.9479418e-02   1.4799199e-02   8.8642484e-04  -5.2431180e-04  -3.2359701e-04
   9.9393596e-03  -5.5099967e-02  -4.8574399e-03   7.9081169e-04  -3.1887512e-04   2.6408294e-04
  -3.7682880e-02   4.4074138e-02  -1.4473308e-01  -5.6524564e-03   4.7075775e-04   4.0723404e-04
  -1.3082346e-02  -2.5795746e-02  -5.0274458e-02   3.2151726e-03   8.8828878e-05  -4.2185174e-04
   1.6274694e-02   3.5264404e-02  -1.7140994e-02   2.4175591e-04  -4.2992112e-04  -6.5944608e-05
   2.2934445e-02  -4.7053654e-02   4.7137010e-02   1.2692339e-03  -5.0913099e-04  -3.8770659e-04
   2.5055630e-02  -4.8751097e-02   5.5875527e-02   9.2425113e-04  -6.3783411e-04  -2.9939107e-04
  -8.3464084e-03  -1.2061933e-02   2.7082233e-02   6.2090702e-04   1.5431244e-04  -1.7103118e-04
  -4.2653445e-02   1.1598732e-01  -1.7218641e-02  -2.1502817e-03   1.4281165e-03   2.7604137e-04
  -2.9512649e-02  -5.6774668e-02   4.7540571e-02   2.1260018e-03   8.6657225e-04   1.7707671e-04
  -3.2587333e-03  -9.8321224e-03   5.4356079e-02   1.8083164e-04   5.3219478e-04   1.3566044e-05
  -3.2663680e-02   2.5387551e-02   2.7418816e-02  -1.0800088e-04   9.1508841e-04   2.8653749e-04
  -4.6603786e-02  -8.1215952e-03   3.1901698e-03   6.9092246e-04   1.1778032e-03   3.0845145e-05
  -1.0017572e-02   1.7994599e-02  -3.9204562e-03  -4.4159267e-04   7.4115947e-04  -1.9805100e-05
  -2.0931039e-02   1.5941797e-02  -1.3899797e-02   1.7998728e-04   6.4154736e-04   2.1128840e-04
  -1.6634686e-02   1.0163211e-02  -3.3575146e-03  -2.6399104e-04   6.3485113e-04   1.4262360e-04
  -7.8065917e-03  -3.1782849e-02  -2.9775455e-02   6.4750952e-04   1.0407012e-04   1.2053630e-04
  -2.8612109e-02   7.6019227e-03  -2.8299032e-02  -4.6357104e-04   9.2003450e-04   2.7752812e-04
  -2.6322239e-02  -2.8556510e-02  -2.2600274e-02   5.6785352e-04   7.2292307e-04   1.4825394e-04
  -1.1268050e-02   3.4290845e-02  -4.1393454e-02  -2.4781218e-04   2.6147504e-04   2.9871222e-04
  -2.1163173e-02  -3.5616265e-03  -2.7174082e-02   1.0825703e-04   3.1513067e-04   3.8982435e-05
   8.0721789e-03  -3.1278282e-02  -2.9345797e-02   5.9113492e-04  -3.2793784e-04  -1.0814014e-04
   7.6681514e-04  -2.5511037e-02  -1.1492638e-02   5.4796873e-04  -1.9103508e-04  -2.3076575e-05
   1.8272859e-03  -2.5129278e-02  -2.0509665e-03   6.0197152e-04  -1.2291827e-04  -1.6089075e-04
   7.2997982e-03  -1.8408037e-02   1.9359455e-03   4.7336852e-04  -2.1762672e-04  -1.7316110e-04
   5.7105538e-03  -3.2522143e-02   8.2583735e-03   5.8087242e-04  -5.6070776e-05  -1.3646217e-04
   2.5238928e-03  -1.1159455e-02  -4.5110457e-03  -2.5403724e-04  -1.3760308e-05  -2.2802786e-04
   9.0296973e-03  -3.1059396e-02   9.6119008e-03   3.4772689e-04  -1.0762605e-04  -2.3192090e-04
   8.0159652e-03  -4.0961190e-02   6.4261825e-03   4.2030099e-04  -1.8307591e-04  -2.2220483e-04
   6.9119389e-03  -4.4093313e-02   1.0959474e-02   6.5957088e-04  -8.5920897e-05  -1.4283941e-04
   3.5742469e-03  -2.5298225e-02   4.7211600e-03   1.0329157e-04   5.2263599e-05  -1.8420541e-04
   7.3321145e-03  -2.2610946e-02  -7.3953951e-03   1.1921608e-04   3.1877276e-06  -1.2220664e-04
  -2.7788140e-04  -3.0500574e-02   8.6538294e-04   1.2571354e-04   1.3972430e-04  -2.1917322e-04
  -1.1759502e-03  -2.5687131e-02  -5.7132893e-03   3.0389932e-04   1.0435789e-04  -2.6795878e-04
  -1.4441455e-03  -3.8197758e-02  -8.2380065e-03   6.0241294e-04   5.6024494e-05  -3.3009509e-04
   1.0162129e-03  -2.8178465e-02  -1.6119796e-02   3.5826998e-04  -5.9068139e-05  -2.7458032e-04
  -2.4231453e-04  -1.4805227e-02  -1.3933452e-02  -7.5349226e-05  -6.5640433e-06  -2.2854139e-04
  -2.5501671e-03  -2.0905743e-02  -1.6740945e-02  -3.0891929e-05   8.5228143e-05  -2.9865061e-04
  -5.8146168e-04  -2.8898939e-02  -4.2440221e-03   2.9134926e-04   4.3191497e-05  -3.2859065e-04
  -6.2395793e-04  -2.2603217e-02  -1.5022046e-02  -7.4923020e-06   1.7574193e-04  -5.1623166e-05
  -1.2990720e-04  -1.8815301e-02  -2.7182895e-02   2.1650325e-04  -6.5396028e-05  -2.6581266e-04
   4.2189106e-03  -3.3288602e-02  -1.1461492e-03   7.2608148e-04  -8.2787655e-05  -2.0064022e-04
   6.7262902e-03  -2.7163335e-02  -4.0598127e-03   2.8849431e-04  -1.1548377e-04  -2.3065674e-04
   8.7705916e-03  -2.2947300e-02  -3.7556053e-03   5.5947385e-04  -1.4760002e-04  -2.4000430e-04
  -1.7369270e-03  -1.3514629e-02  -4.4130338e-03  -5.5556201e-05   1.0850911e-04   2.5075091e-05
   5.2314901e-03  -2.5929944e-02  -7.6674297e-03   1.1874550e-03   5.1711208e-05   5.2471290e-05
  -7.4335402e-03  -2.8011796e-02   4.8989099e-02   9.6835371e-04   1.9201669e-04  -3.2878181e-05
  -8.3132316e-03  -8.6827774e-03  -6.1250970e-03   5.4855039e-04   2.0630867e-04   2.4721950e-04
  -1.1449645e-02   2.7643560e-02  -5.1948338e-02   6.6228210e-04   1.6276592e-04   1.1195872e-04
   5.1207774e-03  -2.1623248e-02  -3.3154749e-02   9.8249009e-04   3.2348555e-06  -1.0985837e-04
   3.0561066e-03  -2.7902180e-02  -2.0827963e-03   1.0002836e-03   3.7304140e-05  -3.5441600e-04
   4.9964807e-03  -2.1255880e-02   1.5572992e-02   8.9471776e-04   7.7926030e-05  -2.8362967e-04
  -1.2941152e-03  -8.4993588e-03   2.4702961e-02   6.0091181e-04   1.3935924e-04  -2.6305794e-04
  -9.3144748e-04  -1.6149541e-02   1.3107494e-02   8.9072025e-04   1.2147555e-04  -3.3363119e-04
  -1.5982027e-02   8.4882958e-03  -9.5976766e-03   3.3786639e-04   5.9025341e-04   3.8536259e-04
  -5.2229780e-02   1.0087724e-01  -9.9629678e-02  -3.3567490e-03   1.2938378e-03   8.9136651e-04
   3.2604414e-03  -3.5422643e-02  -5.9576891e-02   1.1217212e-03   4.0241316e-04  -4.8611558e-04
   9.5876517e-03  -6.4497049e-02  -1.5190408e-02   2.7902146e-03   2.2361882e-04  -6.6644465e-04
   1.0377103e-02  -2.3335675e-02   4.6411755e-02   1.1167110e-03   1.2705057e-04  -2.8006932e-04
   3.5943346e-03  -1.1703498e-02   4.1710055e-02   7.1136125e-04   1.5387492e-04  -3.8568603e-04
  -7.0442575e-03   1.1625174e-03   4.1007743e-02   2.9718887e-04   3.0507769e-04   2.3278467e-04
   2.1584319e-02  -4.8266850e-02   3.3393942e-02   1.2926523e-03  -2.3938020e-04  -9.6396784e-05
   1.7605469e-02  -2.7140509e-02   1.5767979e-02   1.9256627e-03  -1.7953181e-04   1.1232543e-04
   1.7331070e-02  -4.7646478e-02   4.4086451e-02   1.2345464e-03  -1.1688252e-04  -9.7729279e-05
   1.6754836e-02  -3.5812968e-02   5.2373314e-02   1.0677175e-03  -6.0195684e-05  -1.7487691e-04
   1.2134996e-02  -3.4480606e-02   6.4512610e-02   9.6425984e-04   9.9342313e-06  -2.8674956e-04
  -2.2518124e-02   2.0868366e-02   3.3002498e-02  -9.9993555e-04   8.3908713e-04   7.0449368e-05
   1.5117509e-02  -6.0389673e-02   2.0971384e-02   2.0046508e-03   2.2791089e-04  -7.7131868e-04
   2.6394118e-02  -5.1086679e-02   2.9459797e-02   1.2779757e-03  -1.9895102e-04  -3.7840758e-04
   7.6425257e-03  -4.0660867e-02   6.9937166e-03   5.6768178e-04   8.7610801e-05  -4.1446213e-04
   4.7692822e-03  -3.7699016e-02   6.9245735e-03   5.5313609e-04   2.9816535e-04  -2.8426933e-04
   4.1134689e-03  -2.0542082e-02  -9.6259739e-03   2.4194886e-04  -7.4798959e-06  -3.7442800e-04
   7.7294420e-03  -3.0782834e-02   5.8248120e-04   2.7718856e-04   1.3829727e-04  -3.0009172e-04
   9.9100338e-03  -3.2794023e-02  -5.6937293e-03   1.0624012e-04   3.1216291e-05  -2.3632781e-04
   3.5156170e-03  -4.4106014e-02  -4.3356128e-03   7.3796207e-04   2.5350136e-04  -2.5437112e-04
   1.7493231e-03  -3.5320375e-02  -1.2025464e-02   7.4048456e-04   2.5225643e-04  -3.4668086e-04
  -1.3094057e-02  -2.0914210e-02  -8.9892862e-03   3.1286283e-04   4.7995756e-04  -3.5469255e-04
  -2.9243950e-02   2.0361652e-02  -4.8702102e-02  -3.6539335e-04   5.3660225e-04   2.2355060e-04
  -3.2718990e-02   1.1904387e-02  -3.5735451e-02  -3.3603234e-04   5.6354243e-04  -4.6873316e-05
  -1.3874434e-02  -2.5680160e-03  -1.7936483e-02   2.0917728e-04   3.4408859e-04   3.7613792e-05
  -1.0041996e-02  -1.6692707e-02  -2.2436270e-03   5.5595013e-04   3.6660755e-04  -1.0671459e-04
  -9.3492586e-03  -8.7935735e-03   1.1519748e-02   4.4526340e-04   4.5403998e-04  -2.3295762e-04
  -7.6411173e-03  -2.1239354e-02   3.1038079e-03   7.0673782e-04   3.8847157e-04  -1.7850532e-04
  -7.1097563e-03  -5.1620332e-03   1.0487126e-02   1.4718584e-04   3.3844254e-04  -2.1407037e-04
  -6.7586363e-03  -1.7867131e-02   2.8483698e-03   5.2052448e-04   2.6074699e-04  -1.9162354e-04
  -6.7781951e-03  -2.7261975e-02   1.1359014e-02   7.6483212e-04   2.4166902e-04  -2.3848792e-04
  -6.0589780e-03  -2.8168553e-02   6.4935448e-03   6.3144895e-04   1.8523527e-04  -2.3109900e-04
   7.7968821e-03  -2.5097431e-02  -9.7592293e-03   6.0914740e-04  -1.6116738e-04   8.9296060e-05
  -1.9871688e-02  -3.0151310e-02  -6.4967759e-03   2.0997447e-03   6.0996792e-04   1.5126552e-04
  -4.2395533e-03  -4.4872441e-02   1.8907816e-02   2.3408270e-03   2.2944562e-04  -1.7754409e-04
   5.4479185e-03  -2.3215099e-02   3.6862454e-02   1.8038226e-03  -6.1504785e-05  -5.3805829e-05
   5.0480131e-03  -2.3962727e-02   6.4723666e-02   1.1191126e-03  -1.3577863e-04  -4.0723949e-05
   1.8587752e-04  -2.5412407e-02   7.2235119e-02   1.1736130e-03   4.5038849e-05  -7.0264057e-05
  -5.1878637e-03  -2.4067015e-02   6.6045069e-02   1.3603720e-03   5.4219220e-05  -7.9251303e-05
  -5.7922194e-03  -1.0026795e-02   6.9907301e-02   1.1410722e-03   1.8135658e-04  -1.1164598e-04
  -6.5641760e-03  -2.2767133e-02   5.1416792e-02   1.0416163e-03   2.3886913e-04  -6.3079552e-05
   2.7038596e-03  -3.7585411e-02   3.7498954e-02   1.2498817e-03   1.6287830e-05  -2.1684820e-05
   9.8903959e-04  -2.9589875e-02   5.0351707e-02   1.2850553e-03   1.3971123e-04  -8.6148821e-05
   7.2223200e-03  -1.9691314e-02   3.6145280e-02   9.8050733e-04  -9.8424419e-06  -5.4223650e-05
   4.8804555e-03  -2.5853834e-02   4.1391388e-02   1.2717330e-03   3.5169608e-06  -1.1166294e-04
  -1.3943005e-04  -2.4741381e-02   2.8361684e-02   1.0568281e-03  -2.1996979e-05  -2.2398956e-04
  -5.7009413e-03  -2.4014533e-02   2.3450265e-02   1.7073819e-03   9.7054874e-06  -8.6297628e-05
  -9.6491023e-02   7.9677040e-02  -1.3426115e-01  -1.0653465e-03   1.1122572e-03  -2.3663857e-05
  -3.1170396e-02  -1.0544711e-01  -2.5017792e-02   4.0182063e-03  -1.0621506e-04  -5.7663196e-04
   2.8141906e-02  -6.7785276e-02   3.5159122e-03   1.5678646e-03  -8.3629870e-04  -1.0708787e-03
  -7.3609415e-03  -5.4313001e-02  -5.8966053e-02  -1.4507596e-03   1.5215462e-04  -8.3348523e-04
   1.1862528e-03  -8.1759851e-02  -4.7679516e-02   6.2064541e-04  -2.9222615e-04  -1.2196625e-03
   1.6066903e-02  -5.0915727e-02  -2.0014117e-03   4.4173593e-04  -7.0071167e-04  -1.3965128e-04
   1.0380929e-02  -4.3124032e-02  -1.4012061e-02   1.9959255e-04  -5.2486581e-04  -4.8661692e-04
   1.3539798e-02  -4.4542450e-02  -5.2080178e-03   3.4965536e-04  -5.1534407e-04  -6.2779408e-04
   1.6103585e-02  -4.4664374e-02  -1.6138347e-02   2.5144663e-04  -5.7570891e-04  -4.4047361e-04
   1.1461141e-02  -3.9979745e-02  -1.5417207e-02   2.2664953e-04  -4.3574307e-04  -4.6523677e-04
   2.1064821e-02  -4.9098793e-02  -1.2239281e-02   4.5715414e-04  -5.1144140e-04  -4.3630223e-04
   2.2021123e-02  -5.9000058e-02  -1.2612115e-02   5.5561723e-04  -4.8125311e-04  -2.8188512e-04
   1.8111032e-02  -5.3371750e-02  -1.9858414e-02   1.2303250e-04  -4.2190539e-04  -3.6152798e-04
   1.9251218e-02  -5.8189567e-02  -2.7241376e-03   3.0516360e-04  -4.2812317e-04  -2.8734549e-04
   2.3003450e-02  -8.0618411e-02  -1.5518364e-03   1.0074368e-03  -5.8878480e-04  -3.6229382e-04
   1.5988920e-02  -7.2156413e-02  -2.5260319e-03   6.2414458e-04  -4.0909474e-04  -3.4113010e-04
   1.2046478e-02  -4.7894775e-02  -7.8667770e-03   2.8378990e-04  -5.0830858e-04  -4.3591837e-04
  -2.3982312e-02  -5.5965889e-02   4.3306954e-02  -4.5096170e-04   7.5097753e-04  -2.1858808e-04
   5.8795126e-02  -1.8741452e-01  -2.6375784e-02   2.0421873e-03  -1.8019001e-03  -5.2923947e-04
   5.1238271e-02  -1.2662387e-01   3.3006583e-02   2.9860197e-03  -1.0898566e-03   1.4009206e-04
   4.3510699e-02  -9.5287438e-02   5.6994717e-02   2.2385226e-03  -1.2456561e-03  -5.6327713e-04
   3.4637590e-02  -8.0285057e-02   7.1210568e-02   1.3249390e-03  -8.9278392e-04  -8.1247506e-04
   4.0673460e-02  -4.9233737e-02   2.0876235e-02   1.7592017e-03  -1.1610426e-03  -4.5005336e-04
   2.1519207e-02  -5.9242434e-02  -1.6039949e-02  -2.3154529e-03  -6.8734918e-04  -2.1708661e-03
   5.1450907e-02  -6.7642819e-02   4.0317883e-02   1.5888325e-03  -1.1479438e-03  -4.0589441e-04
   5.2802976e-02  -8.4309582e-02   7.3116910e-02   2.3495153e-03  -1.0160491e-03  -5.2817072e-04
   4.3016137e-02  -8.1034177e-02   6.4262810e-02   2.1597689e-03  -8.8343782e-04  -5.7758104e-04
   4.2988437e-02  -7.9620364e-02   5.8195020e-02   2.0499814e-03  -7.9492933e-04  -5.8276566e-04
   3.2485255e-02  -6.6744422e-02   4.1836055e-02   1.4723521e-03  -6.4837995e-04  -3.1316383e-04
   3.2188328e-02  -5.7762335e-02   1.9964462e-02   1.6636206e-03  -4.2283754e-04  -4.7327992e-04
   2.9813002e-02  -8.6807690e-02   3.4059071e-02   2.2337002e-03  -4.8097422e-04  -8.6995322e-04
   2.5786981e-02  -6.0182993e-02   6.1360104e-02   7.5582408e-04  -4.4416918e-04   3.3722268e-04
   3.9858715e-02  -1.4420022e-01   9.0415753e-02   2.3326055e-03  -3.9111142e-04  -3.6179419e-04
   7.6321352e-02  -1.2688762e-01  -6.0405985e-02   1.0596332e-02  -2.6778893e-03  -9.7779406e-04
   3.9925156e-02  -6.6602733e-02   3.9814617e-02   2.2783650e-03  -9.6790502e-04   9.9264487e-05
   2.7812577e-02  -1.1055302e-01   6.4688612e-02   1.3548506e-03  -7.8205386e-04  -3.9741866e-04
   4.6200277e-02  -7.7390357e-02   1.8301949e-02   1.6479033e-03  -1.4312756e-03  -5.2756616e-04
   3.3846512e-02  -6.4803766e-02   2.6202180e-02   1.2004742e-03  -9.4193961e-04  -5.8621129e-04
   3.3006280e-02  -6.6059506e-02   1.6090234e-02   1.0166084e-03  -1.0546684e-03  -3.9767578e-04
   2.4462582e-02  -5.4448871e-02   1.2808847e-02   7.9159278e-04  -7.7304607e-04  -5.8339395e-04
   2.8629996e-02  -4.8084752e-02   1.4094473e-02   7.5225521e-04  -8.2868171e-04  -2.7494093e-04
   2.2812594e-02  -5.3007603e-02  -4.1213432e-03   4.9643959e-04  -7.4062502e-04  -2.7348695e-04
   2.1317889e-02  -6.8967900e-02   4.8068051e-03   8.8821968e-04  -8.2399585e-04  -3.1893064e-04
   9.5481992e-03  -6.4412752e-02  -2.4373484e-02   6.8977605e-04  -5.3433971e-04  -4.6916699e-04
   1.2886950e-02  -4.5068902e-02  -3.4469133e-02   1.0560943e-03  -7.7422424e-04  -7.2326473e-05
   3.6642065e-03  -4.6100316e-02  -2.9149195e-02   4.6981752e-04  -5.7220247e-04  -2.7297040e-04
   1.6351727e-03  -5.3740923e-02  -3.8102729e-02   7.6008671e-04  -7.0689102e-04  -4.7498439e-04
   3.4194945e-03  -2.8400965e-02  -4.1101619e-02  -3.5780595e-04  -6.4595944e-04  -4.5737685e-04
   4.6249433e-03  -7.6115761e-02  -1.6487368e-02   1.6864519e-03  -3.5016565e-05  -5.2208142e-05
   7.4046837e-03  -5.7520932e-02   9.6646796e-04   1.2429853e-03  -1.2737428e-04   1.0774388e-04
   1.5861651e-02  -6.2310408e-02   9.4631026e-03   1.5468364e-03  -3.5420110e-04  -2.8259854e-04
   1.4289773e-02  -3.7758206e-02  -4.4347753e-03   4.1996242e-04  -2.3484532e-04  -7.6503849e-05
   3.0598040e-02  -5.7362912e-02  -4.2462839e-03   9.4615813e-04  -6.3982829e-04  -2.0532172e-04
   6.9839043e-03  -5.0065855e-02  -2.8514358e-02   6.9374503e-04  -1.5016476e-04  -2.1784464e-04
   2.8672618e-03  -5.4708751e-02  -1.9842187e-02   8.9845274e-04   2.8124379e-05  -5.3733794e-04
   2.6716233e-02  -6.7085474e-02  -6.1601337e-03   1.1473758e-03  -5.7391402e-04  -9.5137971e-05
