   0.0000000e+00   0.0000000e+00   0.0000000e+00   0.0000000e+00  -8.4703295e-22   0.0000000e+00
   2.8456664e-03  -6.9939018e-03  -1.3118372e-02   7.3768592e-05  -1.6132513e-04  -6.4849318e-05
  -1.8332468e-03  -3.9828210e-03  -2.0977338e-02  -3.2308597e-04  -1.2303750e-04  -7.3967218e-05
   3.2092268e-03  -3.7266995e-03  -1.9674205e-02  -1.3345234e-04  -2.5318847e-04  -3.1674299e-04
  -3.8327150e-03   6.4514329e-03  -1.4638516e-02   4.6269895e-05  -7.1639935e-05  -1.4184619e-04
   1.9408293e-04  -1.7431529e-03  -1.4663543e-02  -9.7241827e-05  -2.6937295e-04  -4.0765927e-05
  -1.3551114e-03   6.2291055e-03  -8.7429024e-03  -2.5526527e-04   1.1366985e-05  -9.0500164e-05
   7.9386376e-03  -1.0617787e-02  -1.8413695e-02  -2.1063198e-05  -2.5469825e-04  -1.8140060e-04
   3.0321697e-03   1.1459724e-02  -1.4345757e-02   6.8942994e-05  -1.2596310e-04  -1.6013579e-04
   8.0344104e-03   4.2963453e-04  -1.9253383e-02   6.3817559e-05  -1.1415436e-04  -8.7386917e-05
   5.4881370e-03  -1.0820740e-03  -1.2724704e-02   4.1391178e-05  -4.0345769e-05   1.3381236e-04
   6.2248014e-03   8.4674342e-04  -1.4694149e-02  -1.1236536e-04  -1.9344898e-04   1.5576546e-05
  -2.2092875e-04   9.1208380e-03  -1.4028709e-02  -6.0705154e-05  -2.2324792e-04   4.6864301e-05
   2.1253953e-03   7.6879550e-03  -1.3027415e-02   4.2660554e-05  -1.2729953e-04  -8.5742757e-05
   6.3825407e-03   7.9832760e-03  -1.4467414e-02   2.7846637e-05  -2.3506148e-04  -1.4215347e-04
   7.2903950e-03   7.3777917e-03  -2.0031440e-02   4.3675718e-06  -1.6512843e-04  -1.6410138e-04
   4.9108006e-03  -3.0902947e-03  -1.2686267e-02  -1.7278057e-04  -1.5370077e-04  -1.3530870e-04
   3.4147363e-03   3.8816418e-03  -9.9604090e-03   2.9932603e-05  -1.2223038e-04  -2.2427507e-04
   6.6796565e-03  -2.0865865e-03  -1.8975532e-02  -1.4729028e-04  -2.5325660e-04  -9.6953432e-05
   5.3413503e-03   8.1114566e-03  -1.3521740e-02  -9.6752682e-05  -9.9503755e-05  -1.4838374e-04
   3.8276804e-03   1.9019901e-03  -1.0253702e-02  -5.2317232e-04  -2.2253100e-04  -7.1051001e-05
   2.2959739e-03   5.6913133e-03  -1.7300218e-02  -1.9885132e-04   8.0181670e-06  -1.6082938e-04
   1.9475512e-03   7.1367361e-04  -1.7053276e-02  -2.0717182e-04  -8.3389455e-05  -9.9655019e-05
   4.8066380e-03  -8.3717698e-03  -1.5450787e-02   4.1967630e-05  -5.2653819e-05  -3.0953349e-04
   4.3885952e-03   2.4276803e-03  -1.5006543e-02  -2.4116908e-04  -1.0512961e-06  -2.2575917e-04
   1.0481734e-02  -6.0140099e-03  -1.9827580e-02  -3.4868092e-04  -9.9509559e-05  -2.7348520e-04
   1.4754979e-03   5.9462933e-03  -1.9350306e-02  -1.4951327e-04  -2.8215005e-06  -1.8293687e-04
   8.3119410e-03   4.4409811e-03  -2.6039986e-02  -2.3435613e-04  -1.4259888e-04  -1.2185855e-04
   9.5995390e-03   2.0069472e-03  -2.4106967e-02  -5.4382854e-05  -1.0515383e-04  -1.7590717e-04
  -2.7512046e-03   1.5970098e-02  -1.9256435e-02  -8.3921368e-05   1.0800756e-04  -1.2787013e-04
  -8.5524339e-04  -1.8361416e-04  -1.9750663e-02  -1.8175956e-04  -2.9576605e-05  -2.5148331e-04
   1.0968150e-03   8.1226787e-03  -1.8221165e-02  -1.4711954e-04  -6.5933641e-06  -1.2903130e-04
   6.3824607e-03  -1.0574446e-02  -1.4711206e-02  -3.1707983e-05  -6.3341685e-05  -1.4116851e-04
   3.4749803e-03   5.4047731e-04  -1.2539857e-02  -6.5028964e-05   6.8397606e-05  -4.0539794e-04
   1.0855606e-02  -3.5566777e-05  -2.0872571e-02  -2.0367258e-04  -5.6842061e-05  -2.8654467e-04
   7.9010119e-03   4.1738668e-04  -7.1958602e-03   8.0135576e-06  -2.6327788e-05  -2.3606013e-04
   8.5618199e-03  -5.5713243e-03  -1.3380709e-02   1.4588733e-04   2.1595552e-05  -2.6194827e-04
   7.0439265e-03   7.1141892e-03  -2.5663271e-03   1.8017765e-04  -4.5143179e-05  -6.3007615e-05
   1.4509095e-02   6.5299466e-03  -4.7166408e-03   8.7851278e-05   3.1520453e-05  -2.7202129e-04
   9.0966018e-03   1.0613957e-02  -3.3055493e-03   1.6605267e-04  -5.0383537e-05  -1.8600040e-04
   1.0679398e-02  -3.3254788e-03  -1.3528748e-02  -1.5642495e-04  -1.5507790e-04  -2.4658292e-04
   3.0503255e-03   2.3347973e-02  -1.1128908e-02   1.0674445e-04   1.2318433e-04  -1.6468155e-04
   5.7923793e-03   1.8491589e-02  -1.5817731e-02  -3.3090728e-04   2.4444664e-04  -2.1984127e-04
   6.1216583e-03   1.6764164e-02  -1.1702097e-02   1.2019426e-05   1.8049010e-04  -2.7724767e-04
   4.6233882e-03   2.2554032e-02  -7.7974499e-03  -3.9674020e-04   2.0433862e-04  -3.1476723e-04
   3.1683277e-03   1.0448198e-02  -1.6282155e-02  -4.5911522e-05   4.4163139e-05  -1.9738275e-04
   6.9564524e-03   1.6767905e-02  -1.7885713e-02   8.7908992e-05  -5.9031174e-05  -2.7008386e-04
   7.2872160e-03   3.5055178e-03  -1.0623041e-02   3.9031596e-04   2.2986196e-04  -3.7554203e-04
   9.8812037e-03   4.9314087e-03   1.8328280e-03   3.9772183e-04   1.1698419e-04  -3.2230379e-04
   8.8396885e-03   1.2427389e-02  -7.4115997e-04   1.5657070e-04   2.7805809e-04  -3.2841509e-04
   1.1230796e-02   1.3847780e-02  -8.4467505e-04   1.8892436e-04   3.9127121e-04  -3.3461571e-04
   8.5800832e-03   1.0867856e-02  -3.7673086e-03   1.8464311e-04   1.7125534e-04  -2.0660854e-04
   1.5041670e-02   3.6078133e-03   1.2823906e-03   5.3435313e-04   2.0646034e-04  -3.5718057e-04
   1.1734095e-02   2.3426568e-02  -6.2967955e-04   1.2848404e-04   2.3798071e-04  -1.7640028e-04
   1.2892584e-02   1.0443586e-02  -8.3077037e-03   2.1668928e-04   2.4876882e-04  -2.8318166e-04
   9.0373029e-03   6.8891818e-03  -1.2033335e-02   7.0261574e-05   1.8413943e-04  -1.9273164e-04
   5.5078863e-03   2.2267135e-02  -2.2878053e-03   5.2529412e-04   2.2236504e-04  -1.6938435e-04
   1.0370415e-02   1.4089986e-02  -1.2824084e-02   4.1985829e-04   1.0493189e-04  -1.5013148e-04
   1.6620650e-02   1.9889685e-02  -2.7043675e-03   1.9552133e-04   3.4345446e-04  -2.1791539e-04
   9.5893690e-03   1.4988522e-02  -5.5580461e-03   3.6779710e-04   2.5263924e-04  -1.8763604e-04
   1.3320651e-02   2.2183536e-02   6.4381332e-03   2.9428442e-04   5.8678859e-04  -3.9852800e-04
   1.2150701e-02   9.1147250e-03   6.9957795e-03   3.2201851e-04   1.3550343e-04  -1.9175731e-04
   1.5277497e-02   9.8737906e-03   5.0731232e-03   3.9139806e-04   2.9775233e-04  -3.2629486e-04
   1.0182519e-02   2.0938260e-02   1.4504137e-02   6.6238012e-04   4.0191616e-04  -2.9135418e-04
   1.6467993e-02   1.0539299e-02   1.2584150e-02   2.0330890e-04   3.5907192e-04  -4.6494979e-04
   7.4283519e-03   3.9633375e-03   3.4217253e-03   2.6963390e-04   3.0972377e-04  -3.3105333e-04
   5.2521313e-03   1.2936359e-02   7.0057194e-03   3.9440129e-04   3.9706020e-04  -3.9141058e-04
   1.0197659e-02   1.2971014e-02   4.1897551e-03   4.6859391e-04   3.3477104e-04  -4.6090067e-04
   1.0711606e-02   1.7340854e-02   1.0219896e-02   3.7713422e-04   5.3730425e-04  -4.5069906e-04
   1.3489747e-02   7.0734439e-03   3.7286583e-03   2.2291145e-04   1.2295462e-04  -2.1475286e-04
   9.6361325e-03   1.9504241e-02  -1.6388852e-03   5.4434241e-04   2.9898949e-04  -3.8983268e-04
   8.7913726e-03   2.6407113e-02   9.3406585e-03   3.1230647e-04   4.7405811e-04  -1.9597236e-04
   8.5108814e-03   1.5340492e-02   1.2293924e-02   5.2153598e-04   5.7344042e-04  -2.8967161e-04
   1.2580327e-02   1.0834449e-02   4.5002993e-03   3.3643685e-04   3.5533938e-04  -3.5998958e-04
   1.2721658e-02   5.7449751e-03  -1.3444591e-03   3.3679288e-04   2.9548767e-04  -3.8193623e-04
   7.7287879e-03   2.0777512e-02   1.5058204e-02   3.9434596e-04   3.8697399e-04  -3.7074388e-04
   1.5210078e-02   8.9310702e-03   1.6372433e-02   2.6661567e-04   3.6517990e-04  -3.9837489e-04
   1.6885565e-02   8.2192112e-03   9.3210915e-03   2.3413560e-04   3.1882868e-04  -2.9695831e-04
   1.6858179e-02   2.5408196e-02   7.1930418e-03   4.8307244e-04   3.7629756e-04  -3.0973320e-04
   1.3563253e-02   2.4008354e-02   9.1184243e-03   4.5212877e-04   2.4976623e-04  -3.6231017e-04
   1.1694063e-02   1.2211893e-02   9.4173092e-03   4.4793642e-04   5.2914993e-04  -4.2608834e-04
   9.4955318e-03   1.6984617e-02   9.1948861e-03   6.3620340e-04   4.1533187e-04  -2.9006378e-04
   1.0115743e-02   1.5757327e-02   1.5596767e-02   6.9850857e-04   4.6597233e-04  -4.7204122e-04
   1.5481190e-02   1.6079707e-02   1.0417542e-02   6.7864396e-04   5.9102490e-04  -4.9051889e-04
   1.2518530e-02   1.5507661e-02   6.0081696e-03   5.6036733e-04   5.8379160e-04  -5.5534039e-04
   1.3994168e-02   2.0619622e-02  -6.7706648e-04   2.9696554e-04   4.6432415e-04  -4.2143801e-04
   6.6433285e-03   1.4409765e-02   6.6208786e-03   4.7530256e-04   5.9947204e-04  -4.1605658e-04
   1.0412065e-02   2.4537444e-02   8.8190532e-03   5.1538052e-04   5.5262214e-04  -3.2076224e-04
   1.2797380e-02   1.4108157e-02   1.4106322e-02   1.4184344e-04   6.2587245e-04  -3.5126051e-04
   1.3160001e-02   3.0909093e-03   6.0527067e-03   3.5898804e-04   4.9183560e-04  -2.8882932e-04
   1.1181849e-02   1.7458189e-02   8.0276632e-03   3.9262564e-04   3.3757347e-04  -2.0783690e-04
   1.4013626e-02   1.4502910e-02   8.4623673e-03   3.8185568e-04   4.8245065e-04  -3.0712050e-04
   1.0909146e-02   1.6543959e-02   5.2796669e-03   2.7243598e-04   6.3751988e-04  -3.1797594e-04
   1.5956826e-02   1.2967107e-02   1.4917704e-02   1.4601038e-04   3.4980212e-04  -3.0451023e-04
   1.6654802e-02   1.1951442e-02   6.1130405e-03   5.9230343e-04   5.2646610e-04  -3.5571596e-04
   1.7867011e-02   1.2868164e-02   8.8474925e-03   2.7748808e-04   6.4967813e-04  -4.7647087e-04
   1.2103688e-02   2.3623142e-02   1.6351535e-02   5.5373050e-04   6.2852732e-04  -9.7161975e-05
   1.4868317e-02   2.6171077e-02   2.0601895e-03   1.6924075e-04   4.2250942e-04  -2.3832024e-04
   1.2259800e-02   1.5012090e-02  -2.0227524e-03   1.7957087e-04   5.0570709e-04  -3.5468739e-04
   1.2172153e-02   2.7180517e-02   5.6902639e-03   5.7994289e-04   6.5308540e-04  -3.5088577e-04
   1.6177780e-02   2.1583650e-02   1.1177682e-02   4.2455328e-04   6.5788248e-04  -3.9047495e-04
   2.2223842e-02   1.6044499e-02   1.3154406e-02   2.2734618e-04   4.6202945e-04  -2.1631828e-04
   1.6128587e-02   2.5627279e-02   1.3460503e-02   3.3326889e-04   5.5109224e-04  -2.3509738e-04
   1.3136918e-02   2.0179447e-02   1.4493240e-03   1.1885064e-04   5.9411642e-04  -2.7832415e-04
   1.4843079e-02   3.0303250e-02  -1.8280481e-03   8.3457064e-05   6.5893053e-04  -3.4623670e-04
   1.0660712e-02   2.2290002e-02   1.9651597e-02   5.3417697e-04   5.0177650e-04  -4.1944779e-04
   1.6339097e-02   1.7156354e-02   1.3322605e-02   4.3095457e-04   6.1726455e-04  -3.3451985e-04
   1.2953326e-02   2.9706060e-02   1.7272757e-02   5.0600839e-04   5.5425497e-04  -2.3976857e-04
   1.8023388e-02   2.5273731e-02   3.6108876e-03   4.0737187e-04   5.9338800e-04  -3.3303933e-04
   1.4645692e-02   2.7265456e-02   3.5677181e-03   6.2666442e-05   4.5552035e-04  -2.4436950e-04
   7.7908640e-03   1.7559281e-02   1.8686789e-02   5.2298837e-04   5.0573862e-04  -1.1864568e-04
   1.5515993e-02   8.3960822e-03   2.0726927e-02   6.1446519e-04   6.6549640e-04  -3.2980861e-04
   1.3441864e-02   1.4245203e-02   1.9699499e-02   4.2400976e-04   7.0261755e-04  -2.2222937e-04
   2.1548976e-02   1.2235640e-02   1.2917912e-02   1.5233427e-04   3.5500833e-04  -1.5268507e-04
   1.4362982e-02   2.1323606e-02   1.2157952e-02   3.2215754e-04   6.0878151e-04  -2.3055622e-04
   1.6466865e-02   2.7816810e-02   2.0768838e-02   4.4335898e-04   4.5387385e-04  -3.5148063e-04
   1.8515076e-02   1.2216652e-02   1.7226414e-02   1.9784814e-04   4.0192994e-04  -2.5437879e-04
   1.5422757e-02   2.6110435e-02   1.8035873e-02   4.7822419e-04   6.5743312e-04  -2.7251599e-04
   1.6773728e-02   2.1069086e-02   1.0324628e-02   4.1199669e-04   5.6535820e-04  -2.5758587e-04
   2.4034712e-02   3.1051438e-02   6.6806300e-03   4.1495486e-04   6.0307425e-04  -4.1896064e-04
   1.9717979e-02   2.0566558e-02   1.2529730e-02   3.2009419e-04   6.3713918e-04  -3.2322441e-04
   1.6917696e-02   1.7467862e-02   1.1631033e-02   1.4548325e-04   4.6978495e-04  -1.6798384e-04
   1.4933905e-02   3.0204287e-02   6.0710704e-03   2.2827079e-04   5.3675187e-04  -3.6855568e-04
   1.5870425e-02   2.6409780e-02   1.1396887e-02   2.4661450e-04   6.6762611e-04  -3.7130626e-04
   1.5422998e-02   1.9692008e-02   2.0571507e-02   3.2263299e-04   6.7045093e-04  -2.9524530e-04
   1.4811078e-02   1.6506657e-02   2.1348921e-02   2.8544115e-04   6.0451351e-04  -2.9873528e-04
   1.3903577e-02   2.0345975e-02   2.3662432e-02   3.5521682e-04   6.0752809e-04  -3.6662730e-04
   1.7301875e-02   1.2524483e-02   1.3437962e-02   3.5263713e-04   3.9408230e-04  -2.9054512e-04
   1.2359838e-02   2.5025261e-02   9.4054728e-03   5.7065905e-04   6.1742152e-04  -3.6443239e-04
   1.4388951e-02   2.2267180e-02   9.2424546e-03   6.4500985e-04   4.7862537e-04  -3.9001615e-04
   1.6839862e-02   2.7375041e-02   1.8311916e-02   4.4530065e-04   5.4235786e-04  -3.2859170e-04
   1.6627047e-02   2.0487298e-02   1.7326758e-02   3.4311371e-04   5.0510127e-04  -2.0523115e-04
   1.7338803e-02   2.3336938e-02   5.3903737e-03   9.9899196e-05   6.5451550e-04  -1.5124287e-04
   1.7690311e-02   1.1530263e-02   2.0488934e-03   3.2984628e-04   3.5086339e-04  -1.7659640e-04
   1.7852053e-02   2.2772584e-02   2.0222996e-03   3.6710801e-04   2.6065319e-04  -9.0029885e-05
   2.3099893e-02   1.4923733e-02  -4.0225433e-04   3.1953242e-05   5.0359981e-05  -1.2324384e-04
   1.6253560e-02   1.4813471e-02   3.0728063e-03   2.1100052e-04   5.3565290e-04  -2.6392777e-04
   1.4918090e-02   1.5046614e-02   1.2699174e-02   3.4074961e-04   5.9997494e-04  -1.8038271e-04
   1.8869379e-02   4.7929953e-03   1.2140414e-02   1.7381126e-04   5.5412775e-04  -2.4393824e-04
   1.9868302e-02   1.1634213e-02   1.7716415e-02   5.6894782e-05   6.6017682e-04  -3.6624842e-04
   2.3134462e-02  -2.1954527e-03   6.0805596e-03   1.2440847e-04   6.2782365e-04  -2.6018804e-04
   1.5604049e-02   1.5750220e-02   6.1269058e-03   3.2429566e-04   6.1256070e-04  -3.7943550e-04
   2.0148455e-02   1.6397949e-02   3.1389671e-03   1.1728757e-04   4.9003712e-04  -3.3012794e-04
   1.5081438e-02   2.2512560e-02   1.2043050e-02   3.5335509e-04   6.1987038e-04  -2.9720725e-04
   1.8888838e-02   8.8621897e-03   6.2701609e-03   2.3996317e-04   4.9817290e-04  -3.7673524e-04
   1.5050670e-02   1.7371973e-02   1.8755921e-02   2.2210326e-04   5.3414807e-04  -3.0826791e-04
   1.5221774e-02   1.8652712e-02   6.7046517e-03   1.2233870e-04   6.8927350e-04  -3.5343131e-04
   1.7774011e-02   1.1938601e-02   6.2705741e-03   1.1777705e-04   5.7061227e-04  -2.5439461e-04
   1.3789726e-02   2.1309120e-02   1.4782224e-02   4.1861189e-04   5.6166117e-04  -3.2766664e-04
   1.6568935e-02   1.8270977e-02   1.1542033e-02   2.4738386e-05   6.4734134e-04  -2.8657387e-04
   1.5370924e-02   2.3976353e-02   8.3650019e-03   1.9255328e-04   6.1907415e-04  -2.2503579e-04
   2.2907586e-02   7.0890451e-03  -8.4024347e-04  -4.7887520e-05   2.7116015e-04  -1.4898443e-04
   2.1201803e-02   1.1603995e-02  -2.5696771e-03   1.8691993e-04   5.6334576e-04  -3.0070731e-04
   2.1305901e-02   1.2017226e-02  -9.8236550e-04   1.5976300e-04   6.2053641e-04  -3.5098087e-04
   1.8623562e-02   5.4017502e-03   7.3659437e-03   2.4745894e-04   6.8694473e-04  -2.7628463e-04
   2.2480023e-02   4.4226085e-03   1.0162285e-02   5.0380439e-05   6.3004902e-04  -4.0168962e-04
   2.6964434e-02  -1.1384017e-02  -1.5830968e-05  -6.3147875e-05   6.5541621e-04  -9.8429105e-05
   2.1040653e-02  -1.4152310e-02  -3.3706347e-03   1.6220217e-04   6.6598031e-04  -2.9150572e-04
   1.2445446e-02  -5.6967265e-04  -8.1052743e-03  -3.8340706e-05   6.3397522e-04   2.5190584e-05
   2.1043104e-02  -1.0603439e-02  -9.3343044e-03  -2.3311825e-04   3.3090687e-04  -7.5958479e-05
   1.7925316e-02  -1.3366878e-04  -5.1684362e-03   1.1450967e-04   6.0435799e-04  -7.4989939e-05
   1.5960978e-02  -2.2861759e-03  -1.0950427e-02  -1.1580697e-04   6.2131927e-04   3.3077240e-05
   1.5038859e-02   6.8016166e-03  -1.6689476e-02  -1.5015754e-05   4.6176684e-04   4.7729253e-05
   1.7790125e-02  -5.7829233e-03  -9.9482663e-03  -2.1103103e-04   5.7603052e-04   4.7932716e-05
   1.9709303e-02   4.6072857e-03  -8.6368796e-03  -1.1047716e-04   5.9922637e-04  -9.1296190e-05
   2.3637111e-02  -5.2040399e-03  -5.5967614e-03  -2.9512422e-04   6.4149831e-04  -1.6069045e-05
   1.7789602e-02   6.8539620e-04  -2.6194078e-03  -2.8854484e-04   7.5817386e-04   1.1382558e-05
   2.6911699e-03   1.0017485e-02   6.4606709e-04   1.0792063e-04   7.8074487e-04   1.0591574e-04
   1.7829401e-02  -2.5879590e-02  -3.3156135e-03   8.7772161e-05   4.6880453e-04  -3.6597517e-04
   1.6101835e-02  -9.0329441e-03   4.9209240e-04  -3.4462709e-05   4.3448548e-04  -1.6739240e-04
   1.1738116e-02  -1.9930710e-03   8.2794000e-04  -1.3412900e-04   5.8732089e-04  -5.2689650e-04
   1.8329526e-02  -1.0265092e-02   1.1940798e-02  -2.0782094e-04   4.9006999e-04  -3.3801103e-04
   2.2557256e-02  -1.3400802e-02   9.0660413e-03  -7.9898363e-05   5.2972732e-04  -4.2937072e-04
   1.7905587e-02  -1.3765700e-02   9.7560931e-03  -9.7498637e-05   6.1363356e-04  -3.9683843e-04
   2.1314208e-02  -2.0498987e-02   8.3671305e-03  -1.0224212e-04   5.4383849e-04  -4.1418263e-04
   1.9283982e-02  -2.4733948e-02   1.0389003e-02   4.7139807e-05   4.6798872e-04  -3.5313694e-04
   1.6768813e-02  -1.0127936e-02  -6.6377161e-03  -1.1119217e-04   5.6775558e-04  -4.1917537e-04
   1.3894094e-02  -1.3838161e-02  -8.3883762e-03   3.3777299e-05   6.9984400e-04  -3.1907569e-04
   1.3280475e-02  -5.2819197e-03   3.9273685e-03   2.5585810e-04   7.4794541e-04  -3.3227384e-04
   2.1950398e-02  -8.0220804e-03  -4.8734694e-04  -3.1786338e-04   5.5320991e-04  -3.1899990e-04
   1.6932545e-02  -8.8459064e-03   2.2461517e-03  -5.7631809e-05   5.4096802e-04  -3.4570620e-04
   1.7675011e-02  -1.4525261e-02  -1.1231507e-02  -2.2738753e-04   5.4864345e-04  -3.1970608e-04
   1.6812681e-02   2.4072359e-03  -1.3904445e-02  -2.3348843e-04   6.4656648e-04  -3.4377532e-04
   1.9745935e-02  -5.3084572e-03  -8.9344373e-03  -1.9135106e-04   6.3852737e-04  -2.1283651e-04
   1.9008072e-02  -9.7617830e-04  -1.9335453e-03   6.2073131e-05   6.6853560e-04  -2.6190372e-04
   1.5046810e-02  -9.4835908e-04  -1.0325447e-03  -1.1559335e-05   7.8865073e-04  -2.9796192e-04
   2.2707536e-02  -1.1706202e-02  -7.0039076e-03  -3.0618094e-05   6.6319349e-04  -3.6267978e-04
   2.1739406e-02  -5.9304037e-03  -6.9069827e-03   1.2680564e-06   6.8505049e-04  -3.9651219e-04
   2.0768536e-02  -6.2686749e-03  -1.4568532e-02  -1.8183857e-04   6.8729125e-04  -3.7549323e-04
   1.3895774e-02  -3.6080413e-03   2.1537449e-03   1.7851885e-05   7.6119427e-04  -4.4048638e-04
   2.0586534e-02  -9.0859912e-03  -5.2198132e-04  -9.0198980e-05   7.2177694e-04  -4.3117854e-04
   1.6748947e-02  -2.9041897e-03   1.4823294e-03   1.4833994e-04   6.8919838e-04  -3.7936692e-04
   2.1852422e-02  -8.1051610e-03  -2.1219883e-02  -5.8089228e-04   5.2798431e-04  -1.8273343e-04
   1.2121273e-02   1.0043348e-02  -1.0248271e-02   1.6004453e-04   7.7657370e-04  -2.9778546e-04
   1.8783868e-02  -9.6250610e-03  -2.1620883e-02  -1.6631851e-04   5.4582670e-04  -2.9087468e-04
   2.0168801e-02  -6.6091434e-03  -1.5898873e-02  -1.6810042e-04   7.1052433e-04  -2.9840211e-04
   1.5756883e-02  -9.5428875e-03  -1.7513598e-02  -3.3984244e-04   6.1811969e-04  -3.0127963e-04
   1.7969686e-02  -2.3342791e-03  -1.3068554e-02  -3.0986384e-04   5.6237359e-04  -2.8634596e-04
   1.6324468e-02  -7.1815474e-03  -1.0447247e-02  -2.4662853e-04   6.4456213e-04  -3.3601110e-04
   2.0165978e-02  -2.5330093e-02  -6.6659302e-03  -3.6124052e-04   3.0673345e-04  -2.9196935e-04
