   0.0000000e+00   0.0000000e+00   0.0000000e+00   0.0000000e+00   0.0000000e+00   0.0000000e+00
   6.1570401e-04  -1.7287972e-03  -1.2309786e-03  -4.0814681e-05   3.2829138e-05  -1.3173728e-04
  -4.9863000e-03   6.4817899e-03  -1.5999734e-02  -2.2338963e-04   1.6380642e-04  -1.5769135e-05
  -5.4988976e-03  -2.9321396e-03  -1.5403915e-03   1.6307463e-04   2.6361741e-04   6.0538049e-05
  -8.7129525e-03   5.3217568e-03   5.5068234e-03  -3.0495014e-05   1.7547464e-04  -6.1731667e-05
  -8.9797037e-03  -9.3680814e-03   1.3601094e-02   1.9306013e-04   1.5240744e-04   6.0434742e-06
  -1.0795229e-02  -3.6799514e-03   8.2861406e-03  -5.7800010e-05   1.9956879e-04   1.7776589e-05
  -5.2798989e-03   4.8823293e-03   1.4258651e-02  -1.5896785e-04   1.3384039e-05   7.2257586e-05
  -4.1866511e-03  -3.0241235e-03   2.2061024e-02  -6.5055485e-05   1.1618857e-04   1.5439344e-04
  -3.5077716e-03   9.9516586e-03   1.4542770e-02  -1.7921966e-04   9.5030700e-05   2.1140775e-04
  -6.8979947e-03   5.0662142e-03   3.7260798e-02   3.2600946e-07  -4.3933125e-06   2.3287773e-04
  -1.6400220e-04  -2.7859890e-02   3.6781913e-02  -4.1815574e-04  -3.8458490e-04   4.2076888e-04
  -1.0415625e-02  -8.8430982e-04   1.7103970e-02  -1.8458247e-04   1.6143410e-04   1.9772158e-04
   3.1978122e-03   4.2720135e-03   1.8270117e-02   1.3809679e-04  -2.2393550e-04   3.3126774e-04
   3.0742370e-03  -1.0697256e-03   2.7646340e-02  -3.2902137e-04   5.4970794e-05   1.3434292e-04
   2.4026529e-03  -9.5160892e-03   3.3655674e-02  -1.3268235e-04   1.0047778e-04   3.5270410e-04
   2.5502211e-03   4.7175189e-03   2.9469908e-02  -4.0277378e-04   7.1804323e-05   3.6230461e-04
  -4.3083138e-04   1.1778947e-02   1.1488608e-02  -7.2955579e-04   1.6055934e-04   1.4602521e-04
  -8.1321300e-03   3.7174534e-03   2.0400078e-02  -5.8701939e-04   9.7565636e-05   3.7060812e-04
  -1.0741452e-02   3.8031836e-02   4.9741147e-03  -1.0109235e-03  -7.8828715e-05   3.6904436e-04
  -6.6080088e-03   2.1751362e-02  -1.3285038e-02   1.6689887e-03  -5.8286488e-05  -4.6685369e-05
  -1.7640881e-02   3.3957182e-02  -1.6323934e-02   3.1743436e-04   9.5410315e-05  -1.9808052e-05
  -9.5800806e-02  -2.3839956e-02   5.9201516e-02   5.6370920e-04   2.9995664e-03  -6.6191591e-04
   2.0752865e-02  -1.7716088e-02   4.2493453e-02   4.1611175e-04   1.4735459e-04   1.1824811e-04
   1.4247383e-02  -1.5974752e-02   5.5960809e-02  -2.7204985e-05  -1.9961992e-04   2.6252656e-04
   2.9786224e-03  -2.9070552e-03   4.6532225e-02  -6.3375083e-04  -1.2173825e-05   3.7836244e-04
   5.8896008e-03   1.7695015e-02   2.9500236e-02  -1.4060682e-03  -1.5857047e-04   5.3130243e-04
   1.8109248e-03   3.0163584e-02   5.2845399e-03  -9.4175458e-04  -1.3795785e-04   4.9723923e-04
   4.0570991e-03   2.5398174e-02  -1.5406081e-05  -5.5492309e-04  -1.9421748e-04   4.1935692e-04
  -8.9831419e-03   2.1005716e-02   5.9877560e-03  -7.5549554e-04   3.4889330e-04   3.0504378e-04
   5.7460790e-03   1.6505252e-02   6.9837885e-03  -9.7103111e-04   1.7633553e-04   2.3838441e-04
   1.6617105e-02   6.2421063e-02   1.3003158e-02  -6.9424697e-04  -2.8490432e-04   3.0119921e-04
   4.5474581e-04   1.0033849e-01   1.3502162e-03  -5.9429090e-04  -1.3183189e-04   9.2443625e-04
   6.7679235e-03   4.2865640e-03  -2.9200951e-02  -5.6898381e-04  -4.1567444e-04   1.0840903e-05
   1.6253465e-02  -1.1369543e-02   7.7592064e-03  -1.1046295e-04  -3.4069154e-05   2.4507338e-04
   9.9024202e-03  -7.0173343e-03   2.0952634e-02  -3.0388803e-04   1.4500087e-04   2.6475805e-04
   7.6947082e-03   1.9804576e-03   1.7845270e-02  -3.7325914e-04   9.2513738e-05   3.2138520e-04
   3.4314030e-03   1.2386670e-02  -3.7973101e-03  -6.5245705e-04   2.5922136e-05   2.1446992e-04
   1.8327672e-04   3.8298986e-02  -8.9378612e-03  -6.2469200e-04  -2.5560419e-04   4.5992498e-04
  -1.7573463e-02  -3.9126707e-03   7.0480863e-02   5.7144915e-04   2.8621255e-04   5.3454700e-04
   9.5596175e-03  -1.3042219e-02   2.9961379e-02  -8.5493249e-05  -1.0887679e-04   2.7165852e-04
   2.0197722e-03   8.3792704e-03   1.5696134e-02  -5.2400224e-04   1.2677793e-04   2.9731542e-04
  -2.9106320e-03   1.7296756e-03   4.6745931e-03  -5.5325816e-04   7.1886517e-05  -8.8883744e-05
  -4.1302654e-03   1.1962525e-02   9.8541006e-03  -4.6310248e-04   4.1462959e-04  -1.7585881e-04
   1.1525825e-02   4.4606540e-02  -1.5692440e-03  -1.1023955e-03  -1.8053960e-04   5.6491594e-04
   6.8058001e-03  -6.7930549e-03   1.0753481e-02   2.8752444e-04  -3.7178072e-05   3.6325287e-04
   7.9461801e-03  -2.1742443e-02   5.0266322e-02   4.1399215e-04   1.2204758e-05   4.1928593e-04
   2.0247115e-03  -1.2319801e-02   5.7893183e-02  -9.5834127e-06   2.5981735e-04   3.8323488e-04
  -7.0706677e-04  -1.7633861e-02   4.1927479e-02  -2.5186590e-04   3.2996718e-04   4.6552611e-04
   1.1331474e-02   2.5085446e-02   2.6588622e-02  -9.9713457e-04  -8.4255540e-05   6.8625654e-04
   8.9840697e-04   2.2532956e-02  -7.7562415e-03  -1.1290805e-03   2.4111863e-04   2.3794038e-04
   3.0950642e-03  -1.5895337e-02   7.1798110e-03  -6.3163122e-04   2.0808782e-04   1.6592457e-04
   3.5499172e-03  -1.9432828e-02   2.4422116e-02  -6.1711525e-04   1.4076152e-04   2.5516463e-04
  -1.4473884e-02   1.0263549e-02   1.3057782e-02  -7.3856130e-04   5.3685188e-04   1.3480455e-04
   4.0477117e-03   2.2404060e-02   2.5772284e-02  -8.2830281e-04  -2.1929126e-04   4.8276600e-04
   8.1902650e-03   1.0239892e-02   1.3772544e-02  -3.9913902e-04  -1.8004758e-04   3.3444143e-04
   6.5980246e-03  -7.3442261e-03   1.3519571e-02  -5.2040139e-04  -1.6039572e-05   3.3946215e-04
   1.9400453e-02  -7.6766804e-03  -4.4650113e-03  -7.9047694e-04  -5.3946298e-04   1.8713732e-04
   1.0284330e-02   1.2574727e-02   8.5369850e-03  -8.4710782e-04  -1.0380552e-04   6.1691542e-04
  -5.6306128e-03   8.6803347e-02   1.6902731e-02  -1.3084554e-03  -2.9778777e-04   5.3813210e-04
  -9.7051788e-03   6.6312648e-02  -2.4581186e-02   2.4484496e-04   6.2519348e-06   3.3459822e-04
   8.2078016e-04   3.0841926e-02   1.6000192e-02  -8.7443512e-04  -1.3417400e-04   4.4763985e-04
   2.1937104e-03   1.8097185e-02   3.2294077e-02  -8.2824429e-04  -2.3234705e-05   3.2420245e-04
   5.5556394e-03   2.1169130e-02   3.4743893e-02  -9.6189947e-04  -8.6572377e-05   3.5329005e-04
  -2.8203547e-03   3.2893678e-02   1.7897837e-02  -1.1881605e-03   4.9097130e-05   4.8437735e-04
   1.3448300e-02   4.8027641e-02   2.2486079e-02  -3.1374965e-04  -7.2980851e-04   6.1927462e-04
   1.4213297e-02   2.9159572e-02  -1.2597941e-03  -5.8103395e-04  -2.8230737e-04   6.1880866e-04
   7.1235013e-03   1.1355833e-02   9.5319472e-03  -3.5775373e-04  -1.1157654e-04   5.9075689e-04
   9.3978115e-03   2.0271936e-02   7.4843767e-03  -4.5550648e-04  -2.8658417e-04   5.0118084e-04
   1.2398368e-02   3.6762797e-03   1.4006339e-02   6.5699695e-06  -1.9919993e-04   4.3881977e-04
   8.5820798e-03  -2.1586484e-03   7.3766111e-05  -8.2341996e-04   4.1074354e-05   3.7905816e-04
   5.6193545e-03  -6.8700408e-03   2.9032875e-02  -7.7457631e-04   1.8053904e-04   4.6359358e-04
   6.3431257e-03   9.9373990e-03   1.6599620e-02  -1.0339128e-03   8.2644017e-05   3.8800203e-04
   1.1141733e-02   3.5639629e-02  -6.2197892e-03  -1.7118552e-03  -2.3048968e-04   2.3174394e-04
   1.4928622e-03   3.8916432e-02  -2.3684454e-03   2.3962506e-04  -2.3791427e-04   4.6098990e-04
   4.5952843e-03   4.0471739e-02  -6.1180984e-03  -5.0937340e-04  -3.9359132e-04   7.9208849e-04
   4.3874895e-03   2.4073986e-02   9.1949159e-03   3.3630907e-04  -1.7987786e-04   3.8072171e-04
   7.3513893e-04   1.5817766e-02   1.6847245e-02  -1.0727958e-04   4.0321878e-04   2.5825512e-04
   1.9781005e-02  -6.5168820e-03   4.1127633e-02  -4.8526012e-04  -5.9181651e-05   6.9196887e-05
   9.0556900e-03   1.0434420e-02   1.5415696e-02  -1.0113617e-03   1.9780297e-04   2.9340269e-04
   1.1394421e-02  -7.9778894e-04   1.4182299e-02  -1.1497964e-03   8.3132975e-05   2.0400120e-04
   1.2164036e-02  -7.7812103e-03   1.0303022e-02  -1.0751630e-03   9.7146737e-05   3.3318455e-04
   1.5767404e-02  -1.2119302e-02   3.7813942e-02  -5.9812307e-04  -1.5849927e-04   3.3158604e-04
   7.6614906e-03   1.0361341e-02   1.3058010e-03  -9.7196702e-04  -1.3731055e-04   2.0595952e-04
   1.1304406e-02   9.2581674e-03   3.3865174e-03  -8.2489876e-04   4.0642704e-05   2.1644231e-04
   1.1054607e-02  -8.7017227e-03  -2.8212011e-03  -1.0051952e-03   2.7535671e-04  -2.2069502e-05
   1.1104945e-02  -2.2528846e-02   1.8882308e-02  -8.6169676e-04   3.4790499e-04   1.5879023e-04
  -4.3035150e-03  -1.7906515e-02  -1.9693634e-02  -1.1377770e-04   1.8934259e-04  -2.6707125e-04
   2.5691482e-03  -9.0586222e-03  -1.4217305e-02  -3.1682609e-04   3.5562000e-04   1.0092611e-04
   7.1672975e-03  -1.4318049e-02   1.2518628e-02  -4.9016232e-04   1.7702306e-04   9.3023952e-05
   2.8175724e-03  -1.8821543e-02   1.6221833e-02  -3.9123982e-04   3.0839853e-04   1.4560660e-04
   2.2496669e-02  -1.9114407e-02   1.0683284e-02  -7.8467025e-04  -1.0326390e-04   2.2763695e-04
   1.3478038e-02  -1.0169770e-02  -5.3060025e-04  -8.8760408e-04   1.8045530e-04   7.7331438e-05
   9.8634018e-03  -6.9253111e-03  -6.8413775e-03  -1.0215100e-03   4.8592298e-04   1.6427472e-04
   1.3068450e-02  -4.3005463e-03  -5.1474349e-03  -9.5960848e-04   3.6821459e-04   6.1993217e-05
   1.6638626e-02   4.6929096e-03  -1.9742356e-02  -5.9404470e-04   3.7858335e-04   1.3453704e-04
   6.5825872e-03   3.4323134e-02  -1.2833700e-02  -5.3450597e-04   3.2072236e-04   3.0730682e-04
  -1.3131588e-02  -8.1996628e-03  -4.2074404e-02   4.0901264e-04   3.2144383e-04  -2.6049106e-04
  -1.1379415e-02  -6.6210987e-02  -4.6320479e-02   1.9719199e-04   6.2899812e-05  -2.5375769e-04
   1.5183804e-02  -2.2070702e-02  -4.8462577e-02  -1.1658490e-03  -5.8647145e-04   5.8413707e-04
  -4.7469338e-03  -7.7712096e-02   4.4627068e-02   4.6602509e-04   2.2032620e-04   4.0147561e-04
   3.4476154e-03  -2.9555581e-02   5.8361542e-02  -5.4754248e-04   1.7700121e-04   5.0662517e-04
  -2.6182353e-04  -1.2365200e-02   3.1274842e-02  -8.7229951e-04   1.5215678e-04   5.3270500e-04
   4.7328555e-03  -6.7172690e-03   1.3978500e-02  -8.2374628e-04  -2.1185344e-05   5.8417679e-04
   3.6956028e-03  -1.2719880e-02   8.8836802e-03  -6.8636123e-04  -2.8381593e-05   4.8165930e-04
   3.0121617e-03  -2.0120489e-02   1.0513020e-04  -8.9130682e-04   1.5238331e-04   5.9189220e-04
   3.6862179e-03   7.2356755e-03  -3.2298061e-03  -1.2373353e-03   2.3742800e-06   4.9181693e-04
   4.0989724e-03  -1.5361543e-02  -3.0630124e-02  -8.1723611e-04   3.0610910e-05   2.3942950e-04
   3.9301094e-03  -1.1906296e-02  -4.1840955e-02  -1.0997341e-03   7.7264635e-05   2.8637656e-04
   4.4734334e-03  -2.8015463e-02  -2.1746671e-02  -9.0125700e-04   1.0389001e-04   2.8143761e-04
   4.8168347e-03  -3.5170875e-02  -1.2632457e-02  -5.2844687e-04   1.3163611e-04   1.9102775e-04
   1.4053731e-02  -1.5612705e-02  -1.5838518e-02  -6.2625247e-04  -1.9751128e-04   6.2979027e-04
   6.1465159e-03   8.9345131e-03  -3.6586920e-02  -6.3204543e-04   4.9487270e-05   3.2866564e-04
   1.2970051e-02  -1.5390064e-02  -1.9160019e-02  -8.4238565e-07  -1.9440939e-04   3.4342096e-04
   1.0459775e-02  -2.1987842e-02  -8.3107607e-03  -1.0912888e-04  -1.2226667e-05   3.5529860e-04
   7.9754038e-03  -1.5214610e-02   2.5832074e-03  -2.4604692e-04   1.0913586e-04   3.8453577e-04
   7.8996137e-03  -6.4840559e-03   1.2354127e-02  -3.7584602e-04   1.6094654e-04   5.2795404e-04
   9.2480675e-03  -9.5244132e-03   3.0444322e-03  -2.3345543e-04   2.9989589e-05   5.4331311e-04
   7.9291152e-03   1.0545516e-02  -1.1292295e-02  -7.4220802e-04  -6.4912975e-05   5.9093907e-04
   4.2800575e-03  -1.5811343e-02  -1.5551187e-03  -8.8897246e-04   4.5366498e-05   4.0510305e-04
   1.2709486e-02  -2.3427032e-02   5.2388882e-03  -6.8825098e-04   1.3211847e-05   2.1358844e-04
   1.4881485e-02  -2.6960422e-02   6.9074185e-03  -8.3939803e-04  -6.0421789e-05   3.8560535e-04
   1.3566041e-02  -2.7580607e-02  -3.2448800e-03  -4.7830230e-04  -8.4467039e-05   3.9818487e-05
  -9.0437138e-04  -1.5506185e-02  -1.8738875e-02  -1.0876541e-03   4.3952738e-04   1.1359538e-04
   4.3700394e-03  -2.1316220e-02  -3.6967599e-03  -8.7515639e-04   3.6580598e-04   7.6532170e-05
   5.6243019e-03  -2.3963401e-02   2.6479134e-03  -8.3960622e-04   3.5653639e-04   8.6108248e-05
   3.1328704e-03  -2.2836698e-02  -1.5807371e-02  -9.4720158e-04   3.9141353e-04   4.8742485e-05
   4.3179070e-03  -1.3820781e-02  -9.4743131e-03  -8.7388606e-04   2.1686322e-04   2.5702574e-04
   3.6985543e-03  -2.3941813e-02  -1.4888767e-02  -6.5149021e-04   2.5454328e-04   9.8150626e-06
  -4.1876125e-03  -1.7938939e-02  -2.3798896e-02  -4.6074054e-04   2.3061475e-04   1.0570764e-04
   1.1038924e-02   1.5976286e-02  -2.4889640e-02  -9.1033477e-04   1.6177897e-04   1.6476830e-04
   5.8626507e-03  -2.7026898e-02  -2.5141421e-02  -4.7826609e-04   3.7780467e-04   1.3941266e-04
   6.8811365e-03  -8.9372855e-03  -1.5380326e-02  -5.1509313e-04   2.6202203e-04   2.0221084e-04
   6.0344464e-03  -1.8762936e-02   6.3389259e-03  -5.9331552e-04  -3.5396130e-05   1.0130361e-04
   2.3896434e-03  -7.1276035e-03  -4.0263765e-03  -5.6171469e-04   2.5755755e-04   1.3784088e-04
   7.0962035e-03  -8.1031711e-03  -1.4623989e-03  -6.0615855e-04   1.6381204e-04   1.8570331e-04
   7.3598451e-03  -3.2977693e-03   1.5128684e-04  -7.2222915e-04   1.5908534e-04   1.5229156e-04
   1.0485524e-02   1.5057943e-03  -1.6488304e-03  -6.3577334e-04   1.0274896e-04   1.3096045e-04
   8.5839589e-03   6.8885723e-03  -6.3099256e-03  -5.7902826e-04   9.2100838e-05   1.7664653e-04
   3.7462198e-03  -4.3957646e-03  -1.4384074e-02  -6.9190983e-04   2.8393150e-04   2.8674752e-04
   9.5301597e-03   2.1106099e-03  -5.5979821e-03  -6.6971460e-04   1.6885373e-04   3.5553537e-04
   1.4651289e-02  -7.5927679e-03  -5.4609374e-03  -6.6969152e-04   6.4215201e-05   5.5762085e-04
   1.4837410e-02   2.5303211e-02  -1.5484090e-02  -9.4420464e-04  -2.6662059e-05   4.4799558e-04
   9.4788003e-03   8.5307686e-03  -2.4141744e-02  -3.8413397e-04  -2.4769603e-05   2.1325975e-04
   1.4199611e-02  -3.5359126e-03  -1.1855792e-02  -5.0390694e-04  -3.0324980e-05   6.1418672e-05
   1.0251923e-02  -1.6102457e-02  -2.0877345e-02  -4.5290163e-04   2.3588537e-04   6.0289574e-05
   1.3508944e-02  -1.3722745e-02   4.8153373e-03  -4.5930763e-04  -8.4953017e-07   1.0330623e-04
   1.2152989e-02   1.2853479e-03  -1.5366100e-02  -6.7825517e-04   6.8909994e-05   4.6471079e-05
   7.6430555e-03   7.8081817e-03  -5.8930510e-03  -7.2371493e-04   2.2766349e-04   2.2795079e-05
   9.3808257e-03   2.1458922e-03  -1.8546855e-02  -8.1446333e-04   1.1746259e-04   9.0731143e-05
   2.0631279e-02  -1.0069078e-03  -8.9782607e-03  -6.4674351e-04   8.8259181e-05   2.5670131e-04
   9.9385682e-03   1.1683148e-02  -1.4432653e-02  -9.3122877e-04   1.8781878e-05   3.4841936e-04
   4.6946284e-03  -4.3444080e-03  -3.1166040e-02  -4.4616048e-05   6.2219254e-05   1.2920947e-04
   3.2310795e-03  -2.8322351e-03  -3.2927808e-02   4.8829314e-05  -2.8255898e-05   8.7913276e-07
   4.9813281e-03  -9.6379840e-03  -1.0818827e-02  -6.9001803e-05   9.9608700e-05   1.4387692e-04
   2.9593740e-04  -1.8523565e-02  -3.1400174e-04  -1.5792711e-04   1.6487127e-04   1.4066184e-04
  -2.8196842e-04  -1.1381932e-02   1.2620865e-03  -3.9483232e-04   1.5981735e-04   1.8950993e-04
   4.9233884e-03  -2.3468212e-03   2.0378180e-03  -2.9042939e-04   8.1984016e-05   1.5830788e-04
   2.5414737e-03   1.2142137e-02  -4.8966394e-03  -3.5429392e-04   1.0618935e-05   1.9422856e-04
   4.2550478e-03  -1.0500578e-02   7.4288962e-03  -1.0497275e-04   6.0378296e-05   1.8026295e-04
   2.6039945e-03  -6.8388729e-03  -2.8669729e-03  -3.9012042e-04   1.6709768e-04   1.1455625e-04
   6.5815073e-03  -5.3425528e-04  -9.8987272e-03  -5.8911808e-04   1.2342427e-04   3.0586660e-04
  -4.0287331e-03  -5.3854197e-03  -2.6235837e-02  -3.0346761e-04   2.5064460e-04   8.5010917e-05
   4.6035187e-03  -1.3710369e-02  -4.8314870e-03  -1.9611877e-04   2.8857501e-05   1.4273343e-04
   1.3518178e-03  -2.4929797e-03  -1.3627166e-02  -4.7758622e-04   1.8046275e-04   5.0821324e-05
   4.8417303e-03  -8.6017764e-03  -6.0420961e-04  -4.0835085e-04   1.3623908e-04   5.5301979e-05
   3.5374851e-03  -1.9923876e-02  -1.1376460e-02  -6.2701555e-04   1.3820503e-04   2.1562076e-05
   2.7549193e-03  -2.1968095e-02  -1.0307489e-02  -5.8959386e-04   2.0527874e-04   1.4306151e-05
   1.0454890e-02  -1.2780125e-02  -1.8866524e-02  -5.7962976e-04  -4.0500750e-05   5.7590245e-05
   6.9815320e-03  -8.7897406e-03  -2.1039473e-02  -1.4127682e-04   2.6842313e-06   6.0823546e-05
   5.6112655e-03  -1.6036400e-02  -1.0882210e-02  -2.4583686e-04  -2.4392613e-05   8.6156939e-05
   6.8764613e-03  -1.3872026e-02  -8.2811712e-03  -3.8803414e-04  -1.0750518e-05   5.9655345e-05
   1.5722430e-03  -2.2590863e-02  -7.3005830e-03  -1.6551990e-04   1.0314058e-04   2.1956992e-04
   1.1117740e-02   5.5078426e-03  -5.6914266e-03  -6.0218152e-04   4.5920768e-05   2.0448378e-04
   9.8467415e-03   4.3966003e-03  -9.4461934e-03  -4.1297382e-04  -3.0200197e-05   2.7795944e-04
   6.5130360e-03  -9.3707381e-03   5.2030120e-03  -3.7434388e-04   9.3925228e-05   1.5933273e-04
   3.0035644e-04  -1.6156911e-02   7.6875632e-03  -5.2506575e-04   1.8546180e-04   3.1294920e-04
   7.4845246e-03  -2.5419177e-03   5.9501757e-03  -6.8115166e-04   8.6281947e-05   1.8691769e-04
   7.5431996e-03  -1.6899975e-03  -1.2158903e-02  -8.3047680e-04   1.1320082e-04   2.1391013e-04
   6.1871862e-03  -2.1952953e-02   3.7650963e-03  -4.1742259e-04   7.3058131e-06   1.2465499e-04
   1.9742082e-03  -1.6235126e-02  -1.3555112e-02  -6.2209953e-04   2.2077364e-04   3.7976300e-05
   8.3527504e-03  -1.2004974e-02  -1.6977939e-02  -7.2727426e-04   4.3263314e-05  -6.4199976e-05
   8.3218452e-03  -1.7675150e-02  -2.6578712e-03  -6.3895534e-04   1.0943460e-04   1.4966749e-05
   1.0700161e-02  -9.6632847e-03  -1.1582339e-02  -5.3466622e-04   3.2723874e-06  -1.1683761e-04
   5.4493429e-03  -1.2980496e-02  -2.8444832e-02  -6.3720333e-04   1.9638935e-04  -6.4926467e-05
   1.1540162e-02  -2.4028225e-02  -1.1379849e-02  -4.1428712e-04   9.5002974e-05  -5.7949929e-05
   1.0202349e-02  -1.7451278e-02  -9.2204992e-03  -6.5652186e-04   1.6099810e-04   1.0691812e-05
   3.6390163e-03  -1.9941499e-02  -7.7129210e-03  -3.7881599e-04   2.9207139e-04   2.5709290e-05
   9.9667130e-03   4.4801752e-03  -3.5094241e-03  -5.8821233e-04  -8.2476112e-05   1.9888912e-04
   4.9405738e-03  -1.6254797e-02  -5.0601917e-03   3.2138911e-05   2.1477156e-04   1.0212697e-04
   8.7049345e-03  -3.9063001e-03  -1.3305715e-02  -4.9679824e-04   1.8017994e-04   1.9285777e-04
   1.3778168e-02  -1.5457073e-02  -6.0039349e-03  -3.7980579e-04   1.0505006e-04   2.3063723e-04
   1.1782952e-02  -9.3429254e-04  -5.2304731e-03  -6.7376751e-04   2.3693269e-04   2.5667381e-04
   1.6278254e-02  -7.4876729e-03   7.6112096e-03  -4.9795734e-04   2.1045721e-05   2.5160513e-04
   1.3969372e-02  -3.9761959e-03  -4.0883061e-03  -7.2110525e-04   1.3424837e-04   1.9912955e-04
   1.4639272e-02  -3.4761084e-03  -1.9010573e-03  -5.2728021e-04  -2.1392340e-05   1.7558599e-04
   1.4982740e-02  -1.3825879e-02  -2.9871462e-02  -6.9788505e-04   2.1251548e-06  -1.4916225e-05
   9.7463748e-03  -1.7402336e-02  -9.2339258e-03  -4.6983895e-04   1.3396176e-04   1.3191364e-04
   1.1023315e-02  -2.7275583e-03  -2.2691022e-02  -8.0558279e-04   1.9046228e-04   1.6633385e-05
   9.4908487e-03  -1.7241662e-02  -1.0879154e-02  -6.6585592e-04   1.2615069e-04  -4.1633698e-05
