   0.0000000e+00   0.0000000e+00   0.0000000e+00   0.0000000e+00   0.0000000e+00   0.0000000e+00
   2.3226833e-03   7.4278709e-03  -1.3485151e-03   5.0391813e-05  -2.3346347e-05   6.4457119e-05
   6.4934295e-03   3.1039996e-03  -7.8074807e-04   1.3194125e-04  -1.3093041e-05   1.1260105e-04
   6.9471417e-03   5.1688920e-03  -1.5179888e-03   3.1355811e-04  -6.3599620e-05   1.2511687e-04
   5.0975806e-03   6.4145561e-03  -5.4281841e-03   3.9765220e-04  -7.7612585e-05   1.2805420e-04
   2.9052927e-03   1.0459853e-02  -7.4089544e-03   4.1886668e-04   5.0759616e-05  -1.8745319e-05
   6.7347952e-03   1.3046633e-02  -8.7910193e-03   1.1687665e-04   9.0003667e-06   4.8645419e-05
   5.3337965e-03   1.6415613e-02  -2.4046934e-02   5.9146652e-04  -5.8864112e-05   9.4487585e-05
   4.4520881e-03   3.1810928e-02  -2.1995496e-02   8.0201570e-04  -8.3079392e-05   2.3161062e-04
   9.5924189e-04   3.7322524e-02  -1.6316670e-02   5.3438687e-04  -1.0168446e-04   2.2373664e-04
   5.6079494e-04   3.3921401e-02  -1.3425492e-02   4.0488928e-04  -3.2812041e-05   1.0058414e-04
   3.0651229e-03   2.7917589e-02  -6.3848966e-03   2.9446678e-04   1.6492022e-04   5.3309027e-05
   4.8119820e-03   1.0385915e-02   1.2559447e-03   8.7684301e-05   6.5371471e-05   1.3633766e-04
   2.0727124e-03   1.0760204e-02   1.5515947e-02  -2.0015703e-04   1.5426764e-04   8.9275342e-05
  -1.9935008e-03   1.1427406e-02   5.5436070e-03  -5.2589395e-05   2.2945680e-04  -1.8621819e-06
   1.0358587e-03   1.2445432e-02   1.3738395e-02  -1.3210527e-05   1.1377246e-04   6.9721703e-05
  -9.9440435e-04   9.5319142e-03   1.9230691e-02   5.9030388e-05   1.1619498e-04   2.1854896e-05
   5.7021644e-04   3.6734907e-03   2.8137248e-02   2.5855966e-06   5.3401189e-05   4.0987856e-05
   2.9976014e-03   9.2798460e-04   3.3948841e-02   1.1355851e-04   1.5088988e-04   6.2560306e-05
   3.9473113e-03  -4.2416245e-03   3.3630780e-02  -1.2315923e-04   1.4229290e-04   1.0932362e-04
   3.3856357e-03   1.3373686e-03   2.6173437e-02   1.3725749e-04   2.2522128e-04   1.3451770e-05
   5.9115826e-03   1.2113441e-02   1.0770352e-02   1.5440105e-04   5.1375344e-05   3.6874570e-05
   7.9146820e-03   1.8283794e-02   2.1918131e-02   1.5943471e-04   2.0372085e-04   4.3237001e-05
   2.4483464e-03   2.6022126e-02   5.0324692e-03   2.7153841e-04   1.6859776e-04   1.2591219e-04
   3.6140114e-03   2.0498688e-02   1.5029319e-02   4.6698537e-04   1.8294861e-05   6.2447881e-05
   1.3684795e-03   2.0785561e-02   6.8304614e-03   4.1651854e-04   2.0728276e-05  -1.0872916e-05
  -2.2537253e-03   2.9209032e-02   2.4148850e-03   7.3408172e-04   2.2191182e-05   3.2955179e-05
   2.1993290e-03   2.8147936e-02   1.1989930e-02   7.2401950e-04   8.9366207e-05   8.5118410e-05
   8.2568849e-03   1.8937015e-02   1.9440043e-02   4.8421561e-04   1.3880275e-04   1.3734669e-04
   1.5597116e-02   6.8728540e-03   3.4225245e-02   1.6317114e-04   1.6344874e-04   1.4318690e-04
   1.2294415e-02  -4.2201204e-03   2.6329884e-02  -1.2921223e-04   1.9031505e-04   1.8522017e-04
   8.9873848e-03   5.1154351e-04   1.6228754e-02  -1.5694402e-04   1.4060745e-04   1.1221544e-04
   3.7797743e-03   1.3462786e-02   2.3680942e-03  -2.2802600e-04   6.9426310e-05   3.9663898e-05
   1.9413737e-03   2.6409844e-02  -4.0741096e-04  -2.1871602e-04   2.0127176e-04  -8.6863576e-06
   2.5938403e-03   2.5067582e-02   6.7370168e-03  -2.2947035e-05   2.3301688e-04   1.0378752e-04
   1.4531440e-03   1.0859079e-02   8.4649415e-03   4.5160553e-05   2.0583508e-04   6.0586444e-05
   2.0873993e-03   1.0230170e-02   7.2524595e-04   1.1592611e-05   2.2167999e-04   1.9103058e-05
  -7.6861223e-04   2.3667244e-02  -9.2835446e-03  -5.7723592e-05   2.4709308e-04   1.6648407e-06
  -8.2051765e-04   3.1747234e-02  -1.0911516e-02   5.5995815e-05   1.5528074e-04   3.4974947e-05
   2.5222336e-03   2.4621561e-02   1.9017932e-04   2.7066944e-04   1.3025373e-04   1.3113733e-04
   5.8234449e-03   8.2350384e-03   1.6619682e-02   4.2427760e-04   1.8985005e-04   1.0713397e-04
   9.1736471e-03   2.9954872e-03   2.0809480e-02   5.6435955e-04   1.4457667e-04   1.8560297e-04
   1.0433374e-02   9.7900010e-03   2.0253968e-02   3.9886596e-04   3.0393413e-04   1.6552048e-04
   6.2380792e-03   4.0772505e-03   9.9016320e-03   1.7510643e-04   2.8910967e-04   1.3331751e-04
  -4.4326104e-03   9.8986256e-03   1.5844444e-02   5.0005726e-06   2.8950776e-04  -4.0156257e-05
  -5.8809269e-03   1.8675858e-02   1.4349191e-02   2.5999333e-04   2.0395707e-04  -1.2732320e-04
  -1.9519098e-03   1.5754528e-02   3.9177386e-03  -4.8946382e-05   1.8458140e-04  -1.1986651e-04
  -2.5268045e-03   1.8528220e-02   1.0699222e-02   1.3266282e-04   2.4809746e-04  -1.6534694e-04
  -6.9812697e-03   1.2894150e-02   1.8163901e-02  -1.1489383e-04   2.1467845e-04  -1.4596698e-04
   1.1995399e-03   1.7837942e-02   2.2876513e-02  -3.3727264e-04   1.2433425e-04  -1.0026147e-04
   2.8932013e-03   2.2071244e-02   2.0242983e-02  -2.1509979e-04   1.9666679e-04  -5.2523701e-05
   2.9159458e-03   3.5530842e-02   1.7915985e-02   3.8204896e-05   2.1702650e-04  -2.9014662e-05
   6.6922448e-04   4.7480713e-02   2.1389929e-02  -2.0124822e-04   2.7831937e-04  -4.8398138e-05
  -2.7344618e-03   4.9959581e-02   1.0197698e-02  -1.9017813e-05   3.2740857e-04  -1.2052038e-04
  -2.8413610e-03   5.6476775e-02   3.8138964e-03  -1.5339138e-04   1.7681800e-04  -4.4679819e-05
  -2.9587754e-03   5.8267484e-02   1.2238834e-02  -1.1023725e-04   2.3217673e-04   5.4622842e-05
   9.6526075e-05   5.2089565e-02   1.4648102e-02   2.6576970e-05   2.0010239e-04   6.4019933e-05
   1.6451343e-04   4.8068004e-02   7.8649203e-03   2.2892909e-04   1.4048057e-04   7.4905119e-06
  -4.3086637e-05   5.1998161e-02   2.2403378e-04   4.0305619e-04   1.9010568e-04   3.1319662e-05
  -2.5122312e-03   4.8076532e-02  -9.2984992e-03   7.2763436e-04   1.9271454e-04   3.4329763e-05
   9.4883599e-04   4.8608138e-02  -2.6244413e-03   5.9771927e-04   1.4347748e-04   8.6166287e-05
   3.1476029e-03   4.1996243e-02  -1.6511672e-03   6.8997484e-04   5.8935274e-05   1.5027691e-04
   1.0106255e-02   3.6168890e-02   1.9676958e-02   4.0417256e-04   7.3641768e-05   2.4947301e-04
   3.2449585e-03   3.7985637e-02   7.0780438e-03   3.8230056e-04   1.4499343e-04   7.6534552e-05
  -1.1261054e-03   3.2707855e-02   7.0240981e-03   2.9646102e-04   2.2781088e-04  -1.1235898e-04
  -8.8422448e-04   2.8170246e-02   4.0643322e-03   2.6855066e-04   1.2966001e-04  -1.3768634e-04
   2.0875278e-03   1.6681391e-02   1.4571965e-02   1.1980860e-04   9.6408209e-05   1.0092441e-05
   2.1006418e-03   1.4850552e-02   1.7274143e-02  -1.7602787e-04   2.0427386e-04  -4.8536352e-05
   1.7127151e-03   2.5436211e-02   3.9814079e-03  -1.8822518e-04   1.6886489e-04  -5.6816925e-05
   2.1430227e-04   3.4225520e-02  -6.0047187e-03   8.4406786e-05   2.0659464e-04  -1.3063868e-04
   2.4709820e-03   2.0649526e-02   7.9332196e-03   1.1954798e-04   2.9061205e-05   7.3531082e-05
   3.5285055e-03   3.4240711e-03   2.5921523e-02   3.5476253e-04   9.3194599e-05   1.7529649e-05
   1.0286436e-02  -5.6621788e-03   4.3253060e-02   2.8916096e-04   1.1580544e-06   3.9454591e-05
   1.3730929e-02  -4.7107495e-03   2.8997680e-02   1.7001965e-04   5.9993224e-05   6.8972543e-05
   1.2390800e-02   1.0629887e-02   1.7949913e-02   6.4771756e-05   4.4179806e-05   6.1843921e-05
   1.0390904e-02   1.6644795e-02   1.2915789e-02   3.5073497e-04   1.0127638e-04   7.8096573e-05
   6.8460393e-03   2.9076615e-02   5.9119138e-03   3.1811086e-04   2.2245784e-04   1.8895682e-05
   8.4169310e-03   2.6559892e-02   4.7965532e-03   1.3734343e-04   5.0526963e-05   6.0030547e-05
   5.3834811e-03   1.7291282e-02   1.8826856e-02   1.3805594e-04   8.8136212e-05   3.4555492e-05
   2.2769227e-03   1.0381646e-02   1.2692936e-02   5.2201021e-05   5.8573420e-05   5.4640730e-05
   2.5134067e-03   1.3030428e-02   2.1202117e-02   4.9159138e-04   4.7862123e-05   1.8003313e-06
   5.6856707e-03   1.4366153e-02   1.8328907e-02   4.8201091e-04   3.5794777e-05   4.2668547e-05
   1.3065060e-03   1.8276343e-02   2.3985650e-02   3.5526048e-04   4.7516191e-05   9.3962636e-06
   2.5057767e-04   1.7434545e-02   2.0721456e-02   1.3748707e-04   2.2978583e-05  -3.5579499e-05
   1.3914275e-03   2.5489746e-02   1.8243661e-02   2.8955450e-05   2.1872387e-04  -1.8737709e-05
   5.8767072e-03   2.6949383e-02   2.1380602e-02  -2.6856808e-04   1.0117181e-04   1.0802251e-04
   7.1878527e-03   2.7512648e-02   1.8176346e-02   4.8372133e-05   1.8062417e-04   5.9137559e-05
   3.2569476e-03   2.7194911e-02   5.2816011e-03   6.7306069e-05   2.2201475e-04  -2.8805652e-05
   1.3601419e-03   1.6885631e-02   2.1429072e-02   2.5221571e-04   1.2387904e-04   5.8012672e-05
  -1.3664716e-03   1.1671585e-02   2.5731568e-02   2.4498381e-04  -1.2333052e-05  -1.0372226e-04
  -1.0326461e-03   1.8452514e-02   2.0352976e-02   2.1324985e-04  -8.8105620e-06  -5.1414692e-05
   7.1819801e-03   2.4641155e-02   2.7033633e-02   6.4988829e-04  -3.0331681e-05   8.9680287e-05
   4.4713004e-03   2.9119074e-02   3.2078564e-02   2.2028593e-04   1.1791230e-04  -5.1992789e-05
  -2.4049775e-03   3.1975213e-02   2.5796718e-02   9.4580834e-05   4.6721688e-05  -1.0595068e-04
  -6.6676315e-03   2.5412820e-02   1.1064569e-02   1.4624214e-04   6.6754530e-05  -1.4971258e-04
  -4.2835055e-03   3.0281048e-02   1.7137258e-02   1.0732322e-04   1.0178095e-04  -9.5495912e-05
  -4.1570831e-03   2.5077889e-02   2.2176533e-02  -2.0369376e-05   1.5361923e-04  -8.6410061e-05
  -2.3953747e-03   2.5117333e-02   1.6775628e-02   5.0210250e-06   1.8710342e-04   4.7725619e-07
  -3.3548857e-03   3.6148032e-02   9.2903859e-03  -2.2211242e-05   1.7726821e-04  -1.0390015e-04
   9.5892163e-04   5.0224643e-02  -3.0299533e-03  -9.0929972e-05   2.5765648e-04   4.5945614e-06
   1.1447249e-03   5.4999107e-02   6.9187852e-03  -1.3075303e-04   3.7151517e-04   1.1561125e-04
  -1.4785245e-03   4.8883449e-02   1.2185429e-02   3.7283914e-04   2.3682897e-04   7.0751872e-05
  -6.5609298e-03   4.3004789e-02   1.3654504e-02   1.7235327e-04   1.4185412e-04   7.6509400e-05
  -5.9839736e-03   2.7851493e-02   1.3733401e-02  -4.7337842e-05   2.7354543e-05  -3.5533302e-05
  -2.3090038e-03   3.1259436e-02   1.8374181e-02   1.0638632e-04   1.4840583e-04  -9.9113470e-05
   7.5286421e-04   2.7539715e-02   1.2863188e-02   2.9599380e-06   1.6928296e-04  -1.4815801e-05
  -1.6419989e-03   3.5791167e-02   7.3563961e-03   1.1295610e-04   8.4572941e-05  -5.1234622e-05
  -3.9461229e-03   2.9034906e-02   1.6930986e-02   2.0603471e-04   1.5401666e-04  -4.8468641e-05
  -5.0270324e-03   2.6060102e-02   1.5798515e-02   9.4830278e-05   1.3205080e-04  -1.0641620e-04
  -3.2220112e-03   2.7711866e-02   1.4827353e-02   2.0695016e-04   8.7870457e-05  -8.1613559e-05
  -4.5535842e-04   2.7034419e-02   1.9473103e-02   4.5761355e-04   3.0986840e-05  -1.3036525e-04
   1.0646449e-03   2.9637367e-02   1.1454187e-02   5.2505815e-04   1.6797626e-04  -9.1063457e-05
  -1.0621174e-03   1.7610512e-02   1.1902456e-02   3.5637043e-04   1.5722592e-04  -1.1853916e-05
  -1.7604416e-03   1.7608015e-02   2.9564285e-02   5.9569060e-04   7.2473795e-05  -1.9644317e-05
  -3.2290994e-03   1.6688238e-02   2.4091086e-02   4.4553493e-04   1.3819422e-05  -6.2688232e-05
  -4.2830053e-03   1.8640625e-02   2.0641442e-02   3.7494833e-04   6.7934807e-05  -1.7673835e-04
  -4.6288053e-03   1.9245245e-02   1.7859966e-02   1.3138658e-04   8.4088322e-05  -1.3492028e-04
  -7.0934635e-03   2.6628145e-02   2.3102946e-02  -1.5895923e-04   2.7538810e-04  -2.0755449e-04
  -2.4635145e-03   3.7287840e-02   8.8026987e-03   1.6515988e-04   1.1193974e-04  -6.4375537e-05
   2.4342632e-04   3.2926144e-02   6.0510050e-03   2.1928828e-04   2.1124248e-04  -8.0470942e-05
   1.5562086e-03   2.8301177e-02   6.1136990e-03   1.4210379e-04   1.7568463e-04   7.6688702e-05
   1.9850064e-03   1.5534700e-02   1.5348235e-02   5.9316156e-04   2.4493728e-04   3.8985247e-05
   7.9877288e-03   1.4752008e-02   2.0267447e-02   4.3421842e-04   1.5865943e-04   1.0483378e-04
   1.1435566e-02   1.1225904e-02   1.8766666e-02   5.5423014e-04   1.3197503e-04   1.9687592e-04
   6.8033875e-03   1.5166033e-02   1.4192796e-02   5.9277760e-04   1.1309345e-04   1.2538826e-04
   5.2436507e-03   2.7169199e-02   1.6629627e-02   3.6992131e-04   5.0710313e-05   3.9904787e-05
   6.7377743e-03   2.8960285e-02   1.2775273e-02   1.4877549e-04   5.7417852e-05   8.8975134e-05
   5.9831295e-03   3.3638923e-02   7.6638052e-03   2.2043047e-04   1.5083216e-04   7.7478377e-05
   3.3075571e-03   4.9059313e-02   1.1503429e-03   6.9453029e-05   2.3716510e-04   6.3815104e-05
   3.8046877e-05   6.4653722e-02  -6.4908052e-03   6.7397837e-05   2.4149205e-04   6.4635728e-05
   1.9470030e-04   5.0920507e-02   1.3134707e-02   5.7735495e-04   1.6141406e-04   1.7198473e-05
  -8.0832295e-04   5.0476183e-02   5.6577143e-03   5.2731879e-04   7.7759858e-05  -1.1111659e-05
   1.3283974e-03   4.6829941e-02   1.7162107e-02   4.4815506e-04   1.0507722e-04   6.4611467e-05
   4.4644370e-04   4.3345601e-02   1.3081827e-02   5.9359883e-04   2.1945885e-04  -2.1907097e-05
   1.8661435e-03   3.0043518e-02   1.0753520e-02   6.1064416e-04   1.4649587e-04  -1.3520473e-05
   6.9011608e-03   3.5726069e-02   1.3368730e-02   4.4121418e-04   1.1275769e-04   1.3184086e-04
   6.3359188e-03   3.2262864e-02   1.4562015e-02   2.9777298e-04   1.6694431e-04   3.2305809e-05
   7.8634782e-04   3.6589022e-02   9.8719206e-03   2.8943641e-04   1.4489410e-04  -1.0093838e-04
  -5.4398397e-03   4.6372529e-02   1.0583443e-02   2.1110884e-04   1.4400506e-04  -7.0130367e-05
  -7.6810465e-03   4.9493013e-02   9.3583601e-03   2.2265683e-04   1.6412189e-04  -1.3133517e-04
  -7.4986152e-03   4.5053387e-02   5.8812440e-03   2.7089473e-04   2.1289706e-04  -2.2994184e-04
   1.1253589e-04   2.8606755e-02   2.2270044e-02   6.6109777e-04   5.5961015e-05  -8.8427323e-05
   1.8828290e-04   4.0317846e-02   1.3037583e-02   5.5168566e-04   1.3073791e-04  -1.7015164e-04
  -4.6101634e-03   5.5388315e-02  -4.4143278e-03   6.7254067e-04   1.5506676e-04  -2.0171956e-04
  -7.3664991e-03   5.1431783e-02  -5.8528751e-03   8.5090479e-04   8.0135676e-06  -7.4318933e-05
  -2.7055440e-03   4.5827943e-02   9.6965038e-03   9.4764457e-04   1.4652259e-04  -8.4007543e-05
  -1.0426738e-03   2.5741973e-02   1.8828946e-02   7.6962653e-04   1.2522929e-04   3.8067560e-05
   1.7455216e-03   1.6500503e-02   1.7417674e-02   5.4698194e-04   1.8436815e-04   5.0324747e-05
  -1.5954469e-03   1.3397009e-02   1.5215387e-02   3.1879813e-04   2.7206873e-04  -1.0632610e-04
  -2.4925071e-03   1.2475353e-02   1.6564113e-02   2.7101254e-04   1.8666654e-04  -4.7250587e-05
  -5.2461488e-03   5.1613250e-03   2.4283549e-02   2.2419890e-04   1.6251695e-04  -3.1159550e-05
  -7.3300257e-03   1.5419434e-02   2.3344366e-02   3.7079734e-04   1.8283781e-04  -1.1523988e-04
  -7.4109982e-03   2.5971801e-02   1.9108703e-02   6.1821009e-04   1.3212279e-04  -1.0458405e-04
  -7.0629579e-03   3.5684590e-02   9.3840456e-03   4.7178884e-04   1.8890737e-04  -8.5569102e-05
  -1.0213133e-02   3.7829376e-02   1.0675962e-02   4.5587138e-04   1.9469513e-04  -1.2717372e-04
  -1.0873862e-02   3.6733408e-02   9.9330382e-03   3.4823250e-04   2.6743315e-04  -2.0591585e-04
  -3.3479874e-03   3.3174721e-02   1.7761421e-02   1.4329965e-04   2.5849616e-04  -1.0954364e-04
   2.0666802e-03   2.7181021e-02   2.1282572e-02  -1.3589696e-04   2.9801087e-04  -7.3813397e-06
  -1.1829782e-04   3.4483258e-02   1.0082651e-02   2.4668736e-05   2.5578542e-04  -4.5780558e-05
  -7.4185889e-03   3.3931298e-02   1.1454314e-02   1.5218182e-04   2.5587386e-04  -1.8749601e-04
  -7.2276185e-03   2.8041321e-02   9.1475753e-03   8.8721724e-05   1.6314828e-04  -2.3672848e-04
  -1.1002089e-02   3.0682963e-02   1.2414623e-02   6.5248044e-05   2.6687412e-04  -2.2575211e-04
  -9.2422391e-03   3.6277104e-02   1.5881916e-02   3.3710167e-04   1.6106840e-04  -1.5045431e-04
  -9.3379698e-03   3.1464395e-02   1.6622064e-02   4.6709094e-04   1.7967801e-04  -1.5451333e-04
  -7.2704542e-03   2.3458248e-02   1.6849238e-02   5.4346145e-04   1.4245868e-04  -1.3258565e-04
  -4.5533678e-03   1.8039159e-02   6.8744976e-03   5.1101502e-04   1.7155999e-04  -9.2187827e-05
  -2.5729382e-03   2.6292938e-02   8.9039302e-03   7.3737626e-04   7.7618177e-05  -6.0354246e-05
  -8.7399912e-04   3.6771339e-02   1.6847954e-02   9.8086284e-04   4.2358924e-05  -9.4980213e-05
   1.7752725e-03   3.9712616e-02   1.6545855e-02   8.1753776e-04   1.4325906e-04  -7.0822633e-05
  -1.8759935e-03   3.5599501e-02   1.6718348e-02   5.9939016e-04   2.3284076e-04  -8.0701840e-05
   7.5009202e-05   2.7974936e-02   1.3967429e-02   3.6326931e-04   2.3392493e-04  -8.7539005e-05
  -1.0586625e-03   3.1998438e-02   5.8748319e-03   1.7748941e-04   2.0062263e-04  -1.0736815e-05
  -1.1820218e-03   3.5574967e-02   3.8113763e-03   3.4143491e-04   2.0342341e-04  -1.4934198e-04
  -1.1222984e-03   3.9581001e-02   1.3271258e-02   3.1788176e-04   4.0206574e-04  -8.6838285e-05
   3.2472132e-03   2.6152980e-02   2.7366951e-02   7.6824520e-04   3.1106999e-04   4.5777035e-05
   7.8368928e-04   2.8072950e-02   2.9759521e-02   5.5265959e-04   3.2546731e-04  -5.6762506e-05
  -3.5947797e-03   2.6147067e-02   2.8586799e-02   7.4091372e-04   2.4702741e-04  -9.3427102e-05
  -3.3698383e-03   2.0450237e-02   3.1473235e-02   6.9424786e-04   2.1607239e-04   4.2858495e-07
  -6.7606793e-04   1.9545281e-02   2.1107821e-02   5.3194213e-04   2.2161282e-04   9.3914413e-06
   1.2008796e-03   2.4575067e-02   1.6615885e-02   2.9257348e-04   1.8421521e-04   3.6841629e-05
   2.9609504e-03   2.7360501e-02   1.2671621e-02   3.3682654e-04   2.3975479e-04   3.3396662e-05
  -5.5080760e-05   2.6566345e-02   2.1357362e-02   2.2998080e-04   2.6223222e-04   4.7620761e-05
  -4.2872085e-04   2.9857552e-02   1.6881499e-02   4.1380872e-05   3.0431915e-04  -3.2367487e-05
  -2.6963103e-03   2.9694112e-02   1.6202566e-02   2.4766334e-04   2.2187981e-04  -5.8911823e-05
  -4.5288242e-03   3.0324465e-02   6.8407135e-03   2.0442049e-04   1.4172552e-04   1.3112135e-05
  -2.4896786e-03   4.4017782e-02   9.3628221e-03   6.0702457e-04   1.5502331e-04  -7.3731223e-05
  -6.3964491e-03   3.9431903e-02   1.5585578e-02   4.9303581e-04   3.2500717e-04  -2.8700722e-05
  -2.0974264e-03   3.3894773e-02   2.1442644e-02   7.8454367e-04   1.3842464e-04   3.5589013e-05
  -3.2154012e-03   4.0775933e-02   1.6541419e-02   5.2101989e-04   2.8282254e-04  -8.0606387e-05
   1.2279159e-03   4.1239828e-02   2.5003949e-02   3.6482997e-04   1.9921579e-04   8.8851514e-06
  -2.8552431e-03   3.3681797e-02   2.9407404e-02   5.4713285e-04   2.0497724e-04   2.3258396e-05
  -1.9953779e-03   3.4498089e-02   2.0928706e-02   3.4647283e-04   1.8838245e-04   2.5123150e-05
  -9.7994985e-04   2.4841055e-02   3.3038235e-02  -1.6647034e-04   2.1828618e-04   6.6951337e-05
   7.3138442e-03   3.4026672e-02   2.4792734e-02   6.7624799e-05   2.7448444e-04   1.5645442e-04
   3.0416577e-03   3.1880832e-02   1.1783012e-02   4.3935637e-05   2.6837988e-04   6.8375199e-05
   8.0683773e-04   3.9445878e-02   9.8746277e-03  -1.0596691e-04   2.2657442e-04   2.4883467e-05
  -2.6292339e-03   4.1932016e-02   1.2349356e-02   1.5744086e-04   2.7741048e-04   7.8827361e-06
  -2.3463613e-04   4.9471944e-02   1.5364815e-02   3.1896799e-04   2.7324032e-04  -7.9690156e-05
   2.6352510e-03   5.0749314e-02   1.5992489e-02   3.7230642e-04   2.4471211e-04  -3.2788876e-06
   1.7798436e-03   5.2308654e-02   1.0262183e-02   2.6497454e-04   2.6099835e-04   4.5175620e-05
