   0.0000000e+00   0.0000000e+00   0.0000000e+00   0.0000000e+00   0.0000000e+00   0.0000000e+00
  -1.0540657e-02  -1.7322275e-03   5.5391053e-04   2.6472760e-05  -1.9391403e-04  -2.1199148e-05
  -1.8572358e-03   1.2048056e-02  -1.0542171e-02   8.4254382e-07   1.2546659e-06  -2.6705315e-05
  -1.0743319e-02   1.4969906e-02  -8.0199733e-03   4.1805704e-05  -2.2822219e-04   8.2681351e-05
  -4.7975509e-03   1.4309024e-02  -1.0527088e-02   1.5817213e-04  -6.2870198e-05   1.2484752e-05
   7.8666585e-04   3.6043388e-03  -1.3365644e-02  -4.7735342e-06   1.5016499e-04   5.0536995e-05
  -9.6327824e-03   3.5430227e-03  -2.0775288e-03   4.2162556e-05  -3.1588445e-04   2.3331657e-04
   9.2580184e-03   1.0492604e-02  -9.4195982e-03  -1.6317375e-04   3.4514236e-04   4.5128363e-05
  -1.2319621e-02   3.8008491e-03  -1.4624706e-03  -5.9928468e-05  -2.7433946e-04   8.0490836e-05
  -8.9926152e-03  -1.7181786e-04  -2.4196079e-03  -7.2637088e-05  -2.2295500e-04   1.3973730e-04
  -7.4253343e-03   6.9187632e-03   5.4067755e-04  -1.2544898e-04  -1.2012806e-05   9.2781096e-05
  -1.3110759e-02   2.1441468e-02  -4.5382616e-03  -3.3697454e-06  -2.9764205e-04   2.9343694e-04
  -8.3097925e-03   2.3848506e-02  -1.4538756e-02  -2.1170337e-04  -5.8870754e-05  -2.8029048e-06
  -2.9028520e-03   3.6140603e-02  -1.4588448e-02   9.7035080e-05   1.0773241e-04   1.0655439e-04
  -7.0349588e-03   4.1369104e-02  -2.2978804e-02   1.5236543e-04  -3.7134414e-05  -8.1918851e-05
  -9.5895564e-03   4.3328062e-02  -1.6601212e-02   2.7119542e-04  -6.9666195e-05  -1.6127472e-04
  -5.7781061e-03   4.2031617e-02  -1.6492394e-02   2.3454538e-04  -1.9963054e-04   1.8665985e-04
  -1.0104008e-02   3.8295398e-02  -2.1402613e-02   1.2969156e-04  -1.8326237e-04   1.6411588e-04
  -5.3450137e-03   2.3876648e-02  -7.5773564e-03   1.0475360e-04  -1.6958706e-04   1.7546050e-04
  -2.6126132e-02   2.5011394e-02  -1.0183906e-02   4.8080193e-06  -6.1866479e-04   1.9372283e-04
  -8.9966917e-03   2.5754951e-02  -7.7945477e-04   9.5402427e-05  -1.1138733e-05   5.9098737e-05
  -1.9054193e-02   1.3465310e-02  -2.0180530e-03   8.3138571e-05  -4.6216555e-04   1.5792448e-04
  -6.1951532e-03   1.6626492e-02  -9.2576813e-03  -1.0011573e-04  -4.9957517e-05   1.0329989e-04
   8.7071565e-03   2.4003532e-02  -1.0324798e-02   4.7921187e-04   3.8248127e-04   1.1407414e-04
  -1.0082878e-02   2.6891769e-02  -2.6736290e-02   5.4069231e-05  -1.9890641e-04   2.1925195e-04
  -1.6534998e-02   3.7529042e-02  -2.4160882e-02   1.9738393e-04  -5.2590421e-04   1.8521149e-04
   2.2924486e-03   1.5158241e-02  -7.3773977e-03   1.6933954e-05  -5.1272583e-05   2.3489415e-04
  -1.5816701e-02   2.3150196e-03   1.4832676e-02   2.3776689e-04  -3.1248173e-04  -1.0488511e-05
   2.0727232e-03   7.1176612e-03   1.3770917e-02  -5.0857741e-05   5.8571052e-05   1.9575448e-04
  -8.8876907e-03   1.4849970e-02   8.3171878e-03   8.3318947e-05  -2.3629202e-04   2.0535249e-04
   1.0465488e-02   3.5346564e-03   6.1570167e-03  -3.0200714e-05   4.0699054e-04  -2.6584707e-05
  -5.5060846e-03   6.4245904e-03   1.1413077e-02   3.6137042e-04  -1.0551163e-04   1.9464718e-06
   6.2323653e-03  -6.7138028e-03   6.4369053e-03   8.2711328e-05   1.6643709e-04   1.3675668e-04
   8.7178054e-04  -1.4080350e-03   1.5222912e-02   2.2924813e-05  -4.3360460e-05   1.4705087e-04
   4.9995732e-03   3.3932732e-03   1.1885691e-02  -1.1784093e-04   7.1456847e-05   1.4160410e-04
  -1.9666048e-03   1.6103234e-02   5.4327326e-03  -5.2425217e-05  -4.4179454e-04   5.9361040e-04
   5.6227410e-03   3.7815265e-02  -2.8771762e-03  -2.1455582e-05   2.4202413e-04   3.2636801e-05
  -6.5229408e-03   3.1773302e-02  -2.0479819e-03   1.7796215e-04  -1.2140293e-04   1.7804856e-04
   1.3169756e-04   3.6455538e-02  -1.1141679e-02   4.4611575e-05   2.2814077e-04   2.1453558e-05
  -7.7934330e-03   2.7262666e-02  -5.6466569e-03   7.9124052e-05  -1.7064713e-05   1.5658985e-04
   1.0840620e-04   2.6969701e-02   2.5113079e-04   2.3443517e-04   1.4604252e-04   1.5240563e-04
  -1.6323353e-02   2.0313469e-02  -2.1288653e-03   2.6528026e-04  -1.4751811e-04  -1.2461434e-04
  -1.0718633e-02   2.5601415e-02  -5.7034917e-03   1.4524096e-04  -1.6735495e-05   7.4524107e-05
  -7.6055178e-03   2.2755690e-02  -1.5578200e-02   1.4444359e-04   1.4306727e-04  -8.0692890e-05
  -4.4165453e-03   9.8698965e-03  -1.1924167e-02  -6.2622084e-05  -1.5974864e-04   2.3863914e-04
  -6.8227581e-03   1.9842347e-02  -1.5658109e-02  -1.8867705e-04  -9.8359662e-05   1.2531615e-04
   7.2703010e-03   4.4094981e-02  -3.0709581e-02   2.6241719e-04   3.3531470e-04  -4.3509966e-05
  -9.8943644e-03   4.4366236e-02  -2.4965530e-02   2.6788890e-05  -2.8044965e-04   2.4608033e-04
  -1.6423681e-02   5.2129287e-02  -2.3497231e-02   1.2253472e-04  -1.1587680e-04  -2.5137147e-04
   1.1740044e-03   3.9623868e-02  -8.9966658e-03   4.6763207e-04  -2.1706679e-04   4.2184620e-04
   2.0356575e-03   2.1254469e-02  -8.9589066e-03   5.2369891e-04   1.9457393e-04   1.7865118e-05
   2.0690829e-02   6.8649820e-03  -5.5535325e-03   4.4402577e-04   2.2646711e-04   5.9230362e-04
   4.6454629e-02   1.9925835e-02  -1.7530434e-02   2.0727704e-04   9.3984393e-04   4.2412777e-04
  -2.7567523e-03   3.3264494e-02  -1.3596870e-02  -4.4984245e-05   4.3530177e-04  -1.9175632e-04
  -8.4848861e-03   5.2083174e-02  -1.1411167e-02   3.0529976e-04   1.4967896e-04  -1.2448148e-05
   1.3912173e-02   1.6010501e-02  -1.1262256e-02  -2.7961229e-05   6.0688959e-04   1.8030327e-04
   7.9457726e-03   1.4981273e-02  -1.3256063e-02   2.5418527e-04   3.7071917e-04   1.6026012e-04
   1.1754781e-02   2.2899119e-02  -4.8852168e-03   9.5769105e-05   4.9721279e-04   2.0222555e-04
   1.3569175e-02   3.6528377e-02  -3.7641573e-03   2.0912270e-04   5.2034651e-04   3.7084670e-05
   1.1148246e-02   3.7042625e-02   2.0519712e-03   1.2124791e-04   3.6767438e-04   3.0131800e-04
   1.9305509e-02   2.5890576e-02   7.9782170e-04   1.0177819e-05   6.8585722e-04   1.5664948e-04
   1.9224787e-02   2.0948946e-02   2.7330163e-03  -6.1333869e-05   6.8704198e-04   2.4261008e-04
   2.7939547e-02   3.2121340e-02  -1.1492194e-02   3.6563050e-04   9.2741352e-04   1.0951736e-04
   3.2094790e-02   1.8189556e-02  -6.8060970e-03  -1.0652659e-04   1.0481162e-03   8.5575479e-05
   2.2677014e-02   2.5226240e-02   5.2554303e-03   9.6198995e-05   6.9619171e-04   1.4042902e-04
   2.5296482e-02   1.6581940e-02   1.5245693e-03   1.5230670e-04   6.6665126e-04   1.5026865e-04
   2.9167789e-02   9.9828187e-03   4.7229131e-03   4.5308315e-05   7.5499629e-04   1.5139848e-04
   2.6226146e-02   1.4740421e-02  -1.0406531e-02   1.2339508e-04   8.1902400e-04   4.2525202e-05
   2.6803295e-02   1.9173569e-02  -5.1058471e-03   3.5981379e-05   7.9066148e-04   1.1816044e-04
   3.1839902e-02   2.5104958e-02  -1.2408956e-02   7.3573325e-05   8.2437138e-04   9.4093599e-05
   2.9033430e-02   1.7908326e-02  -2.0201769e-02   1.0424577e-04   8.9331894e-04   1.7494928e-04
   2.5616656e-02   1.2417510e-02  -1.6990397e-02   7.9196835e-05   7.3525371e-04   1.2798428e-04
   1.9961491e-02   2.0678811e-02  -1.8620659e-02   1.4545874e-04   7.1980945e-04   1.0569709e-04
   2.4542221e-02   2.2353922e-02  -8.0411397e-03   2.2684303e-04   7.3582321e-04   2.7178863e-04
   1.3507545e-02   2.6432636e-02  -1.2156622e-02   2.0859212e-04   5.4186782e-04   1.0830311e-04
   2.0700998e-02   1.5180891e-02  -6.8840807e-03  -1.6946906e-04   7.3054022e-04   1.4378280e-04
   1.1666268e-02   1.9637500e-02  -5.4393038e-03   1.1242750e-04   5.4597985e-04   1.8973603e-04
   1.6935391e-02   3.1885118e-02  -2.1599456e-02   1.3327185e-04   5.7909316e-04  -8.9893832e-06
   3.7589303e-02   1.5146013e-02  -1.6752309e-02   1.2381218e-04   1.1960123e-03   1.0351839e-04
   4.0651191e-02   1.1404952e-02   2.9929728e-03   4.6564001e-04   1.0582808e-03   1.1754166e-04
   3.6634381e-02  -4.2367305e-03   1.5366502e-02   3.1786463e-04   7.5831666e-04   2.2232361e-04
   4.3126734e-02  -1.3733948e-02   2.9430734e-02   2.7763495e-04   9.7251910e-04   2.5409918e-04
   4.0789914e-02  -8.0954843e-03   3.6995828e-02   1.9571786e-04   1.0129116e-03   2.3083335e-04
   3.1710382e-02  -5.3643044e-03   3.3335483e-02  -8.2482367e-05   8.8171090e-04   2.4293413e-04
   3.9122747e-02  -3.8769830e-03   3.3816871e-02  -1.5162609e-04   1.1442876e-03   1.5709253e-04
   3.8717242e-02   2.0606125e-02   1.3348820e-02   8.7913362e-05   1.0392358e-03   1.9260582e-04
   1.7276809e-02   1.9838241e-02   9.0291273e-03   2.5973735e-04   4.7697837e-04   2.5045831e-04
   3.4707437e-02   9.4424738e-03   9.7567993e-03  -1.0383298e-04   9.9737577e-04   1.4139981e-04
   2.5387198e-02   1.7051534e-02   9.5116848e-03  -5.9925186e-05   6.0889318e-04   2.4008934e-04
   1.6384673e-02   1.6351941e-02  -4.2592278e-03   8.4150863e-05   5.5036040e-04  -9.2613065e-05
   2.8833265e-02   2.5192228e-02   4.1220171e-03  -2.0614373e-05   6.5934131e-04   4.2127439e-04
   1.0802095e-02   3.2833512e-02  -4.1404561e-04  -1.4372312e-05   6.8699341e-04  -3.7233516e-04
   3.2399230e-02   1.6489672e-02   2.0414459e-03  -2.5470365e-04   9.0796120e-04   2.4466616e-04
   2.5736315e-02   1.6065191e-02  -8.3414047e-03  -1.3765077e-04   7.0902702e-04   1.0494584e-04
   1.8385469e-02   3.1561935e-02  -2.5107142e-02   1.6531113e-04   7.7571956e-04  -1.1701288e-04
   2.6219307e-02   3.2117000e-02  -2.1968137e-02   1.4346048e-04   8.9888149e-04   1.2315172e-05
   1.6814315e-02   3.6465363e-02  -1.9714175e-02   3.5528091e-05   6.3713829e-04   8.5301451e-06
   2.8117097e-02   4.0150643e-02  -2.3346068e-02  -9.0601249e-06   9.5836154e-04  -5.1872526e-05
   1.9960854e-02   6.1415088e-02  -2.9755849e-02   1.4196232e-04   8.4149782e-04  -2.0716061e-04
   2.0374073e-02   5.2526680e-02  -3.1614521e-02   3.1048035e-04   5.6822585e-04   4.2377901e-05
   3.3068375e-02   4.3805701e-02  -3.7570353e-02   2.7360976e-04   9.5359272e-04   1.8317786e-06
   7.9756625e-03   4.3642242e-02  -2.6034587e-02   4.6905255e-04   3.6859248e-04  -2.7950140e-05
   1.8828636e-02   3.8222299e-02  -1.1191218e-02   1.4906523e-04   5.6021814e-04   4.8970805e-05
   1.0173844e-02   3.9853017e-02  -1.1097991e-02   4.5180693e-04   4.7429392e-04  -4.2317955e-07
  -1.2558684e-02   3.5025210e-02  -1.4559577e-02   3.9441129e-04  -7.3797026e-05  -1.0750904e-04
   1.6698708e-02   3.5577413e-02  -1.4822793e-02   5.8466708e-04   6.3808949e-04   5.8186494e-05
   1.9773755e-02   4.2951126e-02  -2.6399108e-02   1.4357127e-04   6.4637492e-04  -1.0910377e-05
   2.8826007e-02   3.8604479e-02  -2.9035504e-02   6.0140030e-05   9.8221477e-04   1.8605119e-05
   2.1938866e-02   4.8267877e-02  -8.5285672e-03   3.7111926e-04   5.0052789e-04   2.5981837e-04
   2.6087947e-02   2.4037595e-02  -3.7330304e-03   3.2556903e-04   7.5476878e-04  -1.4644494e-04
   2.5157313e-02   1.1685058e-02   5.1792580e-03   2.2915635e-04   7.9624070e-04  -1.8390898e-04
   2.4767241e-02   6.6981842e-03   3.5501151e-04   1.8461583e-04   6.8788727e-04  -5.8244374e-05
   3.3095870e-02   9.3718724e-03   4.6846560e-03   5.7505310e-05   8.1583003e-04  -1.3361131e-05
   3.3722308e-02   7.1686514e-03   2.3708250e-04  -9.1328037e-05   1.0456311e-03  -3.4428752e-04
   1.1482681e-02   2.2566349e-02  -1.1172154e-02   8.0045079e-05   3.4823826e-04  -2.5764031e-05
   1.5113398e-02   2.3115416e-02  -1.6829617e-02   1.0115813e-04   5.1434475e-04  -9.6457560e-05
   2.3683703e-02   2.8134184e-02  -2.1428324e-02   3.5037909e-04   7.4705635e-04  -3.0970856e-04
   1.4777639e-02   2.8698478e-02  -1.0202005e-02   4.4303676e-04   3.4907739e-04  -5.1204252e-05
   3.1170703e-02   3.0512916e-02  -9.2948893e-03   2.9354213e-04   7.4626647e-04  -2.6047208e-06
   1.7421051e-02   3.1916419e-02  -1.5406102e-02   3.1912023e-04   3.9136473e-04  -4.3216061e-05
   3.1207335e-02   2.5892181e-02  -1.2736407e-02   1.4863660e-04   6.9999704e-04   4.6506902e-05
   1.9846572e-02   2.5356300e-02  -1.0070609e-02   5.0865841e-04   5.9001520e-04  -1.0756961e-04
   1.7861609e-02   1.4120910e-02   1.8093016e-03   2.0928493e-04   4.6323675e-04   7.6989629e-05
   2.1617964e-02   1.5039725e-02  -6.5248198e-03   1.0559512e-04   6.5202181e-04   1.0919316e-04
   1.8999135e-02   1.6640107e-02  -9.4380569e-03   2.6472677e-04   5.0964554e-04   6.8980782e-05
   1.3663421e-02   1.0566654e-02  -8.4041526e-03   1.9169631e-04   2.9210276e-04   1.4836155e-04
   1.9334489e-02   1.2340009e-02  -8.3050668e-03   1.3921847e-04   5.6319914e-04  -2.0484772e-05
   1.2718211e-02   1.5755576e-02  -5.7849920e-03   1.3018350e-04   4.0599221e-04  -3.0816213e-05
   3.9924290e-03   2.4653518e-02  -1.3028491e-02   4.2382592e-04   1.9353744e-04   1.8694643e-05
   1.5438530e-02   1.5161427e-02  -1.6649496e-02   1.9306168e-04   4.6257973e-04   8.3147628e-06
   1.6760205e-02   1.8919766e-02  -1.5771674e-02   1.9257425e-04   4.5087254e-04   5.8746741e-05
   1.2329245e-02   2.9640812e-02  -2.4188391e-02   3.8904314e-04   3.6754619e-04   2.6707124e-05
   5.5546043e-03   2.8196434e-02  -3.3490935e-02   6.0080914e-04   1.5997268e-04   1.8220807e-04
   5.5573143e-03   1.4830447e-02  -2.1514545e-02   4.8560332e-04   1.5772649e-04   1.2612053e-04
  -1.6898354e-02   8.1622226e-03  -8.7634000e-03   3.2470731e-04  -4.1318900e-04   1.9691682e-04
  -1.8639213e-02   2.1507152e-02  -7.3713306e-03   5.4671925e-04  -3.8858729e-04   4.0411946e-04
   2.6667088e-02   4.3651705e-02  -3.8770048e-02  -6.5893113e-05   7.1549374e-04   3.1035259e-04
   6.0165429e-03   4.1212295e-02  -2.7307396e-02   5.0459690e-04   3.5257065e-04   1.3009920e-05
   2.4988576e-02   5.5271635e-02  -2.1713635e-02   4.5799029e-04   9.8353237e-04   3.1489911e-06
   3.3822609e-02   5.1956658e-02  -1.5722915e-02   8.6820335e-04   8.9196385e-04   5.9355885e-04
   2.1077642e-02   6.1451945e-02  -2.2336038e-02   8.4254575e-04   9.0460683e-04   3.1634139e-05
   3.0639041e-02   3.6327999e-02   1.2786713e-02   3.0318015e-04   9.8306547e-04   3.8928997e-04
   3.7279857e-02   3.7754416e-02   2.8937306e-02   1.1466634e-04   9.6446167e-04   5.3537526e-04
   2.1310696e-02   6.2730158e-02   8.1205679e-03   6.0521976e-04   7.6550754e-04   2.3839539e-04
   3.3298656e-02   8.5000664e-02   6.6971141e-03   8.5792496e-04   1.2839842e-03  -2.3347187e-04
   3.9337421e-02   5.7768488e-02   1.0794582e-02   3.0001956e-04   9.6415095e-04   5.2657728e-04
   2.8435783e-02   5.5907112e-02  -7.7695500e-03   2.1314081e-04   9.4512327e-04   2.1249487e-04
   2.1798212e-02   6.9816177e-02  -1.5573171e-02   2.9824803e-04   1.0547301e-03  -4.8123748e-05
   2.3414719e-02   7.7146872e-02  -1.8906442e-02   5.8201535e-04   9.1296852e-04  -1.5861579e-05
   2.6705186e-02   3.5184340e-02  -7.5878222e-03   3.9588403e-04   9.0094683e-04   1.4494897e-04
   3.4158733e-02   3.7260116e-02  -1.0727830e-02   4.6282761e-04   9.1852914e-04   2.1792403e-04
   3.7845900e-02   3.0003889e-02   5.7333886e-03   2.1260649e-04   1.0338890e-03   1.6452038e-04
   4.1631878e-02   1.8052460e-02  -9.8276993e-03   3.0466239e-04   1.0186060e-03   1.1976068e-04
   4.5579029e-02   2.3707793e-02  -9.5444122e-03   3.9533507e-04   1.1748260e-03   2.3439098e-04
   4.1477327e-02   1.8002791e-02   2.0198145e-03   2.9854986e-04   9.6838423e-04   2.3435438e-04
   4.2513335e-02   4.6133599e-02  -1.2629200e-02   2.5055394e-04   8.9833259e-04   3.4428524e-04
   3.5521843e-02   3.8245533e-02  -1.9851479e-02   1.6471116e-04   9.9542240e-04  -2.7079257e-05
   2.5051533e-02   6.4126003e-02  -1.9275832e-02   4.1623355e-04   7.1999194e-04   6.7642338e-05
   2.0643977e-02   5.5124989e-02  -1.1838913e-02   3.9924843e-04   5.1295807e-04   2.1912526e-04
   3.0428473e-02   3.2252770e-02   7.6864176e-04   1.6676371e-04   8.6559236e-04   2.0246960e-04
   3.1780679e-02   3.3690184e-02   5.1430581e-03   2.9153295e-04   9.0821398e-04   1.1225037e-04
   2.7999067e-02   4.3527697e-02  -2.3642344e-03   3.2731273e-04   7.1313774e-04   2.6490582e-04
   3.4886476e-02   4.3527066e-02   2.3868059e-03   2.0424291e-04   9.5820369e-04   4.9760501e-05
   3.3295850e-02   6.0237916e-02   2.9921279e-03   2.3637601e-04   8.3541338e-04   2.0758129e-04
   2.0299643e-02   5.7832301e-02  -4.6978833e-03   4.2449982e-04   6.0883523e-04   7.3166052e-05
   1.4697323e-02   6.2241701e-02  -1.6101028e-02   3.8492208e-04   4.7244783e-04   1.2022226e-04
   1.3005525e-02   5.1022377e-02  -1.0921753e-02   4.3028724e-04   2.3951224e-04   3.4243079e-04
   2.5718640e-02   6.5857864e-02  -2.6697336e-02   5.9834187e-04   9.6735891e-04  -1.4449638e-04
   1.9764705e-02   7.0291869e-02  -1.8278243e-02   6.5094549e-04   7.0105585e-04   1.1953327e-04
   3.4291301e-02   3.5462767e-02  -1.6423664e-02   3.6494961e-04   9.6591606e-04   1.1481173e-04
   2.6349576e-02   3.1979264e-02  -9.6038386e-03   4.3340804e-04   6.8603228e-04   2.8484861e-04
   3.1003265e-02   2.6052262e-02  -4.1697178e-03   2.8200532e-04   8.1660652e-04   2.2199608e-04
   3.6568863e-02   2.8578713e-02  -6.1334810e-03   3.5976349e-04   9.1020735e-04   2.9698476e-04
   4.8144824e-02   2.3062529e-02  -4.0849328e-03   1.4496314e-04   1.0634179e-03   3.2943931e-04
   3.9832147e-02   4.4091117e-02  -4.8379243e-03   2.2190536e-04   7.7328766e-04   3.3884066e-04
   3.5347227e-02   4.9091614e-02  -7.0118569e-03   3.8193244e-04   8.6057064e-04   8.8206037e-05
   3.6609553e-02   3.7638934e-02  -9.3929140e-03   1.9515983e-04   1.0105472e-03   4.0044815e-05
   2.3479667e-02   5.1924891e-02  -2.4368944e-02   4.7730904e-04   6.2565116e-04   6.3395019e-05
   3.7577664e-02   5.6151680e-02  -3.1559565e-02   5.0202579e-04   1.0272909e-03   9.5542155e-05
   2.2189987e-02   5.2867438e-02  -3.1098428e-02   7.7803216e-04   6.9184538e-04   1.0193194e-04
   3.2965563e-02   2.9355088e-02  -4.8556202e-03   2.3564429e-04   1.1445122e-03  -3.6075891e-05
   3.1961910e-02   6.6237063e-02  -4.3965637e-02   8.1242709e-04   7.1416145e-04   4.5982196e-04
   4.6664424e-02   3.9101835e-02  -3.0316383e-02   2.1447150e-04   1.2956023e-03   6.9208280e-05
   4.3371939e-02   5.0382013e-02  -3.4945214e-02   2.2375735e-04   1.1962662e-03   2.1988253e-04
   3.7010495e-02   4.0418091e-02  -2.2865965e-02   6.2461645e-04   1.1364459e-03  -1.6780213e-04
   4.2183528e-02   3.4073637e-02  -6.9577546e-03   5.9242805e-04   1.1027751e-03   1.3233334e-04
   4.3937587e-02   3.5523054e-02   2.2369504e-03   5.5634632e-04   1.1523359e-03   8.5920250e-05
   4.1157894e-02   2.8607177e-02  -4.3294208e-03   4.2807268e-04   1.0027292e-03   2.0784088e-04
   4.2605148e-02   3.3613136e-02  -4.5854885e-03   2.7195879e-04   1.2017671e-03   1.4593688e-04
   4.3578464e-02   3.5968944e-02  -4.2568939e-05   4.4967137e-04   1.2126181e-03   7.1207075e-05
   3.0759900e-02   7.3572717e-02  -7.8136097e-03   9.1800966e-04   1.1737236e-03  -3.9755474e-04
   1.1846544e-02   9.1048708e-02  -5.3247091e-03   9.3992246e-04   7.7736491e-04  -4.1299223e-04
   1.3115170e-02   7.6632571e-02  -2.3284877e-02   6.5129471e-04   8.0961659e-04  -3.2339837e-04
   2.7577754e-02   2.3899617e-02  -1.6670241e-02   4.8882007e-04   7.8487447e-04   2.0002321e-04
   2.6590536e-02   3.7184968e-02   6.6713667e-03   7.0459896e-04   8.0913746e-04   2.8884799e-04
   3.0270524e-02   2.6356675e-02   2.0431443e-02   6.6463308e-04   9.2937914e-04   2.3522949e-04
   2.8993570e-02   1.8989791e-02   2.9506092e-02   1.1860137e-04   1.0700610e-03   4.7779067e-05
   2.4567444e-02   2.8858117e-02   2.4833836e-02   5.4396520e-04   8.5466770e-04   2.9842158e-04
   2.4893279e-02   9.9057215e-03   1.0483239e-02   1.3289685e-04   9.5671679e-04   1.5414437e-04
   2.0940330e-02   3.3333235e-02   2.6906273e-03   3.5227279e-04   9.8853718e-04  -1.0084843e-06
