   0.0000000e+00   0.0000000e+00   0.0000000e+00   0.0000000e+00   0.0000000e+00   0.0000000e+00
  -9.6467167e-03  -3.0656857e-03  -9.1885030e-03   1.9079196e-04   1.8766479e-04   1.2972514e-05
  -4.3481281e-03  -2.5439930e-03  -1.5219796e-02   2.4911539e-04   1.6427040e-04   4.9504313e-05
  -5.7260910e-03  -8.9236097e-03  -1.7763302e-02   1.7740575e-04   1.3621389e-04   8.5306533e-05
  -6.8159180e-03  -2.4827357e-03  -1.7264539e-02   1.7559147e-04   2.4076547e-04   4.2435971e-05
  -9.3412905e-03  -6.2114071e-03  -1.5647226e-02   2.0842637e-04   2.0840416e-04  -3.0357142e-06
  -5.8587552e-03   4.9363664e-03  -1.7708384e-02   1.2052494e-04   2.2566445e-04  -1.2783129e-05
  -6.2521414e-03  -8.8911061e-04  -2.7766178e-02   2.1039646e-04   2.8194639e-04   7.4765223e-05
  -4.6616778e-03  -5.1279757e-03  -2.5588897e-02   3.4985989e-04   2.3077213e-04  -7.2967937e-05
  -3.9991305e-03  -1.6072964e-03  -1.6105772e-02   2.1076778e-04   2.5104940e-04   3.5008890e-05
  -6.8418169e-03  -1.0861916e-03  -1.1715222e-02   1.8870837e-04   3.5777049e-04   6.8766868e-06
  -6.8607682e-03   9.3116934e-04  -1.2172373e-02   2.1708426e-04   2.8475281e-04  -5.3446462e-06
  -2.7960332e-03   8.6294351e-04  -1.4768208e-02   2.0995566e-04   2.5899559e-04   5.8399571e-05
  -9.5963036e-03  -5.6488657e-03  -8.3083197e-03   3.0608429e-04   3.1780896e-04   2.4290975e-05
  -4.2530879e-03  -3.9817600e-03  -1.3293881e-02   2.1928853e-04   2.8244809e-04   1.1298172e-05
  -8.9107530e-03  -5.0840187e-03  -1.4303220e-02   1.9377518e-04   3.3447348e-04   1.8235773e-04
  -7.3914145e-03  -1.0164046e-02  -1.2395037e-02   3.0234988e-04   3.2177523e-04   8.3580745e-05
  -6.8449736e-03  -3.9117040e-03  -9.7914506e-03   1.8597785e-04   2.7012949e-04   5.7324451e-05
  -8.1982872e-03  -1.0763599e-02  -1.3441944e-02   2.6522760e-04   2.7834428e-04   1.2011746e-04
  -6.8492966e-03  -2.7769016e-03  -7.2383179e-03   2.4331425e-04   3.2331695e-04   6.0164744e-05
  -5.5909148e-03  -1.1380979e-03  -8.5008797e-03   2.2040278e-04   3.0112602e-04   8.0080598e-05
  -5.3165019e-03  -3.3492622e-03  -1.3365422e-02   1.7997826e-04   2.9749775e-04   8.6803961e-05
  -8.7259747e-03  -5.8140212e-03  -1.2545608e-02   2.1963409e-04   3.3776875e-04   2.2678012e-05
  -7.1844322e-03  -3.6077540e-03  -1.5194999e-02   1.4253676e-04   3.2340584e-04   6.4465363e-05
  -6.8397784e-03  -2.2633401e-03  -1.1012366e-02   2.7064627e-04   2.6309263e-04   4.1997536e-05
  -6.1431803e-03  -5.0469557e-03  -1.5946120e-02   2.1764059e-04   2.7598766e-04   7.4685572e-05
  -5.7478799e-03  -4.2334222e-03  -1.7367711e-02   1.8949720e-04   2.5194122e-04   4.1705691e-05
  -8.3520136e-03  -7.7923400e-03  -7.9028508e-03   3.1531272e-04   4.2050976e-04   5.4217892e-05
  -6.4129886e-04  -3.3517781e-03  -7.9865364e-03   2.2217218e-04   2.4739052e-04   1.0883759e-04
   9.8970366e-04   2.2103500e-03  -1.5123771e-02  -7.7100552e-05   2.0344977e-04   2.5414932e-04
   1.9587017e-04  -8.2551968e-03  -2.3140712e-02   2.4488594e-04   2.2665042e-04   7.0661073e-07
  -4.5331876e-03  -8.7935876e-03  -1.6493363e-02   1.5792688e-04   2.8758525e-04   1.6204433e-04
  -2.8534843e-03  -5.6659167e-03  -1.0045160e-02   1.0970966e-04   2.7870083e-04   1.1989391e-04
  -7.3364771e-03  -1.1936339e-02  -8.9929469e-03   2.1532679e-04   3.3685555e-04   1.1972033e-04
  -6.2779485e-03  -2.4259806e-03  -1.1064136e-02   4.7229245e-05   3.0902519e-04   6.2225318e-05
  -6.2802680e-03  -5.8208600e-03  -2.1237398e-02   1.7992272e-04   3.2723544e-04   1.1501304e-04
  -5.4296535e-03  -6.4093739e-03  -2.3830735e-02   1.1490621e-04   3.1290163e-04   9.8996960e-05
  -4.7143304e-03   2.9270740e-04  -1.9361616e-02  -7.3567321e-06   3.0045255e-04   4.9689023e-05
  -5.8974866e-03  -4.4521134e-03  -1.9690897e-02   1.1892788e-04   2.6158603e-04   1.8542383e-04
  -6.4904861e-03  -4.9787332e-03  -1.6311606e-02   7.3235892e-05   3.4234364e-04   8.3492767e-05
  -5.4218461e-03  -3.9525294e-03  -1.6549009e-02   7.7673553e-05   3.2343334e-04   1.4961070e-04
  -3.3433091e-03  -8.2686992e-04  -1.6735888e-02   1.3791374e-04   3.1833870e-04   1.5447213e-04
  -3.1844428e-03  -5.1588465e-03  -1.1341316e-02   1.9726379e-04   3.0752914e-04   1.7446974e-04
  -6.1126673e-03  -3.6080972e-03  -8.5584864e-03   1.7606684e-04   4.3545983e-04   1.6153855e-04
  -5.3032146e-03  -7.6381617e-03  -1.4775029e-02   1.8737396e-04   4.3836743e-04   1.7374165e-04
  -2.0622843e-03  -6.7111977e-03  -1.0566350e-02   2.1804147e-04   3.6550816e-04   1.3289330e-04
  -1.2875441e-03  -3.7179420e-03  -1.7622160e-02   1.0859223e-04   3.0155371e-04   1.7097087e-04
  -2.9252267e-03  -1.1816669e-02  -2.4034382e-02   1.8152369e-04   3.1126211e-04   2.1569347e-04
  -2.8494981e-03  -8.9919128e-03  -2.1061594e-02   1.7143987e-04   4.4495306e-04   1.4438099e-04
  -4.1029020e-03  -5.9272205e-03  -1.9778047e-02   6.4724771e-05   3.9163575e-04   1.0967825e-04
  -4.3883562e-03  -7.8932816e-03  -1.8685146e-02   2.2207282e-04   3.8005424e-04   8.6942759e-05
  -4.3561088e-03  -7.1607066e-03  -1.8888958e-02   1.8059790e-05   3.2513902e-04   1.8253469e-04
  -7.2885875e-03  -3.8009043e-03  -1.5640255e-02   7.5473587e-05   4.2583701e-04   6.7374693e-05
  -8.0112247e-03  -4.4875340e-03  -1.4486011e-02   6.9457995e-05   4.2065998e-04   7.6911959e-05
  -5.1190156e-03  -6.5942519e-04  -1.6606629e-02   1.7774937e-04   3.2117589e-04   4.7966679e-05
  -6.8815484e-03  -7.3623547e-04  -2.0244438e-02   1.1289987e-04   4.2048853e-04   1.3032977e-04
  -7.0972104e-03  -3.2564927e-03  -1.3457386e-02   1.9241735e-04   3.5107677e-04   1.2300111e-04
  -7.4015268e-03  -1.5187291e-03  -1.7588258e-02  -5.1921749e-05   3.4865586e-04   1.4372770e-04
  -6.2612726e-03  -7.5383780e-03  -1.6538837e-02   2.3991410e-04   3.9396704e-04   1.0368720e-04
  -6.2857201e-03  -6.2989249e-03  -1.1205474e-02   2.1919649e-04   4.1729774e-04   7.6940963e-05
  -3.8925313e-03   5.8650374e-04  -9.3219502e-03   1.0536118e-04   3.3787419e-04   1.7909391e-04
  -5.1330885e-03  -6.6890161e-03  -9.5713032e-03   1.5536809e-04   3.5551224e-04   1.7196397e-04
  -2.7939783e-03  -1.1453510e-03  -1.2388996e-02   1.2306436e-04   3.3696747e-04   1.1451670e-04
  -5.4529691e-03  -5.8839512e-03  -1.5533299e-02   2.1892409e-04   4.1449666e-04   1.4815295e-04
  -5.8863377e-03  -2.4477556e-03  -1.4827646e-02   1.7422669e-04   3.0744637e-04   1.8402483e-04
  -5.1214128e-03  -8.6239838e-03  -1.2038225e-02   2.5559162e-04   3.7235165e-04   1.7745645e-04
  -7.6119002e-03  -6.3577402e-03  -1.2522979e-02   9.4119913e-05   3.7064155e-04   1.1158101e-04
  -7.1282380e-03  -1.0081257e-02  -1.7276879e-02   6.0544249e-05   3.9967050e-04   1.0358088e-04
  -1.7205488e-03  -6.7375234e-03  -1.7535893e-02   1.2714684e-04   3.6619822e-04   9.3651883e-05
  -5.8306303e-03  -1.0340125e-02  -8.5879747e-03   1.9018273e-04   3.9422730e-04   1.0889493e-04
  -7.6146658e-03  -8.4696660e-03  -1.1969681e-02   1.3918365e-04   4.0393557e-04   9.1786940e-05
  -6.8153940e-03   1.3258403e-03  -1.4091792e-02   1.5166673e-04   4.7078586e-04   1.0607247e-04
  -6.6361863e-03  -3.1264152e-03  -1.6406064e-02   1.8299938e-04   5.2024615e-04   1.2024347e-04
  -2.2315761e-03   5.5902620e-04  -1.5786920e-02   1.3445056e-04   4.7457312e-04   8.9731948e-05
  -2.1686276e-03  -6.7826016e-03  -1.4883603e-02   2.0003648e-04   3.8122291e-04   1.5471333e-04
  -4.4713674e-03  -1.0036771e-02  -1.5492263e-02   1.4062590e-04   4.3343681e-04   1.5470211e-04
  -3.4917788e-03  -2.7876898e-03  -1.5038418e-02   7.3717793e-05   3.9098663e-04   2.0395599e-04
  -9.5770559e-03  -1.5072058e-02  -1.8589729e-02   2.8351055e-04   4.8706791e-04   1.1552695e-04
  -6.1676338e-03  -4.0154104e-03  -1.6027850e-02   8.6794362e-05   3.1730879e-04   2.5287855e-04
  -7.5086058e-03  -3.8657274e-03  -1.4474603e-02   1.6297272e-04   4.0523151e-04   2.3329103e-04
  -8.9931993e-03  -1.1787463e-02  -1.8306198e-02   2.4697280e-04   4.5601976e-04   2.0391436e-04
  -1.0556651e-02  -4.9320038e-03  -1.4538651e-02   1.9524199e-04   5.2052099e-04   1.3611330e-04
  -7.9834267e-03  -1.4617493e-03  -1.4839407e-02   1.4700052e-04   4.5402884e-04   1.7314837e-04
  -1.0082807e-02  -3.4880868e-03  -1.5916747e-02   1.5679846e-04   5.8512799e-04   1.7014203e-04
  -8.5848870e-03  -4.8111144e-03  -1.4020502e-02   2.2154052e-04   4.1644253e-04   1.8042128e-04
  -6.7490607e-03   1.3486524e-03  -2.1588332e-02   2.6902454e-06   4.8153644e-04   1.1621241e-04
  -9.2857505e-03  -7.6613856e-03  -2.2344900e-02   2.3562587e-04   4.6521755e-04   2.5152630e-04
  -8.5148525e-03  -2.3621063e-03  -1.2027577e-02   7.4685882e-05   5.6596617e-04   2.1633075e-04
  -6.7844704e-03  -8.1701865e-03  -1.6524007e-02   2.1659044e-04   5.6700642e-04   2.3693680e-04
  -8.6455487e-03   9.9147393e-04  -1.4655216e-02   9.1174066e-05   6.2039287e-04   2.1497820e-04
  -8.8768737e-03  -1.1001688e-02  -1.4002671e-02   1.8617585e-04   5.5304813e-04   2.7073015e-04
  -9.1657963e-03   5.1059720e-04  -1.1817100e-02   5.1235849e-05   5.7224601e-04   1.3147202e-04
  -1.0346414e-02  -1.2281291e-02  -1.2358690e-02   2.6013709e-04   5.6626843e-04   2.8770312e-04
  -5.0471379e-03  -3.3713332e-03  -1.3187007e-02   1.0790950e-04   4.7572844e-04   2.3213779e-04
  -6.6982168e-03   3.0805407e-03  -1.8789119e-02  -1.8195424e-05   4.8367976e-04   1.3267544e-04
  -8.9741331e-03  -3.1401999e-03  -2.4595794e-02   1.6497286e-05   5.9935384e-04   2.2862058e-04
  -4.7456350e-03  -2.3104756e-03  -2.3290832e-02  -5.7540030e-05   4.5696494e-04   1.9763458e-04
  -7.8642613e-03  -2.8876966e-03  -2.1720049e-02   2.4825119e-05   5.7159067e-04   1.4258296e-04
  -5.3695019e-04   9.8219912e-04  -2.2890249e-02  -1.4454564e-05   4.3492221e-04   2.0764819e-04
  -5.2270472e-03   3.6380229e-04  -2.1710724e-02  -7.2893922e-05   5.2929072e-04   2.0185582e-04
  -6.1832709e-03  -5.9552210e-03  -2.8102264e-02  -4.1681076e-06   5.7632278e-04   1.5798807e-04
  -1.6614267e-03  -1.9715610e-03  -2.4660044e-02  -6.8158630e-05   4.7182464e-04   1.6480750e-04
  -5.3397743e-03  -4.9081511e-03  -2.4086408e-02  -1.0248180e-04   5.1891414e-04   2.3228412e-04
  -5.8361513e-03  -1.2980426e-02  -2.2155772e-02   6.2596938e-05   4.3881168e-04   2.9425645e-04
  -4.7060654e-03  -5.1773029e-03  -2.2992263e-02  -3.0161209e-05   4.9021646e-04   2.8958205e-04
  -4.7739860e-03  -2.7785293e-03  -1.7869442e-02   5.8461496e-05   3.6727518e-04   3.0231408e-04
  -4.4446825e-03  -8.6240629e-03  -1.8521445e-02   1.4663362e-04   4.4583458e-04   2.7260410e-04
  -5.9274226e-03  -3.5816402e-03  -2.0304363e-02   2.2805046e-05   3.8207915e-04   4.8029185e-04
  -5.9200631e-03  -7.0812222e-03  -1.9716550e-02   1.6944826e-04   4.8487222e-04   3.0047872e-04
  -7.1853799e-03   1.4607297e-04  -1.6437208e-02   1.1319095e-04   4.8464526e-04   2.9044016e-04
  -5.4206256e-03  -3.7701981e-04  -1.4888515e-02   1.7296098e-04   4.3050207e-04   3.1244570e-04
  -4.9403839e-03  -4.7492299e-03  -1.7880367e-02   1.1701835e-04   4.3164277e-04   3.1733295e-04
  -2.9598346e-03   4.5122280e-03  -1.7089964e-02  -1.8783977e-05   4.0505036e-04   2.9318413e-04
  -3.1938161e-03  -3.1022446e-03  -2.6346656e-02   6.1391392e-05   4.9251205e-04   3.7536263e-04
  -1.3233561e-03  -5.8879471e-03  -2.1924312e-02   8.1528791e-05   4.8984480e-04   2.4493408e-04
  -7.7825282e-03  -1.2707304e-03  -1.5956005e-02  -2.4788917e-05   5.2622578e-04   2.8964002e-04
  -7.3845964e-03  -1.3000280e-02  -1.6480728e-02   1.6917992e-04   5.2749393e-04   3.6855626e-04
  -3.2106157e-03  -4.4564659e-03  -1.0015509e-02   5.6318168e-05   4.4415884e-04   3.1180225e-04
  -4.6916033e-03  -1.3388587e-03  -1.6143463e-02   2.1839951e-05   5.2151535e-04   3.4759846e-04
  -2.4720470e-03  -8.7021467e-03  -2.0589733e-02   2.2526941e-05   4.4234676e-04   3.3748264e-04
  -3.9273736e-03  -1.0840453e-03  -1.6580449e-02  -1.0522342e-04   4.4731656e-04   3.6401205e-04
  -5.8843113e-03  -7.5187615e-03  -1.5504971e-02   1.4333732e-04   4.6023670e-04   3.1775406e-04
  -6.0150447e-03  -5.9077026e-03  -1.0443695e-02   8.2741714e-05   4.7658602e-04   2.8322496e-04
  -7.9271206e-03   3.0296752e-03  -9.1093620e-03   4.8962447e-05   4.2658098e-04   3.4196221e-04
  -5.7370372e-03  -3.3298854e-03  -1.5609552e-02   2.6521021e-06   4.2657805e-04   3.6096334e-04
  -4.1744951e-03   1.3513933e-03  -1.8305957e-02  -2.5788469e-05   4.4398761e-04   2.9177983e-04
  -6.2731428e-03  -3.3165946e-03  -1.3532538e-02   1.1067769e-04   5.0869187e-04   3.2595612e-04
  -3.6965388e-03  -4.7771254e-03  -6.8226860e-03   8.4253703e-05   4.8407122e-04   3.6831173e-04
  -1.5939346e-03  -4.1667110e-03  -1.0937442e-02  -4.1342571e-06   4.6939367e-04   3.7011954e-04
  -4.5778986e-03   1.1574888e-03  -1.2948572e-02   7.0691070e-06   5.4574096e-04   2.2268849e-04
  -1.9357610e-03  -7.2188803e-03  -1.7529883e-02   1.2277235e-04   4.8212107e-04   3.4696028e-04
  -1.5908480e-03   5.4637423e-04  -1.8175510e-02   1.7859890e-05   4.3011631e-04   2.6838196e-04
   1.2246568e-05  -3.0106145e-03  -2.3576238e-02   4.3780967e-05   3.1924067e-04   3.3230683e-04
  -3.9122805e-03   5.6806178e-03  -1.8982001e-02   1.2954004e-05   3.9459305e-04   2.6477660e-04
  -4.7055644e-03   6.3054188e-03  -1.9734108e-02  -3.3337592e-05   5.2692888e-04   3.1679887e-04
  -4.3005173e-03  -3.2241409e-03  -1.7675853e-02   5.7687641e-05   4.8703819e-04   3.1943778e-04
  -9.0711525e-03   5.5680060e-03  -1.3708345e-02  -1.4822848e-04   5.7182205e-04   2.7156641e-04
  -5.0618696e-03  -5.3533238e-03  -1.1242756e-02   1.1476957e-05   4.7214326e-04   2.7911558e-04
  -8.6093125e-04  -6.0502249e-03  -2.3176101e-02  -4.5787070e-05   3.9994576e-04   2.3684113e-04
  -1.4800706e-03  -7.3004018e-03  -2.0756025e-02  -1.2530227e-04   4.6454932e-04   3.2129999e-04
  -4.0296075e-03  -1.8724110e-03  -1.8136653e-02  -2.0590274e-04   5.3938313e-04   2.0297306e-04
  -5.4225983e-03  -9.9817044e-03  -1.7909802e-02   6.6351466e-05   5.0183724e-04   3.0607229e-04
  -3.2080179e-03  -4.0406821e-03  -1.8678482e-02  -3.4775657e-05   5.5244601e-04   3.3590397e-04
  -4.6704372e-03  -1.3042126e-03  -1.6813753e-02  -1.5935288e-05   5.7596866e-04   3.1178760e-04
  -4.4616903e-03  -4.7460169e-03  -1.5056626e-02   4.9626740e-05   6.0462000e-04   3.9311515e-04
  -3.6547042e-03  -3.9829726e-03  -1.0793332e-02   9.6980319e-05   5.7887651e-04   2.7257903e-04
   2.3695084e-05   2.0743534e-03  -1.3540442e-02   7.0352161e-05   4.9663026e-04   3.1793831e-04
  -1.8267402e-03  -3.8316319e-03  -1.4457351e-02   4.0018969e-06   4.8704185e-04   3.4130380e-04
  -2.3609063e-03  -8.2881085e-05  -2.2480253e-02  -1.6563224e-04   5.2283525e-04   3.5175596e-04
  -2.9379577e-03  -2.6211496e-03  -2.7560382e-02  -1.3045389e-04   4.9795067e-04   3.0803716e-04
  -4.4230575e-03  -1.0949252e-02  -2.3920290e-02  -4.3397347e-05   5.1049454e-04   2.9924906e-04
  -2.7128922e-03  -3.0601846e-03  -2.5674429e-02  -8.5288842e-05   4.5845698e-04   2.9865843e-04
  -5.8889423e-03  -9.7667298e-03  -2.4999552e-02  -3.2217259e-06   5.2909778e-04   3.7258442e-04
  -4.1551948e-03  -7.0667679e-03  -2.0835982e-02  -4.9395382e-05   5.3184970e-04   2.8303853e-04
  -1.7718886e-03  -5.4027268e-03  -1.8170916e-02  -1.0356380e-04   5.0285439e-04   3.9469808e-04
  -5.1349335e-03  -7.7624087e-03  -1.3743704e-02   2.3442935e-05   5.2202248e-04   3.6254544e-04
  -1.5406349e-03  -7.0848573e-03  -1.6337558e-02  -4.4226341e-05   5.1299187e-04   4.1687040e-04
  -2.7223948e-03  -2.3607924e-03  -1.7802672e-02  -1.0607210e-04   5.2621070e-04   4.0125212e-04
  -4.2452799e-03  -9.1607816e-03  -1.9203545e-02   4.4427236e-05   5.8066142e-04   4.4583804e-04
  -3.1885773e-03  -9.5912557e-03  -1.6769440e-02   1.3970019e-04   5.7499718e-04   2.9411565e-04
  -3.1149246e-03  -4.3909610e-03  -2.0012906e-02  -7.3594562e-05   5.1423294e-04   3.9187719e-04
  -1.7518359e-03  -6.1648424e-03  -1.8046689e-02   9.6301139e-05   4.2936834e-04   3.7098359e-04
  -3.6779716e-03  -2.8399709e-03  -1.9150082e-02  -6.8435931e-05   4.3807627e-04   3.7112736e-04
  -4.2624926e-03   5.2986579e-04  -1.8802797e-02  -8.8130654e-05   4.0552111e-04   3.5345566e-04
  -1.7665267e-03  -3.9563625e-03  -2.3504562e-02  -1.5826343e-04   2.6147279e-04   4.0869827e-04
   1.9704923e-03  -3.9094550e-04  -2.9278032e-02  -2.3347561e-04   1.9865624e-04   1.4207578e-04
   1.8842704e-03  -6.4510666e-03  -3.0442984e-02  -1.8073624e-04   1.0497365e-06   3.9614306e-04
   2.6989651e-03  -2.9461621e-03  -2.5707108e-02  -1.6401258e-04   2.1344662e-04   3.5522601e-04
   6.6177469e-03  -3.9967130e-03  -2.4378454e-02  -2.4107742e-04   1.1565496e-04   4.5513562e-04
  -5.5999301e-04  -7.3665943e-03  -2.6518247e-02  -1.2733117e-04   2.1817891e-04   4.5800382e-04
   5.6367767e-04  -1.9822438e-03  -2.8620051e-02  -3.5436060e-04   1.9527646e-04   4.1764366e-04
  -3.4917789e-03  -6.3092764e-03  -3.1082228e-02  -2.4858278e-04   2.5728294e-04   4.3947456e-04
  -1.7542827e-03  -9.6767164e-03  -3.2588322e-02  -3.0855324e-04   2.5756890e-04   4.3254458e-04
  -1.0775775e-03   2.7271338e-03  -3.1502369e-02  -4.1021569e-04   1.6926437e-04   4.4518864e-04
  -1.7735219e-03  -2.6254733e-03  -3.4238118e-02  -2.3275849e-04   2.5864087e-04   3.6938712e-04
  -6.9627346e-04   2.3589970e-03  -2.5914786e-02  -3.5158121e-04   2.5275052e-04   4.4511735e-04
  -2.8180197e-03  -2.3484748e-03  -2.5939834e-02  -3.5694906e-04   2.4650846e-04   4.6163135e-04
  -3.0160070e-03  -1.3718249e-03  -2.1455353e-02  -3.2287459e-04   3.4792046e-04   4.0340727e-04
  -1.4449122e-03  -7.2535612e-03  -2.2793046e-02  -1.2756600e-04   3.0892115e-04   4.1879984e-04
  -4.7874167e-04  -7.7952835e-03  -1.8668765e-02  -1.8054603e-04   2.5164793e-04   4.1606685e-04
  -1.2242121e-03  -1.9476901e-03  -1.6835989e-02  -2.8820420e-04   2.8266096e-04   4.5813652e-04
   7.4132568e-04  -6.1122355e-03  -2.1049040e-02  -2.2443449e-04   2.4649530e-04   4.6230118e-04
   1.4095142e-03  -6.0833878e-03  -2.0659370e-02  -1.9425836e-04   2.8655766e-04   4.5852733e-04
  -3.3100303e-03   4.0221417e-05  -1.9348644e-02  -2.8834063e-04   3.7753230e-04   4.9898784e-04
  -4.2218844e-03  -4.1380656e-03  -2.0596123e-02  -2.1766084e-04   3.4525881e-04   5.2232829e-04
  -9.2623957e-04  -5.9110185e-03  -2.1038199e-02  -2.7839481e-04   3.4709213e-04   4.2564365e-04
   1.6334134e-03   3.3553182e-03  -1.9688216e-02  -2.9136471e-04   3.3158119e-04   4.2773821e-04
  -1.8308420e-03  -9.2736823e-03  -2.0158636e-02  -7.7314705e-05   3.5104895e-04   5.0084557e-04
   1.0754952e-03  -4.9623551e-03  -1.6858815e-02  -1.4896878e-04   2.9305788e-04   4.4338696e-04
  -2.6776767e-03  -3.0525505e-04  -1.7785775e-02  -3.1953591e-04   3.8988395e-04   4.5065898e-04
  -2.8690367e-03  -1.0510208e-02  -2.2552371e-02  -1.0699773e-04   3.5610336e-04   4.4381498e-04
   5.9251245e-04  -8.3901310e-03  -1.6536046e-02  -1.9538600e-04   2.9118414e-04   4.2317424e-04
  -2.8307880e-03  -5.5694074e-03  -2.0192321e-02  -2.9749263e-04   3.5426339e-04   4.2640355e-04
  -1.2778941e-03  -1.0822048e-02  -1.5452254e-02  -1.6382267e-04   3.0004354e-04   4.9573548e-04
  -4.1534393e-03  -4.5425097e-03  -1.7973423e-02  -1.6328923e-04   3.8460476e-04   3.3334047e-04
   2.8076583e-03   2.0388264e-03  -1.3482041e-02  -3.4007644e-04   2.1518847e-04   6.7100474e-04
   9.9798809e-04   2.5517054e-03  -1.8263886e-02  -2.8873910e-04   2.5182152e-04   6.0640198e-04
  -1.4472689e-03   5.9056147e-03  -1.5084401e-02  -1.6536304e-04   3.4068048e-04   4.6015134e-04
   9.2394185e-04   1.0967568e-02  -1.8121618e-02  -3.6228526e-04   3.7194142e-04   3.6257423e-04
   4.5877595e-04  -3.5885347e-03  -1.9299739e-02  -2.2140238e-04   3.5245535e-04   3.8634649e-04
