   0.0000000e+00   0.0000000e+00   0.0000000e+00   0.0000000e+00   0.0000000e+00   6.9388939e-18
   2.9465945e-03  -2.0610902e-03  -4.6753129e-03   8.6866079e-06   1.0708466e-04  -5.7054654e-05
   1.4662621e-03   4.7296194e-03  -5.6880399e-03  -1.3495544e-04   1.3408983e-04  -1.3986354e-04
  -4.2011965e-04   1.6338236e-03   1.6541273e-02  -4.4864524e-05   8.4222347e-06  -1.0324394e-04
  -4.1625282e-04  -5.5997771e-03   1.6779462e-02  -1.8442867e-04   1.1498542e-04  -9.4950334e-05
  -1.3500351e-03  -1.2811523e-02   1.7205627e-02  -1.7231563e-05  -6.0340608e-05   8.1148871e-05
  -3.7982758e-03   4.3921285e-03  -3.8315938e-03  -2.8731657e-04   7.1866910e-05  -5.5492622e-05
  -5.5132759e-03  -2.6479422e-03   1.0353595e-03  -5.9514299e-05  -5.9193582e-06  -1.3417361e-04
  -5.8254715e-03  -8.2574665e-03   9.3127406e-03  -6.3492889e-04  -2.0023126e-04   1.9785086e-04
  -1.9026774e-03  -1.1821301e-03  -1.8123469e-02  -2.6444813e-04  -8.9224940e-05   9.2141793e-05
  -6.3584394e-03   1.3121967e-02  -3.7700128e-02  -6.8696366e-04   7.2752510e-05  -9.0245345e-05
  -8.6063613e-03   1.8377052e-02  -1.3330368e-02  -3.9459724e-04  -1.5194108e-04  -1.4950212e-04
  -8.9948105e-03  -2.2373429e-03   1.3155408e-02  -2.3057546e-04  -2.9389000e-04   9.4365077e-05
  -4.2229410e-03  -7.8285714e-03   5.8490938e-03  -4.3498687e-04  -2.2643328e-04  -6.6966768e-05
   4.3500852e-04  -1.3965123e-02   5.5186925e-03  -3.9159322e-04  -3.4447736e-04  -4.6155654e-05
   1.1439565e-04  -4.5913040e-03   1.6690965e-02  -3.0641531e-04  -2.2727379e-04  -1.1372102e-04
   2.0609444e-04  -8.7768815e-03   7.0618700e-03  -9.0877074e-05  -3.6139769e-04  -4.4951617e-05
   4.1723040e-03  -1.0383757e-02  -1.1798810e-02  -3.4170899e-04  -3.5869739e-04  -3.1501847e-05
   4.5878192e-03  -1.0291840e-02   2.4018398e-03  -2.1160626e-04  -5.2580803e-04   3.2575151e-05
  -6.2280568e-04  -2.6892019e-03   7.2872654e-03  -1.5237181e-04  -4.7646432e-04   5.5657673e-05
  -3.9913111e-03  -2.7345737e-03   1.0652102e-02  -4.4054514e-05  -4.0526011e-04  -6.4094404e-05
  -3.1029805e-03  -4.2988338e-03  -1.2262454e-03  -2.6724593e-04  -2.9198838e-04  -6.9438255e-05
  -4.5407955e-03  -2.7548911e-04  -2.1233730e-02  -5.4575465e-04  -3.1701624e-04  -1.2406257e-04
  -3.8903108e-03   7.8413691e-03   4.9511860e-04  -2.1285717e-04  -2.0551658e-04  -6.8072235e-05
  -7.1125393e-03   1.1684153e-02   1.4152087e-02   5.4817153e-05  -3.2222705e-04  -1.6466058e-04
  -2.8072499e-04  -1.7884793e-02   4.7583491e-03  -2.4913678e-04  -2.9403617e-04  -5.6734013e-05
  -7.9740694e-04  -1.4316925e-02  -1.8583590e-03  -4.6123954e-04  -1.9599588e-04  -1.0385264e-04
  -1.5609039e-03   4.1092493e-03  -2.6831077e-02  -3.5666647e-04  -2.2798944e-04  -1.5322719e-04
  -5.3622766e-03   1.3019623e-02  -3.6607807e-02  -4.2988039e-04  -2.1206061e-04  -2.0588658e-04
  -6.3542025e-03  -5.4467813e-03   7.9023698e-03  -2.8209886e-04  -3.3801007e-04  -4.5824608e-05
  -1.6343393e-03  -1.9027001e-02   2.1734943e-02  -9.9997158e-05  -2.4704039e-04  -1.2464165e-04
  -9.2555641e-04  -1.8317447e-02   1.7319863e-02   1.1979972e-04  -3.4826968e-04  -6.4477359e-05
   3.3867110e-03  -2.9357924e-02   5.8338013e-03  -5.5296794e-04  -1.5583321e-04  -3.0224520e-04
   4.3572847e-03  -4.2551461e-03   4.6859414e-03  -3.2322727e-04  -1.5908331e-04  -9.4724494e-05
  -1.5031428e-03   1.7322191e-03   9.0988638e-03  -5.2182017e-05  -2.1183459e-04  -1.1969019e-04
   3.5257147e-03  -4.1679913e-03  -5.8829757e-03  -1.2023557e-04  -1.7484735e-04  -4.4517268e-05
   8.6918415e-03  -1.7695012e-02  -1.1678546e-02  -1.4032820e-04  -1.9101268e-04  -1.6025430e-04
   1.1362237e-02  -1.2524062e-02  -1.3816674e-03  -3.0496262e-04  -1.7105123e-04   1.8827657e-06
   4.8441066e-03  -9.0930463e-03   1.3340624e-02  -4.5639883e-05  -3.4239666e-04  -1.1316749e-04
  -1.5621258e-03  -4.4418041e-03   9.0851255e-03   6.2211501e-05  -3.0112715e-04  -9.8756075e-06
   9.9165671e-04  -5.6996860e-03   2.4363521e-04  -2.2745681e-04  -3.1501357e-04  -2.8291620e-05
   7.4481513e-03  -2.4163321e-02   1.8388127e-02  -5.1382123e-04  -4.0641912e-04  -8.9169131e-06
   4.4624761e-03  -1.1215528e-02   2.6005841e-02   6.8201315e-06  -1.7397210e-04  -9.7836714e-06
   5.1280628e-03  -8.0805567e-03   1.5700247e-02  -9.2201992e-06  -2.0355352e-04   3.8616394e-05
   4.1295832e-03  -1.1670830e-02  -4.2444504e-03  -2.0273905e-04  -2.3053737e-04  -1.9532502e-04
   6.0510646e-04  -1.9347188e-02   3.3993889e-03  -4.2771422e-04  -2.6231820e-04  -2.8657402e-04
   6.4033511e-03  -2.3694454e-02   1.4752945e-02  -4.8847437e-04  -3.7050572e-04  -1.6527606e-04
   3.8857653e-03  -3.3444437e-02   1.6823746e-02  -1.9610393e-04  -3.2547752e-04  -2.8898700e-04
   6.4308369e-03  -3.7409043e-02   6.6226078e-04  -2.6100312e-04  -2.8427032e-04  -8.6752440e-05
   1.5425679e-03  -4.7650971e-02   9.0361363e-03  -5.8734040e-04  -3.6272832e-04  -2.8399777e-04
   4.2591416e-03  -2.3975724e-02  -3.8714717e-03  -3.5109256e-04  -2.9644103e-04  -2.0068120e-04
   3.7584202e-03  -1.2596016e-02  -1.5514011e-02  -4.2822915e-04  -1.1284693e-04  -3.3278610e-04
   1.7915075e-03  -1.4992345e-02   3.6286661e-03  -3.5623080e-04  -2.5457532e-04  -3.6040766e-04
   1.0665504e-03  -2.2918542e-02   1.2421271e-03   3.1813411e-04  -3.8247616e-04  -1.1469228e-04
   4.6838846e-03  -2.8939245e-02  -1.4838307e-02  -1.5062139e-04  -2.0226077e-04  -1.7427240e-04
   5.1512451e-03  -2.3258619e-02  -4.7389938e-03  -2.4728951e-04  -2.8554661e-04  -1.5912599e-04
   2.7525903e-03  -1.4719719e-02   1.1320657e-02  -2.0549043e-04  -3.4555811e-04  -1.2154164e-04
   4.2779509e-03  -7.8105041e-03   1.2779599e-02   5.7166070e-05  -2.7576631e-04  -7.5495543e-05
   7.3003325e-03  -1.5511892e-02  -8.1018108e-03  -1.6531270e-04  -1.5489551e-04  -1.5823973e-04
   1.7107577e-03  -9.9251229e-03   5.5204992e-03  -3.0129898e-04  -2.3266200e-04  -1.4534956e-04
   3.5710157e-03  -1.5026469e-02   8.7204924e-03  -2.9746867e-04  -2.7403823e-04  -1.8893631e-04
   3.8800202e-03  -2.0925246e-02   1.2092885e-02  -9.0474043e-05  -3.1683661e-04  -2.1537353e-04
   2.6260065e-03  -3.3202882e-02   1.1269186e-02  -5.3428322e-04  -3.1164673e-04  -1.9574390e-04
   4.2343249e-03  -3.4426003e-02  -3.7690942e-03  -4.7032727e-04  -2.2463168e-04  -1.8561972e-04
   1.7921660e-04  -1.8397114e-02  -2.8714501e-02  -2.4059824e-04  -3.1151849e-04  -3.2510482e-04
   2.0317470e-03  -2.7345542e-02  -1.5166694e-02  -6.0329099e-04  -1.7375200e-04  -3.4070890e-04
  -4.8113583e-03  -2.4008044e-02  -1.4433931e-02   1.3139888e-04  -2.5500195e-04  -3.9009477e-04
  -2.7905229e-03  -1.2626464e-02  -3.1784388e-02  -2.0486571e-04  -3.0556633e-04  -3.0832264e-04
   1.3845226e-03  -1.7429595e-02  -1.1206199e-02  -4.1517297e-04  -3.5090530e-04  -3.7064565e-04
  -4.2893535e-04  -1.7208567e-02   1.0754438e-02  -5.9637336e-05  -1.5532430e-04  -1.8016966e-04
   9.9121904e-04  -2.8298326e-02  -3.7025701e-03   8.3249331e-05  -2.3004610e-04  -4.3878640e-04
   1.4507261e-02  -1.9114510e-03   5.5503119e-03   1.0031762e-03  -7.0878394e-05  -5.7368905e-04
   1.0319411e-01  -1.2216978e-02   1.2319333e-02   4.7837442e-03   4.7957444e-03  -2.6461724e-05
   3.7883319e-02  -1.2695661e-02   2.4365355e-02   6.6417029e-04   1.9910693e-04   4.6782516e-04
   3.1587559e-02   1.0841169e-02   2.6661563e-02   6.9085832e-04   2.8766097e-04   1.3191912e-04
   2.7327634e-02   1.0752269e-02   2.6742093e-02   6.3732373e-04   4.2802897e-04  -3.6998924e-05
   3.2334082e-02   3.5193986e-03   2.2444127e-02   7.0242893e-04   5.0346537e-04   6.2349436e-05
   3.1015995e-02   8.9481308e-03   3.5234413e-02   3.6960620e-04   3.1552486e-04   5.3782268e-05
   2.9365258e-02  -7.9555067e-03   2.6621485e-02   6.6017961e-04   2.2591437e-04  -3.9168653e-05
   3.7778738e-02  -2.0103383e-02   7.9420376e-03   8.2746312e-04   3.4897747e-04   3.3784274e-05
   3.7948374e-02  -1.8854085e-02   1.4519819e-02   7.2139724e-04   3.1126700e-04   1.2064624e-04
   3.6051119e-02  -1.9867063e-02   1.7842752e-02   7.1596725e-04   3.0013804e-04   1.4717385e-04
   3.6968166e-02  -2.9235758e-02  -4.2906910e-04   6.8115612e-04   3.1847952e-04  -4.2104439e-05
   3.3787135e-02  -2.4800868e-02  -1.9560003e-02   2.2900753e-04   4.3407957e-04   1.6266757e-04
   2.6092088e-02  -2.9942474e-02  -2.7453133e-02   7.6840211e-04   4.5757405e-04  -2.0034159e-04
   2.0361355e-02  -2.9138244e-02  -1.5845482e-02   1.0245257e-03   2.8719804e-04  -9.4851905e-05
   2.4511476e-02  -2.6004212e-02  -2.9390962e-02   9.7540610e-04   4.4446525e-04  -1.1990642e-04
   3.9325688e-02  -1.0730119e-02  -2.5756029e-02   3.1077702e-03   1.0586073e-04   2.2934427e-04
   2.3057502e-02  -2.2689736e-02  -2.8340611e-02   7.6571513e-04  -1.3243118e-04   7.2458966e-06
   2.1452353e-02   2.5902824e-02  -6.1370011e-03   9.6344763e-04   4.2413214e-05  -1.1406600e-05
   2.6443442e-02   1.9922616e-02  -6.0216716e-03   9.5532117e-04   4.3959240e-05   5.1473438e-05
   3.2367926e-02  -9.1783046e-04   9.1164198e-03   7.6340187e-04   1.1458020e-04  -8.2466044e-05
   3.3799808e-02  -1.0699075e-02   1.8227739e-02   8.1158908e-04   1.5663377e-04   2.5167235e-05
   3.1842026e-02  -7.8498950e-03   3.2695634e-04   1.0770186e-03   1.6633021e-04  -1.3125857e-04
   3.6585791e-02  -1.8398589e-02  -3.1324481e-03   7.5054231e-04   1.8515152e-04  -3.6730284e-05
   3.3604077e-02  -3.7685058e-02  -2.5446639e-03   7.1264417e-04   1.9375757e-04  -6.7378230e-05
   5.3586385e-02  -1.0371844e-01  -1.1509284e-01  -2.0506425e-03   1.7111050e-03  -4.1843370e-05
   1.4597884e-02  -3.8797526e-02  -8.7150670e-02  -1.2021560e-03  -2.0724629e-03  -9.3864554e-04
   3.1719013e-02   1.2941783e-02   3.3773720e-02  -9.4767748e-06   3.9942609e-04  -7.4280586e-04
   4.7847510e-02  -9.1974706e-03   6.8692807e-04   7.9022551e-04   5.6691705e-04   6.8039242e-04
   2.6890691e-02  -5.3530763e-02  -3.4012962e-02  -4.4413903e-04   4.5530923e-04   1.8688284e-04
   2.8491640e-02  -2.7311521e-02   5.3176590e-03  -5.7457974e-05   7.1624926e-04   2.2536483e-04
   2.8361349e-02  -2.2892457e-02   2.0675958e-02  -1.8068270e-04   7.3675562e-04   2.7073522e-04
   3.0381943e-02  -3.0051401e-02   2.0158493e-02  -1.7425429e-04   5.6483740e-04   3.0727350e-04
   3.4121441e-02  -3.8339614e-02   8.0585600e-03  -2.8564069e-04   5.3453792e-04   4.6998758e-04
   3.6116464e-02  -3.9290079e-02   1.6516370e-03  -3.5154544e-04   4.9963652e-04   3.0514641e-04
   3.2852867e-02  -4.5480942e-02  -1.1943379e-03  -3.5415170e-04   6.1700367e-04   2.6686903e-04
   3.5734075e-02  -3.3540640e-02  -1.0253255e-02  -3.4737319e-04   3.2592410e-04   4.6016616e-04
   3.0905371e-02  -4.2504077e-02   7.0568461e-03  -4.2247045e-04   4.8087791e-04   3.3676993e-04
   3.6412307e-02  -4.6642402e-02   1.2563712e-02  -4.0097460e-04   4.3289281e-04   5.3115829e-04
   3.3503598e-02  -4.5952771e-02  -5.3864846e-03  -5.1057404e-04   4.7718942e-04   2.5279898e-04
   3.3522093e-02  -3.7683015e-02  -2.9506907e-03  -4.4798218e-04   3.1232356e-04   4.0445609e-04
   3.5092467e-02  -3.3824815e-02   3.1162288e-03  -4.8047052e-04   4.2416894e-04   3.6600205e-04
   3.9233829e-02  -2.9825148e-02  -5.5033382e-04  -5.3356049e-04   4.2890714e-04   5.8247201e-04
   3.9206116e-02  -4.4422102e-02  -1.1140298e-02  -5.5711282e-04   3.7837467e-04   3.4961537e-04
   2.6882009e-02  -1.4210341e-02   1.6634100e-02   4.5868121e-04   7.8766224e-05   3.2146660e-04
   4.4981841e-02  -5.1282448e-03  -1.4382803e-02   4.8094285e-04   4.0799012e-04   2.2604409e-04
   2.3315829e-02  -3.0168274e-02   4.4030317e-03  -3.1123551e-04  -7.7123347e-05   1.3793010e-04
   3.2152080e-02  -5.6348866e-02  -2.5177747e-03  -2.7235628e-04   4.0920634e-04   7.6538734e-05
   3.6653914e-02  -5.6712320e-02  -6.2737305e-03  -2.6248394e-04   6.0132555e-04   3.7656376e-04
   3.5074499e-02  -3.8495729e-02   5.9878724e-03  -9.3423316e-05   6.0489634e-04   4.0214032e-04
   3.7195070e-02  -3.2561836e-02  -5.3975839e-02   2.0192502e-05   6.9854469e-04   3.3532384e-04
   3.3120601e-02  -1.4662814e-02  -3.2116844e-02  -4.8126148e-04   5.7684559e-04   2.5851613e-04
   3.3150764e-02  -4.4206568e-03  -1.3029027e-02   9.5617868e-05   4.1711066e-04   2.2451378e-04
   3.0245536e-02  -2.9925807e-02   6.9553581e-03  -1.1633251e-04   3.6026646e-04   3.3022448e-04
   3.3581594e-02  -3.7037224e-02   1.2712066e-02  -3.2985693e-06   3.8901714e-04   2.0196284e-04
   3.9247364e-02  -5.1706063e-02   1.5188175e-03  -1.5349298e-04   4.7335840e-04   1.8680403e-04
   4.1055813e-02  -5.8986080e-02   8.0520610e-04  -1.6485624e-04   3.3164918e-04   4.0612228e-04
   4.7760328e-02  -4.7754026e-02   1.9593621e-03   4.4214452e-04   4.9965965e-04   2.5137139e-05
   4.6558110e-02  -6.4902396e-02  -2.8243721e-02  -5.9815431e-05   3.0891224e-04  -9.3706061e-05
   4.1120523e-02  -4.5554190e-02   4.8981156e-03  -1.8280722e-04   5.7377286e-04   1.1358259e-04
   3.7734029e-02  -5.6141616e-02  -1.2338065e-02  -3.9790366e-04   5.3277700e-04   5.2955023e-05
   3.4577145e-02  -3.1460340e-02  -3.6479095e-02   7.6345931e-05   2.9595193e-04  -5.1204043e-05
   2.8897304e-02  -1.7562416e-02  -4.2908996e-02   2.8227603e-04   4.6616807e-04   9.9663377e-05
   3.0854872e-02   1.5190552e-02  -2.6851961e-02   1.4434702e-03   5.5591419e-04   2.5726148e-04
   3.2363550e-02   8.3311213e-03  -4.0618841e-03   9.9031584e-04   5.7429048e-04   3.0543427e-04
   3.4246942e-02  -7.7115047e-04   3.4811883e-03   8.1694252e-04   3.2482835e-04   3.8945033e-04
   3.8984159e-02   2.5358010e-03   5.6911769e-03   7.4818307e-04   3.4169264e-04   3.3319109e-04
   3.6322701e-02  -7.1719099e-03   7.9159784e-03   1.1938494e-04   4.4629956e-04   2.7754428e-04
   3.9584806e-02  -1.3577571e-02  -2.4786912e-03   2.3945898e-04   3.9923971e-04   1.4294969e-04
   4.0451613e-02  -1.6899198e-02   6.2783059e-03   7.9760497e-06   4.5599011e-04   4.1560400e-04
   3.8799993e-02  -1.1865826e-02   4.8868380e-03   3.1280554e-05   4.5522204e-04   3.0188708e-04
   4.0437509e-02  -4.9507906e-02   2.4545740e-04  -3.8708000e-05   4.3955592e-04  -6.4793126e-05
   3.4040157e-02  -5.0771710e-02   1.2814647e-02  -2.1824358e-06   4.9642250e-04   5.3693535e-05
   3.6814687e-02  -4.1561758e-02  -2.2062174e-02  -3.1551981e-04   5.1194237e-04   1.8405258e-04
   3.4911285e-02  -2.8167687e-02  -5.7081142e-02  -2.0577185e-04   3.5066839e-04   1.4934398e-04
   2.8798548e-02   1.3508511e-02  -5.6077532e-02  -1.3593196e-04   4.0799560e-04   2.2689299e-04
   1.9224615e-02   3.9741956e-02  -2.5788120e-02   6.0273188e-04   3.7853104e-04  -6.3246399e-05
   2.0488710e-02   3.1824955e-02   2.4168054e-02   1.3959856e-03   5.2040235e-04   6.0505460e-05
   3.0986136e-02   1.0171272e-03  -3.5960688e-03   6.8695358e-04   5.8601890e-04  -1.4888825e-04
   3.2693337e-02  -3.7581781e-03   1.1805932e-02   5.0873445e-04   5.5711816e-04   1.3241318e-06
   3.1593034e-02  -9.6457847e-04   5.1980093e-03   4.9904026e-04   5.1822708e-04   8.8476771e-05
   2.7876581e-02   1.3391076e-03   5.2196179e-03   4.0271963e-04   4.4406414e-04  -1.8916179e-04
   2.8988833e-02   2.5068582e-04   1.4284160e-02   6.1406117e-04   3.4390849e-04  -4.0153695e-04
   6.9817688e-02   1.3444783e-03  -2.8771995e-02   5.7377531e-03   9.3789969e-04  -4.9981310e-04
   1.9557778e-02   2.1734058e-02  -8.1475846e-02   8.4045937e-04   1.2040091e-03  -9.6160744e-04
   4.3184498e-02   6.9073781e-02   2.6313676e-02   6.8374804e-04  -2.5115341e-04   8.6674262e-04
   3.9476029e-02   5.7519719e-02   1.7805277e-02   1.4234886e-03   4.9955063e-04   1.9140283e-05
   4.2615048e-02   4.6188714e-02   1.8980799e-02   1.0999577e-03   3.4386437e-04   5.3573388e-05
   4.6592409e-02   3.5473363e-02   2.6266346e-02   6.3493184e-04   3.3835092e-04  -6.9823067e-05
   4.0129246e-02   4.7699661e-02   1.8718052e-02   1.0183264e-03   3.7922783e-04  -1.8232497e-05
   4.2462200e-02   3.2592634e-02   2.3056605e-02   8.9062545e-04   3.3117776e-04   4.3336560e-05
   4.6262778e-02   4.5079625e-02   1.2230411e-02   8.2803942e-04   4.5333365e-04   8.5047089e-05
   4.3688971e-02   4.3101891e-02   1.6565406e-02   6.1750719e-04   2.5151467e-04   7.7069297e-05
   4.3249174e-02   3.5127526e-02   2.8598388e-02   9.2033667e-04   3.0339079e-04   3.3081586e-05
   3.9204682e-02   2.1405308e-02   2.4418069e-02   5.6049705e-04   1.9905837e-04   1.0623723e-04
   4.6600402e-02  -1.8261840e-03   1.4775435e-03   7.4023974e-04   2.5509538e-04   4.1178493e-06
   4.6078617e-02   1.5148530e-02  -4.1545279e-02   1.1686173e-03   2.5391579e-04   2.2838926e-04
   3.4382972e-02   3.6065263e-02  -3.8973472e-03   5.6294605e-04   1.9045516e-04   1.3284236e-04
   3.2440667e-02   1.6631310e-02   2.4673191e-02   6.4447466e-04   5.7184943e-05  -2.9965967e-05
   4.3054007e-02  -2.0353897e-02  -4.4580011e-03   5.4094186e-04   1.7649693e-04  -9.9488871e-05
   4.5561038e-02  -9.6303515e-03   1.5440258e-02   6.4607341e-04   5.6930299e-04  -2.5503172e-04
   4.4194602e-02  -1.0879523e-02  -3.5597681e-02   8.5770725e-04   4.4365265e-04  -2.0732242e-04
   4.6820247e-02   2.4801782e-02  -5.8274009e-02   1.0071511e-03   1.7013400e-04  -9.9055285e-05
   3.3092646e-02   3.2846290e-02  -3.0321725e-02   4.5181285e-04   2.9121186e-04   4.4397271e-05
   3.1081836e-02   4.0624073e-02  -6.6262667e-03   7.9155162e-04   4.9152357e-05  -4.3567621e-05
   3.1836281e-02   7.0353237e-03   2.1305241e-02   5.8236292e-04   4.3785343e-05   7.5611779e-05
   2.9052128e-02   1.9195578e-02   3.5111573e-02   1.0269034e-03  -1.5505185e-05  -1.8613887e-04
   4.3585182e-02  -3.8048854e-02   1.0792187e-02   7.2645786e-04   1.9558113e-04  -4.8843234e-05
   4.2669069e-02  -5.2156610e-03   2.3669141e-02   9.3031837e-04   2.3165915e-04  -2.8912999e-04
   3.9001900e-02   1.0606999e-03   2.4152574e-02   5.1008142e-04   3.7816007e-04  -1.8659885e-04
   4.5476435e-02   8.8509912e-03   1.9617211e-02   9.0107876e-04   2.2969931e-04  -1.9503473e-04
   4.1400081e-02   1.9635141e-03   1.6584341e-02   5.2753515e-04   3.7517662e-04  -4.9370667e-05
   4.3316987e-02   1.0379411e-02   1.5942296e-02   4.3361891e-04   3.6932718e-04  -3.2778574e-04
   4.7161668e-02   1.3304009e-02   1.5388995e-02   1.0151477e-04   2.7551078e-04  -1.2743023e-04
   4.6136183e-02   1.6551074e-02   1.0725531e-02   4.6763020e-04   3.7176866e-04  -1.6057474e-04
   4.1726401e-02   2.0512556e-02   9.0393095e-03   4.9297355e-04   3.1017706e-04  -1.7408648e-04
   3.9489876e-02   2.6032878e-03   2.5033117e-03   6.9717402e-04   1.8778872e-04  -3.6805172e-04
   4.5057636e-02  -1.1172699e-02   1.8947224e-02   5.2493178e-04   3.8773481e-04  -3.6803812e-05
   4.4830015e-02  -1.7084556e-02   8.9529535e-03   2.6972047e-04   2.9247141e-04  -5.7334539e-05
   4.2146254e-02  -1.2284914e-02  -4.2479025e-02   3.5479909e-04   3.4442282e-04  -1.6663825e-04
   3.8855527e-02   2.2568933e-02  -3.8258972e-02   1.0398796e-03   3.1032970e-04  -3.5763589e-04
   3.1978303e-02   2.0958537e-02  -3.4417789e-03  -7.0996675e-06   3.1681929e-04   1.8991188e-04
   5.8432294e-03   6.2316608e-02  -7.1846973e-02   2.5500679e-03  -8.9428985e-04   8.1182483e-04
   7.7392652e-02   8.4510902e-02   5.7562927e-02  -1.8995778e-03   4.3006893e-03   7.6126832e-04
   1.9094508e-02   2.3791159e-03   1.3119434e-02   2.2461857e-04   4.8517306e-04  -1.9383210e-04
   2.8482402e-02   7.9785670e-03   2.2006421e-02   4.9848142e-04   4.0212690e-04   1.9779716e-04
   2.6559332e-02   2.5025473e-03   3.0334305e-02   2.7878820e-04   4.1610282e-04   2.8949993e-05
   2.8511898e-02   4.1899236e-03   2.1786755e-02   1.2499341e-04   5.4748829e-04   3.8142700e-05
   3.1216819e-02   6.9355312e-04   1.1997360e-02   1.0080802e-04   4.2871407e-04  -3.2066784e-06
