   0.0000000e+00   0.0000000e+00   0.0000000e+00   0.0000000e+00   0.0000000e+00   1.1754944e-38
   3.3339952e-03  -1.2646092e-03   8.1381037e-04   1.6977130e-04  -3.0980652e-05   6.3116350e-05
   1.1921458e-03  -7.3023577e-03   9.3225458e-04   2.8518906e-04  -3.1346075e-05   1.4322002e-05
  -3.6134658e-03   1.8807805e-03  -1.4785368e-02  -2.0164984e-04   1.5586778e-04   2.3717839e-05
   5.0985031e-04  -6.1893481e-03  -9.0643956e-03   2.1488782e-04   1.1408820e-04  -8.3311540e-05
   3.8959431e-03  -3.7024407e-03  -1.9819426e-03   5.6220293e-05  -9.4943759e-05   2.9187635e-05
  -1.4268787e-03  -7.9775958e-03  -6.6200143e-03   7.9820323e-05   2.2936206e-05  -1.7355800e-05
   3.3288087e-03  -1.3146520e-02   5.1434088e-03  -8.6889690e-05   3.6062411e-05  -2.6620040e-05
  -7.9019560e-05  -2.5118609e-02  -6.4154637e-02   2.7926861e-03  -1.9915685e-04  -3.5134625e-04
   5.1282746e-03  -9.7846656e-03   2.0384548e-02   3.0975383e-04   9.3510335e-05   7.2737756e-07
   5.2029843e-03  -2.0995979e-02   2.7643528e-02   1.0502981e-03  -7.0559241e-06   5.5439729e-05
  -3.7766301e-03  -1.9872902e-02   1.5568414e-02   1.8105239e-03  -9.9889114e-05  -8.7054997e-05
  -5.0483392e-03  -1.3690471e-02   1.1177623e-02  -2.0630421e-04   1.3038873e-04   2.1124681e-04
   2.0653054e-03  -1.2065151e-02   1.7084883e-03   6.8318169e-04   8.2597506e-05  -7.0908321e-05
   4.3654300e-03  -1.1295279e-02   8.2756551e-03   9.7036550e-04   6.9494032e-05  -2.0009998e-05
   2.4287588e-03  -1.0253946e-02   1.4440385e-02   3.5140387e-04  -1.7496768e-04   1.3615482e-04
  -3.5828146e-03  -1.6702129e-02   5.9037713e-03   4.3873183e-04   2.0690992e-05   3.2592255e-05
  -1.6400839e-03  -5.0848440e-03  -2.3634348e-03  -8.8140284e-06  -1.1482384e-04  -3.2006229e-05
  -3.1123542e-03  -1.9482568e-03   3.8065677e-04   3.5166162e-04  -2.7903003e-05   2.5300262e-07
   1.5100726e-03   4.8505829e-03   5.6983661e-03   2.6106881e-04  -1.4258023e-05  -1.2442041e-05
   3.0112708e-03  -5.2782530e-03  -1.5936437e-03   3.2895389e-04   1.3720818e-04  -7.0885050e-05
   5.1570185e-03   1.4499911e-03   1.8375705e-02   1.4166002e-03  -2.6271621e-04   1.9998203e-05
  -2.0086052e-03  -1.7201642e-03  -9.0011757e-03   6.2310383e-04   4.8381787e-06  -6.3952333e-05
  -8.4726897e-04  -2.8348228e-03   9.2254781e-03   2.9350433e-04  -1.3426668e-04  -8.6318129e-05
  -3.9271217e-03  -8.4223097e-03   3.8255074e-02   1.0059121e-03  -2.4627161e-04  -7.3524502e-05
  -4.3350697e-03  -3.7348146e-02   2.6766752e-02   1.8055498e-04   4.5109478e-05   7.8675951e-05
  -2.6061728e-03  -8.5430933e-03   1.6816156e-02   3.4000397e-04   1.5335532e-04  -1.1696580e-05
  -3.3276115e-03  -2.3294645e-03   2.5399530e-02   3.4946937e-04   2.3918537e-04  -5.4996484e-05
   1.6088289e-03   8.0680229e-04   4.4974080e-03   3.0109464e-04   7.7073069e-06   8.1602833e-05
   1.6959232e-03  -1.1462703e-02   6.8819129e-03   3.4494397e-04  -4.7113620e-06   1.5343831e-05
   1.7488555e-03  -1.1383840e-02   5.5485164e-03   3.2394590e-04  -4.7212882e-05   2.6001650e-06
   1.3692977e-04  -1.4578124e-02  -1.2822564e-03   2.0610119e-03  -2.1463724e-04  -2.7053956e-04
  -6.6800829e-03  -1.9529392e-02   2.2690005e-02  -9.2169549e-04   2.3157900e-04  -9.3556014e-05
   2.1429887e-03  -3.1483101e-02   3.7249206e-02   1.4965447e-04  -2.2579961e-04   1.0700475e-04
   2.5944276e-03  -3.1878807e-02   3.1040097e-02   4.7782771e-04  -1.4112258e-04   1.4391132e-04
  -1.4637031e-03  -2.0654140e-02   3.5802130e-02   2.2882335e-04  -8.6602057e-05   1.2251815e-04
  -6.2395741e-03  -1.8637229e-02   8.1356378e-03  -1.5102989e-04   1.4526586e-05   7.9220275e-05
  -1.1182479e-03  -1.2483700e-02   1.5104890e-03  -1.2475983e-04   2.3157124e-05   5.2328719e-05
  -3.1637017e-03  -1.0716006e-02  -1.3258773e-04   4.6289702e-04  -1.3815371e-04   6.6512054e-05
  -4.9843231e-03  -1.7398431e-02  -5.3897317e-03   5.6919955e-04  -5.1388417e-05  -1.1534061e-05
  -2.7838003e-04  -2.5034985e-02  -1.1099039e-02   1.1849546e-03   1.9228763e-04  -2.0205558e-05
   2.3151346e-03  -8.8163688e-03   1.3589501e-02   6.2503699e-04   8.4664184e-05  -7.6293427e-05
  -2.1960249e-03  -1.2223317e-02   7.1299819e-03   6.9837512e-04   5.1248935e-05   9.5547907e-05
   4.3807799e-04  -2.2536664e-03  -8.3344096e-03   5.3732551e-04   1.0760120e-04   1.2637569e-04
   5.2324420e-03  -1.0941088e-02  -3.3305905e-02   1.9178106e-03   6.4280770e-05  -1.6847484e-04
   3.9510498e-03  -5.3715931e-03   2.9671109e-03   7.9248899e-04   2.4950407e-04   2.4274419e-05
   2.3415172e-03  -9.3670597e-03   4.6350362e-03   1.1467115e-03   3.6144762e-05   8.5790874e-05
  -1.3906044e-03  -1.1031321e-02   1.0303134e-02   9.2948182e-04  -2.9436431e-05   2.9648352e-05
  -2.0188899e-03  -1.2410715e-02   1.3911971e-02   7.1341599e-04   1.5922736e-04  -3.5671846e-05
  -2.1954593e-03  -4.9298104e-03   1.4990437e-02   7.4482068e-04  -2.9028330e-05   3.4174686e-05
   2.2441124e-04  -1.8607059e-02   1.2248284e-02   6.2266660e-04   5.9709971e-05   1.2124377e-05
   6.9495034e-04  -2.0016882e-02   9.9750908e-03   7.0280165e-04   9.2285689e-05   2.9271375e-06
   3.0876291e-03  -1.5972577e-02   1.0342150e-02   6.7307855e-04   1.3892112e-04   1.7807995e-05
  -2.3763044e-03  -3.7958577e-02  -8.0159268e-03   9.7197329e-04   1.6091125e-04  -3.0207030e-04
  -8.4201469e-04  -1.2931156e-02   7.1490485e-03   3.2816452e-04   1.1042651e-05   1.1742038e-04
  -3.9819626e-03  -1.4433749e-02   1.0492811e-02   6.1506625e-04  -2.2693948e-05   1.8628717e-06
  -3.4344691e-03  -1.7715300e-02   9.9552354e-03   6.6856887e-04   9.6423096e-05  -3.6738399e-05
  -1.8742755e-05  -1.7037227e-02   1.3153711e-03   8.5256155e-04   2.3971437e-04  -1.0718040e-04
   3.6656900e-03  -4.8832895e-03  -1.1599817e-02   5.6902222e-04   9.6092218e-05   6.8058585e-05
   7.5925826e-03  -6.9729202e-03  -1.8023758e-03   7.1564160e-04   2.5451200e-04  -2.7552338e-05
   6.2859425e-03  -1.5161243e-02   2.7301778e-03   1.0276628e-03   1.8182005e-04   1.7571782e-05
   6.0209180e-03  -7.4747051e-03   1.0504334e-02   1.1520275e-03   1.0536208e-04   1.4929973e-04
   9.2358521e-03  -1.3762535e-02   1.5566884e-03   4.5455018e-04   2.6902355e-04   3.3200705e-05
   5.8035591e-03   2.3018049e-03   9.5641105e-03   1.3297839e-03   9.4929321e-05   1.0207467e-04
   2.9304505e-03  -4.1358981e-02  -1.2636263e-02   2.0478979e-03   1.4867359e-04  -4.4142939e-04
   4.0284929e-03  -6.1986573e-03   1.6781746e-02   8.1299401e-04  -8.1400190e-05  -3.4544281e-05
   2.1287628e-03  -8.8052983e-03   1.3161293e-02   1.0548990e-03   6.7308862e-05  -5.2360765e-05
   2.1635884e-03  -9.8683758e-03   3.1765241e-02   1.4403917e-03   5.4517808e-06  -9.1988602e-05
   1.7644588e-03  -9.7370921e-03   1.2751191e-02   1.2099073e-03   1.6860038e-04  -8.6765745e-05
   2.9632597e-03  -1.4593348e-03   1.8503889e-02   1.0980685e-03   1.0237389e-04  -5.8084188e-05
   1.4779137e-03  -7.4001624e-03   2.4671836e-03   9.8497034e-04   8.9986418e-05  -9.0982135e-06
   8.0161207e-04  -2.2699956e-02   1.7565520e-02   1.1427909e-03   2.1443872e-04  -1.5849237e-04
   3.5479066e-03  -1.8264116e-02   2.9924994e-02   1.3377035e-03  -5.2163800e-05   3.2134498e-05
   1.8363120e-03  -2.3041658e-02   1.8137886e-02   1.2226512e-03   9.3728154e-05   3.5439175e-05
  -4.0263447e-03  -2.1960290e-02   4.9917722e-03   9.5257684e-04  -2.4496111e-04   1.9678073e-05
  -3.3163339e-03  -2.9492601e-03   1.9873578e-02   1.0252479e-03   1.0770780e-04  -1.1871063e-04
  -3.0022658e-03  -3.2826102e-03   3.2967178e-02   1.2330800e-03   2.2222437e-05  -8.0161919e-05
  -2.1356199e-03  -4.8233680e-02   3.1271058e-02   3.8770238e-04   2.8565996e-04  -5.4253627e-04
  -5.5146498e-03  -2.8233402e-02   6.7959342e-03   1.6813027e-03   1.2286080e-04  -1.6620191e-04
  -1.7642548e-03   4.7103029e-03   1.6662671e-02   2.7415202e-04  -9.0267794e-05   2.2073641e-04
  -3.8391203e-03   1.9705479e-02  -4.0425560e-03   8.1579746e-04   2.7183529e-04  -1.4065321e-04
  -1.1405901e-02   4.0703374e-02   2.5460441e-02   2.7320522e-03  -3.1261948e-04  -1.1027207e-05
   9.7441396e-04   7.8157464e-03   3.3304701e-03   1.2148292e-03   3.5338563e-04  -8.1396284e-05
  -2.0171698e-03  -4.4659816e-03   2.8697026e-02   1.1887076e-03   1.4330243e-04  -5.1541458e-05
  -6.3127803e-03  -1.7417075e-02   5.0109435e-02   1.4573013e-03   4.4433776e-05  -4.5934217e-05
  -1.4352870e-02  -9.6435601e-03   6.9002705e-02   1.8735463e-03  -1.0856775e-03   1.9540905e-04
   1.0554121e-02  -3.4213835e-03   7.0918462e-02  -1.0218669e-03  -4.0273692e-04   3.8863770e-04
   2.3421922e-04  -1.0082037e-02   4.5978520e-02  -8.8417252e-04   1.4566749e-04   8.9017138e-05
  -1.9833971e-03  -2.7845287e-03   8.1488116e-02   7.4904541e-04   2.2208414e-04   3.0753388e-05
   4.3787793e-04  -7.0775303e-03   3.7139657e-02   8.4646411e-04  -5.8145061e-05  -1.5322277e-04
   8.6735980e-04  -8.4704581e-04   2.3863867e-02   8.5270591e-04   1.1179024e-05   1.3174208e-05
  -7.6334563e-04   3.0730836e-04   2.5919245e-02   8.7489731e-04   1.0867867e-04  -1.6816477e-04
  -5.4904088e-04   3.2638507e-03   9.2872585e-03   5.9068191e-04   1.4473464e-04  -1.6693431e-04
   5.9681463e-04   1.8091346e-03   7.6640803e-03   8.9013158e-04   2.1825167e-05  -2.3474898e-04
   1.3415166e-04  -6.3634122e-04   1.6474160e-02   1.2824642e-03   4.9660689e-05  -1.2305814e-04
   1.2846755e-03  -8.1470012e-03   2.4224588e-02   1.1392955e-03  -3.9741755e-05  -7.6440843e-06
   4.0842825e-03  -6.5874734e-03   1.2018512e-02   8.3411702e-04  -3.2477246e-05  -1.7775605e-05
   3.1980761e-03  -8.1057106e-03   1.1462343e-02   8.0265492e-04  -4.4008374e-06  -5.5559406e-05
   3.1566965e-04   1.0026032e-03   6.4344571e-04   9.2002954e-04  -1.3432886e-05   1.9917001e-05
  -3.2321986e-03   9.6021692e-04   5.2983205e-03   1.3146216e-03  -2.4225370e-05  -8.5119897e-05
  -6.0378828e-03  -1.6778676e-02  -6.4258299e-04   2.5074889e-03   1.2855894e-04  -5.0432719e-04
   3.9983741e-04  -1.1104070e-02   2.0230092e-02   8.9619014e-04  -4.1440610e-04   1.3400999e-06
   2.2114415e-03  -8.7885952e-03   2.8270038e-02   1.6352090e-03  -1.4685400e-06  -2.6353622e-04
   6.7437644e-03  -6.1059928e-03   3.3408227e-02   1.2735019e-03   1.0505347e-04  -2.5561804e-04
   4.6426990e-03  -5.8868340e-03   1.4353835e-02   1.1533545e-03  -1.2806861e-04  -1.9242296e-04
   9.0853440e-03   4.4021722e-03   1.1043809e-02   1.1935206e-03   9.4825465e-06  -2.5611931e-04
   6.4665627e-03  -3.7121986e-03   1.8656864e-02   1.5248071e-03   9.1388294e-05  -2.9616338e-04
   6.9978172e-03  -2.7982381e-03   7.6007960e-03   1.2302230e-03   1.8468798e-05  -1.8495058e-04
   5.3537084e-03  -1.8566482e-03   1.8781348e-02   1.2683420e-03  -5.2084789e-05  -1.0187329e-04
   4.4670649e-03  -1.0673141e-02   2.5131898e-02   1.3139454e-03   1.4836741e-04  -2.9857610e-04
   5.1098867e-03   2.5717907e-03   2.5222990e-02   1.4682650e-03   3.8286737e-05  -1.2498258e-04
   6.1290544e-03   7.0224601e-03   1.5304424e-02   1.2770485e-03   4.4486710e-05  -2.4613203e-04
   5.2317507e-03  -8.3439615e-03   1.0799906e-02   1.1236100e-03   7.2626036e-05  -4.3799193e-04
   5.3032105e-03  -3.7296522e-03   2.5961509e-02   1.1544064e-03   3.7745233e-05  -2.7662959e-04
   5.4417692e-03  -3.0056430e-03   3.7132069e-02   1.4483551e-03   3.3428958e-05  -2.8158524e-04
   4.1320971e-03  -1.8277476e-02   4.3705101e-02   1.5195211e-03  -1.8961456e-04  -1.5782960e-04
   6.7668604e-03  -1.0805428e-02   4.2328100e-02   7.9769052e-04  -3.0275920e-05  -1.4320626e-04
   3.9376528e-03  -3.5726147e-03   2.6187212e-02   1.4254557e-03   3.6082750e-05  -2.0082770e-04
   6.8042641e-04  -7.7643247e-04   2.0959292e-02   1.1629226e-03  -4.0379053e-05  -2.5763799e-04
   2.0060237e-03  -3.2385593e-03   1.5711137e-02   1.2437753e-03  -5.5138971e-05  -1.7084546e-04
  -2.4825110e-04  -5.0427116e-03   1.8391188e-02   1.0802152e-03  -6.3085382e-05  -2.7426778e-04
  -9.7823418e-04  -1.2068387e-02   3.0094048e-02   1.3055122e-03  -4.0701476e-05  -3.2068670e-04
   7.3166710e-04  -5.9683531e-03   2.6641714e-02   1.3253649e-03   4.2134003e-05  -2.5841435e-04
  -6.0838023e-03   1.1148537e-03  -3.8550614e-04   1.3728071e-03   3.5864967e-04  -3.6291361e-05
  -1.0365909e-03  -2.3303772e-02   3.1422373e-02   3.2679312e-03  -7.3204049e-04  -3.1474647e-04
  -1.7764029e-04   2.2493886e-04   3.1329508e-02   1.6616010e-03  -1.3656966e-04  -2.5442185e-04
   1.1391866e-03  -1.0715405e-02   1.8650395e-02   2.6179102e-03  -6.1232380e-05  -5.0533737e-04
   1.4635288e-03   2.8646371e-04   4.3264791e-02   1.8643960e-03  -3.6719877e-04  -1.5153429e-04
  -2.4415831e-03  -1.0047694e-02   5.8822952e-02   1.9967174e-03  -2.1781750e-04  -2.1621206e-04
  -3.2243079e-03  -2.3967249e-02   7.2928938e-02   2.2546433e-03  -1.3755508e-04  -2.7387322e-04
  -2.5064136e-03  -9.5946411e-03   5.5518722e-02   1.7391786e-03  -1.4411293e-04  -1.0450091e-04
   4.4193332e-04  -1.1427277e-03   3.2204084e-02   1.4197444e-03  -5.3707917e-05  -1.8101228e-04
   4.7486717e-03   2.4884956e-03   2.3660904e-02   1.4618860e-03  -4.4125950e-05  -2.0512977e-04
   8.2044221e-04  -2.2436358e-03   2.7693790e-02   1.6042758e-03   3.8319581e-05  -2.1583362e-04
   3.5606353e-03   5.5144487e-04   2.9163696e-02   1.5912461e-03   6.3268450e-05  -2.9382651e-04
  -1.5194572e-03   4.0429279e-03   3.3840650e-02   1.6896991e-03   2.9434780e-05  -3.0911238e-04
   2.8901655e-03   1.0610410e-02   7.7179141e-03   1.2763587e-03   2.9576226e-05  -2.1045356e-04
   5.0631061e-03   9.8871908e-03   9.9624695e-03   1.7242924e-03  -6.2648611e-05  -1.5628841e-04
   3.4697712e-03   3.6290803e-03   1.7106457e-02   1.6980360e-03  -5.4158092e-05  -2.6621400e-04
   4.9946895e-03  -4.1067039e-03   2.0313674e-02   1.7952618e-03   6.6149462e-05  -3.5875242e-04
   6.4374004e-04  -1.4902450e-02   2.8510459e-02   2.2172155e-03  -4.3419023e-04  -4.0967693e-04
   7.2870889e-03   6.0394192e-03  -1.6981536e-04   7.4186385e-04  -1.8580446e-04   5.6205032e-05
  -5.9867533e-04   5.8478165e-03   9.7538087e-03   1.7398767e-03   5.0447154e-05  -3.4115300e-04
  -1.8202579e-03   7.0152478e-03   2.4916974e-02   1.8371603e-03  -1.1242810e-04  -2.8500697e-04
  -2.9708353e-03  -1.3478657e-03   2.1872348e-02   1.3404322e-03   5.4749982e-05  -2.2834591e-04
   2.5180309e-03  -8.4679912e-03  -1.0123952e-02   1.8812158e-03   4.8494320e-04  -6.8159108e-04
  -1.2975368e-03   1.0336104e-02   1.6329857e-02   9.5772506e-04  -2.5600101e-04   4.3725042e-05
   7.3093096e-03   3.5183476e-03   3.6756841e-03   1.4855246e-03  -3.8109065e-05  -2.1273555e-04
   4.7428271e-03  -1.3110668e-02   2.6102595e-02   1.5120383e-03  -6.5133981e-05  -1.9241705e-04
   4.2677612e-03  -2.2128717e-02   4.2435899e-02   1.5153945e-03  -1.8786209e-04  -1.9191117e-04
   4.0819405e-03  -1.4683105e-02   3.7371650e-02   1.2105491e-03  -8.2455791e-05  -1.7736521e-04
   1.9256330e-03  -1.9617817e-02   3.1292414e-02   7.7797487e-04   4.0417135e-05  -7.4545160e-05
   2.2009530e-03  -1.1713819e-02   2.5706098e-02   1.2192256e-03   1.0695150e-04  -1.8874088e-04
  -2.0452117e-03  -1.4156883e-02  -1.0996662e-02   2.8183632e-03  -9.1815789e-06  -8.3904095e-04
   3.9678417e-03  -4.4888315e-03   5.5846751e-03  -7.4176221e-05  -1.5678593e-04   1.4645449e-04
   4.5019423e-03  -1.2447136e-02   6.4308390e-03   1.2675760e-03  -9.6614608e-06  -7.0082642e-06
  -1.7460425e-04   1.3673529e-03   1.4412089e-02   1.2340642e-03  -1.8388431e-05  -1.0427173e-04
  -4.8237796e-04  -1.4242767e-02   9.0462924e-03   1.1816229e-03  -5.6306419e-05  -2.4608611e-04
   2.8185005e-03  -1.0098306e-02   1.3247659e-02   1.1104936e-03  -8.3796173e-05  -6.4003052e-05
   7.6997399e-03  -5.1729966e-03  -3.4259040e-03   1.1004698e-03   1.1507070e-04  -1.1458186e-04
   1.0705751e-02   2.1934893e-03  -1.2744086e-03   1.2747544e-03   3.5537814e-05  -3.1513355e-05
   9.8897394e-03  -8.1743742e-03  -6.8537589e-03   1.2270809e-03   2.8735007e-06  -8.8252154e-05
   6.3328820e-03  -6.7246333e-03   4.7046548e-03   1.3181628e-03   5.2977736e-05  -4.5276044e-05
   8.1289223e-03   1.3096523e-03  -6.6188181e-03   1.3214168e-03   8.5937249e-05  -7.8192114e-05
   8.5860979e-03  -1.7076354e-03   5.8874897e-03   1.2687265e-03   6.0643754e-05  -2.0982387e-04
   3.5813422e-03  -1.0151665e-03   2.7212989e-03   7.3550022e-04   7.3162701e-06  -1.7377430e-04
  -3.1582897e-04   1.6543351e-03   2.3012265e-03   1.0799331e-03  -6.3137646e-05  -1.0634323e-04
  -1.5625375e-03  -6.5015502e-03   1.3098402e-02   1.1438895e-03  -7.5130251e-05  -6.8129836e-05
  -5.0967097e-03   1.2616548e-02   3.6355082e-03   2.2286434e-03   4.1153931e-06  -1.6079467e-04
  -5.9312470e-03   4.4926594e-03   2.9326026e-02   6.7447574e-05  -2.4667028e-04   2.1583485e-05
  -4.9886730e-03   1.6207402e-02   7.0602804e-03   1.2054009e-03  -9.6530329e-05  -1.2265544e-04
  -8.7794998e-04   6.2800314e-03   7.3369081e-03   1.4622400e-03  -1.0183092e-04  -1.2398524e-04
   1.5098603e-03  -9.9775202e-03   2.0269771e-02   1.4167482e-03  -1.1752997e-04  -1.8838144e-04
  -1.5299032e-03  -8.0992703e-03   2.5605379e-02   1.4650718e-03  -1.1692408e-04  -5.1180300e-05
   2.0101788e-03  -7.2078419e-03   2.5259734e-02   1.1285684e-03  -1.8841964e-06  -1.3634311e-04
   4.1796521e-03  -4.7929415e-03   1.1119048e-02   9.3817474e-04  -8.5665236e-05   5.3506975e-05
   2.3700910e-03  -1.0449939e-02   1.0980578e-02   1.0725372e-03  -7.2033882e-05  -9.1773075e-05
   1.2990440e-04  -9.6814158e-03   2.0656923e-02   1.2203044e-03  -8.8941758e-05  -1.1301627e-04
   3.4731196e-03  -9.6363578e-03   1.1349826e-02   9.9221929e-04  -1.6049980e-04  -3.8903955e-05
   2.7549798e-03  -1.3086855e-02   1.1178247e-02   1.0438441e-03  -1.7485780e-04  -1.4860705e-04
  -7.5457623e-04  -9.1367463e-03   1.6177505e-02   1.2089237e-03  -1.2368032e-04  -1.3121171e-04
  -4.4229479e-03  -3.7363567e-02  -3.6297793e-02   2.5490814e-03  -1.6500038e-04  -5.5623690e-04
   1.4811898e-03   1.3070610e-03  -1.8663008e-03   6.4790472e-04  -1.2815639e-04  -8.2486220e-05
   3.6900750e-03   1.2097924e-02  -8.9803470e-03   1.2861449e-03  -7.8242768e-05  -1.5071466e-04
   6.9887541e-03   8.3963320e-04   1.4731124e-02   1.5011746e-03  -2.8899801e-04   5.0616511e-05
   1.2357532e-02  -1.0326164e-02   8.9497142e-03   1.1245481e-03  -1.0175355e-04  -5.4628035e-05
   1.2566994e-02  -1.4428792e-02   1.7506533e-02   8.8126485e-04   1.3067737e-06  -3.0136706e-05
   1.9805864e-03  -1.8476666e-03   9.9068344e-03   1.1635847e-03  -3.5085173e-05   4.1086274e-05
  -8.4842142e-04  -3.5099388e-03   1.0148977e-02   1.2813788e-03  -7.3634163e-05  -1.6122134e-04
  -4.9173885e-03   5.2606919e-04   1.8850506e-02   1.2044768e-03  -2.6356905e-04  -5.9756400e-05
  -1.0330027e-03  -9.2550391e-03   2.0446615e-02   9.7126795e-04  -1.1027505e-04  -9.9782208e-05
   4.5291324e-03  -8.1380441e-03   9.5960347e-03   1.0688606e-03  -1.1113065e-04  -9.3372989e-05
   3.8867780e-03  -5.9508248e-03   1.0280725e-02   1.1916972e-03  -5.3331013e-05  -1.0118100e-04
   2.0044557e-03  -1.3047884e-02   1.6989892e-02   1.0661216e-03  -1.8896635e-06  -1.7949879e-04
   7.8067807e-04  -8.7420060e-03   1.8029391e-02   1.5742307e-03  -9.5952201e-05  -8.3080409e-06
  -2.0136724e-03  -1.0760891e-02   2.6782525e-02   2.6844893e-04  -2.0542626e-04  -1.1267203e-05
  -4.2202570e-04  -1.6651503e-02   5.1165760e-03   7.1877844e-04  -1.2650009e-05  -3.5015902e-05
  -1.6259131e-03  -1.2957147e-02   1.5137686e-02   1.1067258e-03  -7.9066730e-05  -1.1194099e-04
  -2.4489942e-03   4.4394532e-03  -2.3377938e-03   1.7182993e-03  -5.8993293e-04   8.8714196e-06
  -4.0215286e-03  -4.5488884e-04   3.6318192e-02   7.8790499e-04  -2.2654950e-04  -1.2255160e-04
