   0.0000000e+00   0.0000000e+00   0.0000000e+00   0.0000000e+00   0.0000000e+00   0.0000000e+00
   3.2376247e-03  -2.1375901e-02  -7.9422582e-03   4.4751560e-06  -3.6665935e-05  -6.7513959e-05
   2.6435524e-03  -2.2658443e-02  -7.8099399e-03   2.4916008e-05   9.8181184e-06  -5.0593434e-05
   4.0291309e-03  -1.9545888e-02  -9.9221220e-03  -3.1768746e-06   6.3403254e-05  -3.9537955e-06
   3.8920162e-03  -2.0714344e-02  -1.4892030e-02   2.0104314e-04   2.8241776e-05   9.7632699e-05
   6.8070479e-03  -1.7863692e-02  -1.8487937e-02   2.1610314e-04   2.9007514e-05   9.2724965e-05
  -1.9201078e-04  -7.8102936e-03  -1.9749702e-02  -1.2848801e-05   1.7280497e-04   8.7271038e-05
   5.6824359e-03  -1.1762080e-02  -1.9114587e-02  -1.3510051e-05  -3.0360564e-06   1.0356480e-04
  -7.9119602e-04  -2.0228678e-02  -2.0703987e-02   9.2414778e-05   9.9609617e-05   2.0708707e-04
   4.5600212e-03  -2.1150529e-02  -1.4693689e-02   1.9667147e-04   5.3663771e-05   1.9473774e-04
   1.8350812e-03  -9.4165904e-03  -1.4167106e-02  -6.7282033e-05   4.8927617e-05   1.2555715e-04
  -6.7811297e-04  -8.0654273e-03  -1.2923472e-02   1.1989975e-04   1.4409619e-04   1.5726453e-05
   4.3619675e-03   1.0374942e-03  -2.2957111e-03  -7.6737417e-04   1.2619324e-04   1.2935097e-04
   1.9909809e-02  -1.3019961e-02  -3.1487604e-02  -1.4006806e-04  -3.2026528e-04   3.1066904e-04
  -3.2529951e-03   4.2550886e-03  -2.1857806e-02  -1.4063220e-04   1.8583281e-04  -1.0424961e-04
  -4.2582700e-02   2.3560089e-01  -1.4242610e-01  -1.7090958e-02   8.5537879e-04   4.3433889e-04
   4.0242428e-02  -7.0792226e-02   3.4219475e-02   1.1880683e-03  -4.1475730e-04   1.5015768e-03
   1.9213610e-02  -5.6600899e-02   6.0119903e-03  -3.5800969e-04  -7.8144938e-06   7.6560943e-04
   1.4979260e-02  -7.7902213e-02   1.1760478e-02  -3.2769858e-04   1.6383719e-05   7.5317558e-04
   1.9295239e-02  -6.5801016e-02   9.8474880e-03  -1.6588149e-04  -1.2269556e-04   7.6557135e-04
   1.4569019e-02  -4.8930298e-02   1.8063102e-02  -1.1093541e-03   4.9325996e-05   5.5315517e-04
   7.0385863e-03  -5.9831369e-02   1.1184645e-02  -7.2916808e-04   1.2121696e-04   6.9910695e-04
   1.0883391e-02  -4.9263833e-02  -1.9496133e-04  -3.9392920e-04  -1.2821980e-05   9.2186402e-04
   1.8990995e-02  -3.7316731e-02   1.7436330e-02  -3.8919045e-04  -2.9124692e-04   3.7518992e-04
  -4.9597719e-03  -2.2547311e-02   1.1722078e-02   2.1569635e-04   4.1032098e-04  -6.1256685e-04
  -2.2183487e-03  -1.1865590e-01  -8.9437015e-02   6.6469215e-04   5.8707496e-05   3.5979420e-04
   1.6236051e-02  -6.5196196e-02   6.9927186e-03   2.2413420e-04  -4.3941477e-05   2.7583354e-04
   1.7443512e-02  -7.8100437e-02   9.3427341e-03   5.7152830e-04  -7.3850246e-05   1.2705925e-04
   1.7496655e-02  -6.2514440e-02   2.5785812e-02   4.2960382e-04  -4.4458718e-05   4.5649666e-04
   1.3336639e-02  -2.4011047e-01  -6.7639314e-02   2.9162120e-03  -1.7161519e-04  -1.5639552e-04
   1.6541979e-02  -4.1492286e-02   1.0974674e-02  -6.0339931e-04  -4.4363433e-05   6.6988732e-04
   1.5730009e-02  -5.2408777e-02   3.4759968e-03  -2.8683994e-04   4.4451428e-05   6.8138265e-04
   1.3134497e-02  -6.4761093e-02   9.8421125e-03  -4.0266741e-04  -4.2599737e-05   6.1064990e-04
   1.4236178e-02  -5.9964604e-02   1.2234918e-02  -4.1648903e-04   5.9676601e-06   6.7799015e-04
   1.3881504e-02  -5.7584819e-02   1.3750485e-02  -3.7040983e-04   1.9708207e-04   6.3277080e-04
   1.8729881e-02  -4.4618600e-02   1.6766745e-02  -7.8376543e-04   7.9117225e-05   9.0025479e-04
  -7.5736243e-04  -3.5516134e-02   3.2149124e-02  -1.0613994e-03   3.1991198e-04   3.3055047e-04
   5.1708920e-03  -5.6435455e-02  -1.1024547e-02  -2.9916965e-04   1.4693127e-04   6.8868257e-04
   5.2337778e-03  -6.8274001e-02   1.1640826e-02  -6.4992245e-04   3.6189792e-04   8.6136262e-04
   2.7520057e-03  -7.2337726e-02   7.8860297e-03  -2.2433674e-04   2.1919104e-04   5.9263072e-04
  -1.8008652e-03  -6.1236773e-02   9.8660998e-03  -5.9625051e-04   4.1910633e-04   7.4497969e-04
   1.0509121e-04  -7.6549561e-02   6.9500363e-03  -2.8402752e-04   3.0471921e-04   9.3379343e-04
   2.8418885e-04  -7.1293306e-02   6.6311178e-03  -4.1523823e-04   1.8005293e-04   6.1013162e-04
  -1.0462560e-03  -6.2667659e-02   6.3720324e-03  -9.2844810e-04   3.0908163e-04   6.2984560e-04
   1.2430849e-03  -5.0654992e-02  -3.9160663e-03  -8.3943988e-04   2.1227615e-04   7.3420799e-04
   7.6431930e-04  -6.7957914e-02  -1.2015598e-02  -1.4044962e-05   4.1356538e-04   4.6606085e-04
   1.0084425e-02  -9.2601593e-02   8.8141594e-03   2.1656574e-03  -2.0451479e-04   6.4571895e-04
   3.7032544e-03  -1.1685180e-01   2.9112637e-02   1.3491785e-03   2.0458889e-05   5.7842064e-04
  -8.5369942e-03  -8.5540628e-02   3.2849487e-02   3.1739500e-04   3.7067791e-04   5.5701289e-04
  -6.8992246e-03  -9.1665115e-02   3.7381372e-02   4.4585843e-04   3.7818828e-04   7.5639398e-04
  -1.2743561e-02  -1.0082816e-01   3.2898661e-02   8.9648139e-04   3.6895204e-04   3.5202644e-04
  -8.5728676e-03  -9.5909700e-02   3.3748902e-02   9.5358451e-04   2.7380740e-04   4.9867419e-04
  -5.6671469e-03  -9.5372127e-02   2.8187275e-02   5.5019112e-04   3.6945258e-04   4.3877196e-04
  -5.2450533e-03  -9.6207684e-02   3.3684230e-02   5.9445076e-04   3.2467924e-04   3.7444241e-04
  -9.4975388e-03  -8.7616515e-02   3.4596629e-02   5.3578019e-04   4.2047182e-04   5.2015289e-04
  -8.4406852e-03  -9.0013651e-02   2.4436586e-02   7.8891650e-04   3.6816715e-04   3.5528054e-04
  -9.0157388e-03  -9.1222823e-02   2.2896386e-02   7.0479374e-04   3.5967099e-04   4.0203069e-04
  -7.5118949e-03  -8.6378964e-02   1.4371428e-02   7.7056832e-04   4.2805806e-04   3.8852463e-04
  -5.7491193e-03  -7.5235272e-02   3.0198198e-02   7.0360201e-04   3.2941238e-04   4.0151243e-04
  -9.6066139e-03  -7.7172349e-02   3.6548659e-02   1.0322860e-03   4.6743414e-04   5.0158634e-04
  -1.6894743e-02  -9.6358071e-02   1.3399688e-02   8.4795586e-04   4.9411585e-04   5.1847281e-04
  -1.0925112e-02  -7.3948499e-02   5.2680316e-02   4.1345388e-04   5.5051354e-04   4.0061488e-04
  -6.3819094e-04   1.0717524e-02   9.2674450e-02  -2.2523783e-03   5.8854440e-04   2.1011463e-04
  -3.9721995e-02  -2.6351693e-01  -7.3593198e-02   6.7329701e-03   1.1910161e-03  -2.5831654e-04
  -1.6680566e-02  -9.5848425e-02   3.3426051e-02   7.9522093e-04   5.3594681e-04   5.7324211e-04
  -1.7479586e-02  -9.0564899e-02   3.6291201e-02   9.7203053e-04   5.6382136e-04   4.1966553e-04
  -1.6502057e-02  -7.9456596e-02   4.7000828e-02   7.4462699e-04   5.9823013e-04   3.6819700e-04
  -2.4271597e-02  -6.6019451e-02   5.1925839e-02   4.7331362e-04   8.3430342e-04   6.8086183e-04
  -2.2072403e-02  -6.4422830e-02   3.8825758e-02   8.5647558e-04   9.1841583e-04   6.7746047e-04
  -2.3899090e-02  -6.7336040e-02   4.8044351e-02   1.4856098e-04   9.9869069e-04   7.2385106e-04
  -2.3628343e-02  -6.7312376e-02   3.5550582e-02   5.1745671e-04   9.0209025e-04   5.7994624e-04
  -2.3732299e-02  -6.8685559e-02   3.6575648e-02   4.6910417e-04   1.0309515e-03   6.8487909e-04
  -1.9904814e-02  -6.5922807e-02   3.3288332e-02   2.6712523e-04   9.7096673e-04   6.7938678e-04
  -2.4138689e-02  -7.0877547e-02   2.9150032e-02   7.8715555e-05   1.0264748e-03   7.2894980e-04
  -2.5981786e-02  -7.0420898e-02   2.5979529e-02   4.8232140e-04   9.9948505e-04   6.2238186e-04
  -2.3159015e-02  -6.3499014e-02   3.5600709e-02   2.2553974e-04   9.2602120e-04   6.6259868e-04
  -2.2304243e-02  -6.6289271e-02   3.6768318e-02   1.9821618e-04   1.0213355e-03   8.5944524e-04
  -2.3738556e-02  -7.0088678e-02   2.3812986e-02   5.2832217e-04   1.0204778e-03   7.3074456e-04
  -2.1667687e-02  -6.7660577e-02   2.5404046e-02   2.4646402e-05   9.2191032e-04   5.5608404e-04
  -2.5211831e-02  -7.1238569e-02   3.2868204e-02   4.5157677e-04   1.0402373e-03   6.8259303e-04
  -2.4415386e-02  -6.6685946e-02   3.3243296e-02   3.1756873e-04   1.0642456e-03   8.0414835e-04
  -1.5420512e-02  -7.5487219e-02   1.6720997e-02  -1.2873415e-03   1.1336149e-03   5.8633614e-04
  -3.2565245e-02  -1.5437300e-01  -4.0668147e-02   2.5081499e-03   1.0091125e-03   2.2778195e-04
  -2.4610301e-02  -1.2332068e-01  -6.8968205e-02   1.3425685e-03   4.2207188e-04  -1.2264927e-04
  -1.5920149e-02  -9.9359157e-02   2.9744052e-02   1.7347095e-03   8.1717511e-04   4.8506014e-04
  -1.7574396e-02  -8.1389338e-02   2.5262331e-02   7.9799577e-04   5.3144202e-04   4.9769457e-04
  -2.2115629e-02  -7.9726029e-02   3.8761725e-02   7.8254722e-04   6.3453409e-04   4.9277144e-04
  -1.8273865e-02  -8.3915655e-02   5.4101245e-02   4.8695283e-04   6.9181370e-04   5.9482722e-04
  -1.7166551e-02  -6.9374903e-02   4.0513415e-02   7.4394966e-04   6.8159201e-04   6.9679066e-04
  -2.0718497e-02  -6.4007162e-02   4.0632925e-02   7.2031546e-04   7.7880759e-04   4.8159329e-04
  -2.2815405e-02  -6.0716362e-02   3.3265366e-02   2.6771513e-04   8.8531911e-04   5.9132164e-04
  -1.8552294e-02  -7.0018773e-02   2.7026895e-02   5.9895569e-04   8.5849943e-04   7.0386875e-04
  -1.7353104e-02  -5.5717033e-02   3.5741056e-02  -2.1527771e-04   8.9419236e-04   2.2594533e-04
  -1.7520581e-02  -6.2268799e-02   2.9015297e-02   7.8057850e-04   7.2216224e-04   5.4442945e-04
  -3.6111539e-02   1.3356010e-03   4.9595239e-02  -2.4638548e-04   1.3696779e-03   3.2955939e-04
  -2.7754615e-02  -5.8751040e-02   3.4818283e-02   3.8114821e-04   9.7191425e-04   1.1092166e-03
  -3.1315497e-02  -7.9991074e-02   3.0220489e-02   6.2138240e-04   1.1389884e-03   1.0542600e-03
  -3.1209952e-02  -6.1622003e-02   4.2279068e-02   4.4461969e-04   1.1028170e-03   9.2956780e-04
  -3.0301069e-02  -6.2600091e-02   3.5642111e-02   5.3598065e-04   1.1153680e-03   1.0571506e-03
  -2.2678768e-02  -5.4344005e-02   3.7309551e-02   3.8886773e-04   6.4611600e-04   1.0718751e-03
  -1.2269288e-02  -5.7889747e-02   5.7192824e-02   2.5348985e-04   6.7376236e-04   8.6553176e-04
  -1.6511896e-02  -5.8694470e-02   4.4110072e-02   1.1303760e-04   9.1737369e-04   8.1001723e-04
  -2.1553989e-02  -7.5481568e-02   5.1859025e-02   5.7839969e-04   8.6495565e-04   9.0482903e-04
  -2.1853600e-02  -5.9217084e-02   4.2320503e-02   3.8456798e-04   9.0329197e-04   8.5745291e-04
  -2.0284603e-02  -6.3053030e-02   2.9012629e-02   4.3328704e-04   9.2238432e-04   8.5257399e-04
  -1.9071626e-02  -6.1632716e-02   3.0985964e-02   3.9493376e-04   8.9563160e-04   8.1313787e-04
  -4.1918384e-02  -1.2137390e-01   2.0229906e-02   1.6483927e-03   1.1090685e-03  -3.0716717e-04
  -1.0826269e-02   3.9054217e-02   1.2085345e-01   6.9847235e-03  -4.7945824e-04  -7.7570188e-04
   7.7676066e-03   4.4954176e-02   2.6141594e-02   4.4843663e-04   3.7715849e-04   7.0906999e-06
  -5.8713341e-04   2.7622374e-02   2.9311103e-02   5.5689243e-04   3.0704126e-04   2.2499676e-04
   3.0136147e-05   3.4843902e-02   2.5836003e-02   5.3634338e-04   3.0891653e-04   2.6495038e-04
   2.1607083e-03   4.0437196e-02   1.9001989e-02   4.1428771e-04   3.1949282e-04   4.0887296e-04
   2.8544528e-03   4.5565031e-02   2.6210041e-02   3.8204419e-05   3.0652511e-04   3.6975506e-04
  -2.7523849e-03   5.0949502e-02   1.6929320e-02   3.3754043e-04   3.1823852e-04   2.5239754e-04
  -9.4328631e-03   5.0109002e-02   1.4180681e-02   2.0042752e-04   2.9398844e-04   9.7329954e-05
  -1.1936536e-02   6.1145245e-02   1.6840912e-02   4.3843031e-04   1.7892854e-04   1.4646734e-04
   6.9262803e-03   6.1423538e-02   3.3208331e-02   4.2656150e-04   2.1254952e-04   6.4488027e-04
  -1.4678854e-02   5.4108372e-02  -3.8429389e-02   1.1670687e-03   4.8786198e-04  -2.4185646e-05
   1.2556965e-03   1.8837430e-02   4.0167690e-03   7.7975001e-04   1.3043639e-04   5.8928191e-04
  -1.4492923e-02   3.1280661e-02   2.0775682e-02   8.8224148e-04   2.8322486e-04   2.9820708e-04
  -1.2931293e-02   2.8467582e-02   1.8050861e-02   7.1819323e-04   4.2757580e-04   3.0214809e-04
  -1.0709815e-02   3.1686890e-02   2.2157625e-02   6.6876582e-04   5.4996517e-04   2.0338399e-04
  -6.2550292e-03   2.9958655e-02   1.1781314e-02   5.3473684e-04   5.0140509e-04   3.1158510e-04
  -7.5286539e-03   3.5694504e-02   8.0766385e-03   4.3404244e-04   5.5990069e-04   4.1882389e-04
  -6.2311916e-03   3.2007313e-02   8.1081323e-03   4.1500915e-04   5.9649425e-04   3.2243262e-04
  -7.8591183e-03   3.3485318e-02   6.1601240e-03   4.1843945e-04   6.2602787e-04   2.8630876e-04
  -8.7162118e-03   4.5602476e-02   1.1052086e-02  -3.1976589e-04   7.4010918e-04   3.3755133e-04
  -3.2247585e-03   2.4661129e-02   5.0953875e-03   4.2253268e-04   6.0659531e-04   3.1029556e-04
  -2.6478806e-03   2.2660624e-02   3.5268647e-03   4.7057822e-04   5.1821171e-04   2.8102203e-04
  -1.9728192e-03   2.5031308e-02   2.7463906e-03   3.5779718e-04   5.3994818e-04   3.3803697e-04
  -4.5819295e-03   2.8693173e-02   5.3156378e-03   1.7536403e-04   5.1581821e-04   3.3856358e-04
  -4.6387063e-03   2.6175864e-02  -7.5990770e-04   4.2481448e-04   4.8706009e-04   2.0486267e-04
  -1.2717247e-02   3.5624109e-02   3.7352721e-03   6.6083530e-05   6.5879242e-04   2.8652010e-04
  -7.6264286e-03   2.5133690e-02   1.6785793e-03   2.4322625e-04   5.1805374e-04   3.8764158e-04
  -1.1916347e-03   2.7039085e-02  -7.4616087e-04   6.3101370e-04   4.4685860e-04   3.2503429e-04
  -4.0642831e-03   3.6618205e-02   1.3796345e-02   2.8743935e-04   6.6912745e-04   2.8239360e-04
  -2.5822165e-03   3.7609469e-02   6.2075360e-04   5.2230011e-04   5.1927786e-04   2.2353094e-04
  -5.9813859e-03   5.0555412e-02   3.6370708e-03   4.4232031e-04   5.3709200e-04   1.9049480e-04
  -1.5954727e-02   4.9514385e-02   1.7595316e-02   5.3128129e-04   6.2037210e-04   6.5419651e-05
  -1.2033354e-02   2.9264840e-02   1.1111817e-02   7.1759849e-04   5.0978542e-04   2.7555215e-04
  -5.2108548e-02  -9.0732548e-02  -3.1674345e-02  -3.4650164e-03   3.3132831e-04   6.2337255e-04
  -1.9165935e-02  -1.1231461e-01  -2.2222966e-02   3.3848128e-03   5.3976811e-04   3.4672709e-04
  -8.7264665e-03  -1.5244675e-02   1.4320868e-02   1.2153370e-04   4.3817234e-04   3.9731248e-04
  -7.1468516e-03  -2.0979625e-02   2.1599918e-02   1.6169122e-04   5.3701336e-04   3.3047768e-04
  -7.4608422e-03  -1.9705149e-02   1.9976338e-02   2.8846912e-05   5.4894782e-04   3.4219906e-04
  -8.5549168e-03  -1.1906398e-02   1.8801248e-02   6.4793354e-05   7.0771017e-04   4.1340621e-04
  -2.4236636e-03  -9.6900892e-03   1.1857380e-02  -8.6642731e-06   6.4427127e-04   5.3397647e-04
  -6.7307591e-03  -1.0658775e-02   6.0866439e-03  -1.0621026e-04   6.9631732e-04   5.5601623e-04
  -1.8008727e-03  -1.5663807e-03   1.3310624e-02  -2.6607869e-04   5.9240533e-04   5.1823641e-04
   8.1876893e-04  -1.7406138e-02   2.7605384e-02   8.4112512e-04   5.6244633e-04   2.8998011e-04
  -2.9432523e-02  -3.1889254e-02  -1.4590700e-02   9.1245306e-04   1.4077135e-03   9.7399404e-04
  -1.1401041e-02  -2.2820911e-02   1.7980878e-02   3.1195479e-05   9.3184765e-04   5.7312480e-04
  -1.1427756e-02  -8.8572488e-03   2.2948405e-02  -3.7665117e-05   6.8291032e-04   7.2199701e-04
  -1.8712194e-02  -1.3754940e-02   2.1180271e-02   2.4271164e-04   8.2063376e-04   5.7820301e-04
  -1.8653934e-02  -3.2848201e-02   2.1476015e-02   3.0000571e-04   8.6325665e-04   5.7053237e-04
  -1.2248390e-02  -2.2167155e-03   2.6891861e-02   7.9128625e-05   7.4378624e-04   6.4439584e-04
  -1.4708203e-02  -5.4970198e-03   2.8763248e-02   2.4239073e-04   7.6763261e-04   5.3502267e-04
  -1.1232896e-02  -9.8622683e-03   2.2080384e-02   5.0986331e-04   8.5038516e-04   5.2083762e-04
  -1.2288536e-02  -8.2076173e-03   1.2826892e-02  -6.2678419e-04   8.6098708e-04   3.5382947e-04
  -7.6243967e-03  -1.3819988e-02   1.5818688e-02   5.2028069e-04   6.6138884e-04   7.9844086e-04
  -1.5009780e-02  -8.6562878e-03   3.1558139e-02   2.6913759e-04   9.2278287e-04   6.3437018e-04
  -1.2362297e-02  -6.2074379e-03   3.9384648e-02   3.8789151e-04   8.8397501e-04   8.9534831e-04
  -1.7144456e-02  -2.1359735e-03   3.4279411e-02   3.4316497e-04   1.0108999e-03   8.0856518e-04
  -1.2053933e-02   1.8619739e-02   3.4840009e-02  -4.1599672e-04   1.0093401e-03   7.4402042e-04
  -1.4559889e-02   1.0228586e-02   2.6614139e-02   8.0633292e-05   1.1104084e-03   8.2001850e-04
  -6.2702511e-02   2.6753648e-01   3.6506473e-01   1.0827009e-02  -1.9588665e-03  -8.9443708e-04
   1.9945496e-02   1.2142587e-01  -1.8080693e-01  -4.3031261e-03  -1.9196839e-04   1.6957314e-03
  -2.0864360e-02   6.9104778e-02   1.1515470e-02   3.3890899e-04   4.6510922e-04   1.3034059e-05
  -2.4856271e-02   6.0782681e-02  -1.5873260e-03   1.0369235e-03   2.2011268e-04   5.2038416e-04
  -3.2446799e-02   5.4004732e-02  -1.7704568e-02   2.1462016e-04   6.4156884e-04   4.1796239e-04
  -1.7253121e-02   1.3262112e-01   1.2773195e-02  -4.1784503e-03   5.7056453e-04   2.7482835e-04
  -1.5294944e-02  -4.9453000e-03   1.8619771e-03   3.2238494e-04   9.5360077e-04   1.8897411e-04
  -1.0013007e-02   9.1263295e-03   5.8622743e-03   6.4319277e-04   8.4828164e-04   9.9503611e-05
  -9.6352600e-03   2.8394335e-02  -7.3232040e-03   7.3456171e-04   9.6586247e-04   5.7264809e-05
  -1.8758791e-02  -1.1612649e-02  -4.7170517e-02   1.0463184e-03  -6.7758679e-05  -8.9338684e-04
  -1.8216436e-02   5.0589787e-02  -6.3201945e-02   3.5113795e-03   3.0973032e-04  -3.5922715e-04
   1.6393726e-02   1.2943706e-01  -6.7786192e-03  -5.8443106e-03  -3.3847052e-04   3.9369839e-04
  -1.9787956e-02   1.6508095e-01   7.2998061e-03  -6.6063420e-03   9.1100991e-04   7.5589110e-04
  -2.5848647e-02   7.0830039e-03   4.1824882e-02  -1.8924540e-04   9.6124512e-04   3.3124284e-04
  -1.5155145e-02   9.6244237e-03   2.7949256e-02   5.4773334e-04   8.4369846e-04   2.6096008e-04
  -3.0745284e-03   4.6248523e-03   2.4550622e-02   5.0484271e-04   8.1056316e-04   3.0996104e-04
  -6.2208924e-03   1.0228372e-03   2.6968823e-02   6.3110591e-04   7.5922570e-04   1.7745043e-04
  -9.1650607e-03   6.0383127e-03   2.1815013e-02   7.2972186e-04   8.2771985e-04   2.0469839e-04
  -9.2485632e-03   1.2824531e-02   2.0024272e-02   3.8232720e-04   7.7117230e-04   2.7045956e-04
  -7.4681608e-03   3.9337362e-03   1.1957648e-02   4.9291216e-04   7.6751592e-04   2.9820102e-04
  -5.6158261e-03  -1.8232020e-03   1.3616937e-02   5.2666739e-04   6.5785723e-04   3.0513735e-04
  -8.1565512e-03   3.8876820e-03   1.2093462e-02   2.9413732e-04   7.1597658e-04   3.2419948e-04
  -8.4397986e-03   1.8399841e-03   6.7007896e-03   4.3329557e-04   7.2556827e-04   1.8874664e-04
  -1.0866708e-02   1.1182397e-02   1.0402405e-02   3.1818352e-04   7.3551740e-04   1.9358126e-04
  -6.6041083e-03   8.0312865e-03   7.6574145e-03   2.7246921e-04   7.4456714e-04   3.3372516e-04
  -2.7108702e-03   6.9077855e-03   1.7038299e-02   3.6893892e-04   6.9373034e-04   3.6163493e-04
  -6.1999561e-03   1.0657544e-02   1.6860229e-02   4.2328506e-04   7.9624453e-04   4.5327920e-04
  -2.8909831e-03   1.7852573e-02   1.7251730e-02   4.1075856e-04   7.0044178e-04   4.4114408e-04
  -9.7987882e-03  -2.2705297e-02   1.8162364e-02   1.9707684e-03   6.9937764e-04  -2.9678973e-04
  -1.6557552e-02  -8.7565982e-03   1.5005531e-02   8.0262054e-04   4.3367818e-04   4.0386418e-04
  -1.4056308e-02  -8.3760893e-03   2.4830839e-02   5.5735030e-04   4.9041163e-04   1.5525176e-04
  -9.5923472e-03  -5.7349310e-03   2.0019993e-02   5.6176824e-04   3.9146145e-04   2.5305776e-04
  -1.1426498e-02  -1.1694470e-02   1.7661407e-02   7.7010879e-04   4.7307241e-04   1.0980764e-04
  -1.0935225e-02  -7.4035632e-03   1.5498975e-02   5.7500382e-04   4.4887124e-04   7.9780574e-05
  -3.4725800e-03   1.1582236e-03   1.4555869e-02   6.9999294e-04   4.3066327e-04   3.6504500e-04
