   0.0000000e+00   0.0000000e+00   0.0000000e+00   0.0000000e+00   0.0000000e+00   0.0000000e+00
   1.9369774e-03   1.9031452e-02  -7.8136027e-03  -4.3044991e-05   1.6068744e-05  -7.8082126e-07
  -4.3067396e-03   1.6090345e-02   2.5541146e-03   9.2158902e-06   2.7237378e-04  -4.3129664e-05
  -2.5293936e-03   7.1734829e-03   7.5332684e-03   5.8179665e-05   1.9369322e-04  -1.8414238e-05
   4.3111040e-03   4.6077035e-02  -1.0211533e-03  -1.6768224e-04  -1.3690451e-04  -9.3442361e-05
   2.1783197e-03   2.2462333e-02  -4.8904507e-03   2.0756352e-04   1.5033292e-04  -9.4963785e-05
   4.4770608e-03   2.0202386e-02   2.7526829e-02   2.0854920e-04   2.2356927e-04  -8.1464454e-05
   4.5489040e-03   1.4009967e-02   5.0077341e-03  -1.9601567e-05   1.4850115e-04   3.0895480e-05
   4.1781513e-03   1.2582331e-02   9.8001442e-03   3.7924122e-04   6.5188528e-05  -5.2624893e-05
  -6.4399787e-03   1.9224383e-02   3.3979304e-02   3.7835260e-05   1.4018921e-04  -2.1688907e-04
  -3.9195311e-03   5.3457526e-02   4.7548081e-02  -1.0376691e-03   2.5486626e-04  -6.8645067e-05
  -7.4725554e-03   1.5092189e-02   2.1003018e-02   4.0951655e-04   3.1621568e-04  -4.8398486e-05
  -5.3252953e-03   6.9560157e-03   1.5993598e-02   4.5389626e-04   1.9774086e-04  -3.6894860e-05
   6.5496769e-03   1.0375745e-02   1.1987851e-02   2.6953966e-04  -8.3738177e-05   3.4174789e-05
   5.7492890e-03   2.2338383e-02   9.1040260e-03  -5.4368331e-05  -2.9569509e-05  -1.1066324e-04
  -1.4117329e-03   3.3842942e-02   2.2510736e-02  -4.4324892e-04   2.6255502e-04  -9.0037422e-05
  -1.6248535e-02   1.1450515e-02   2.2608144e-02  -5.0222319e-04   5.1811301e-04  -3.5992901e-04
  -6.0234049e-03   1.5101484e-02   2.1864905e-02  -1.1939783e-04   1.5108320e-04  -1.6673744e-04
  -2.2839895e-04   3.3923563e-02   1.4966929e-02  -2.6825099e-04   8.1627287e-05  -1.6470360e-04
  -1.9741079e-03   3.4824567e-02   2.4643080e-02  -4.2684895e-04   6.4866872e-05  -1.9404429e-04
  -3.6244133e-03   2.5472618e-02   2.0333990e-02  -3.1965901e-04   9.6678858e-05  -1.8745046e-04
  -2.2251394e-03   1.6295596e-02   1.5983775e-02  -5.9114428e-04   4.3834243e-05  -1.5239129e-04
   2.8932005e-03   2.1443495e-02   3.6259577e-03  -6.5588968e-04  -1.3774700e-04  -2.2603866e-04
  -6.5078399e-04   3.4218625e-02   1.0532664e-02  -9.8214273e-04  -8.1287446e-05  -1.1187556e-04
  -4.1443260e-03   4.9407820e-02   8.7272218e-03  -1.3204489e-03   2.2765187e-05  -1.0903045e-04
  -5.5331379e-03   4.2078136e-02   6.8113409e-03  -1.0936312e-03   5.5102983e-05  -1.1911581e-04
  -7.5879833e-03   3.1894137e-02   4.9878213e-03  -1.0931896e-03  -7.8674890e-06  -1.3315800e-04
  -4.1221997e-03   3.0534462e-02   3.7706221e-03  -1.1284623e-03  -1.0147617e-04  -1.2974605e-04
  -1.0594392e-02   3.3284445e-02   2.6040984e-03  -1.3711943e-03   1.9375049e-04  -2.4646054e-04
  -9.5536849e-03   3.1022558e-02   1.4785169e-02  -9.4884056e-04   1.2708108e-04   4.4292796e-05
  -9.4164690e-03   3.5226365e-02   2.7894018e-02  -7.4000862e-04   1.7176881e-04  -6.1671782e-06
  -1.5954534e-03   2.1789555e-02   2.8114951e-02  -5.2954813e-04   6.8862309e-05  -1.3778331e-04
  -1.8581148e-03   3.2334311e-02   2.3558894e-02  -7.2222925e-04   3.7563377e-05  -1.0223212e-04
  -5.7248639e-03   2.6229228e-02   2.1861241e-02  -5.0789798e-04   1.1468236e-04  -1.8966310e-04
  -2.0278368e-03   3.1265305e-02   9.3723967e-03  -5.9801570e-04   1.8394893e-04  -5.7231306e-05
   9.1054559e-03   2.3722999e-02   4.5964761e-03  -8.5453388e-05  -4.9161652e-05  -1.4201898e-05
   3.0589644e-03   9.1043841e-03   1.2684778e-02   2.0652234e-04   5.8244956e-05   9.8738873e-05
   1.6957536e-03   1.1322915e-02   2.5765452e-02  -3.8384190e-05   2.8009729e-05   1.1951725e-04
   6.7860959e-03   3.0704168e-02   1.7435956e-02  -1.8970984e-04  -5.7153143e-05   9.7729494e-05
   1.1927299e-02   3.4599635e-02   7.6578588e-03  -1.2406241e-04  -1.9564364e-04   7.0353751e-05
   1.2547955e-02   4.3810513e-02   3.9888548e-03   3.6958685e-05  -1.9657332e-04   3.3371109e-05
   8.8568295e-03   4.0762599e-02  -1.7494688e-03   7.2163361e-05  -9.2732824e-05   2.6136906e-05
   9.2799383e-03   3.7359912e-02   5.4561570e-04   1.2300980e-05  -8.6688314e-05   2.5660750e-04
   8.4191896e-03   3.0688971e-02   3.8391710e-03   7.4156592e-05   8.3766617e-06   5.2250861e-05
   9.1147082e-03   3.4693684e-02   1.0467838e-02   1.8540579e-04  -3.0522483e-05   1.3699262e-04
   8.1354651e-03   3.1971971e-02   8.9294950e-03   3.0733576e-04   7.4810793e-05   2.0683472e-04
   6.1373255e-03   1.7029782e-02   1.1749746e-02   3.7885057e-04   6.1280112e-05   1.8994458e-04
   6.9441671e-03   2.1667768e-02   1.4039617e-02   2.9756913e-04  -2.4859914e-05   1.0120945e-04
  -1.4177220e-03   3.2920299e-02   1.8136612e-02  -1.7104554e-04   1.3432693e-04  -2.8407750e-05
  -1.3648500e-02   3.7038548e-02   3.3348728e-02  -3.8756484e-04   1.2825675e-03  -2.8689766e-04
   1.9481036e-03  -5.3779536e-02  -1.2011097e-01   2.1412925e-03  -6.3799960e-05  -9.8359899e-04
   1.3549444e-03   5.6602297e-02   5.7227421e-03  -8.5010940e-04  -1.0779414e-04  -3.1890169e-04
  -1.0815341e-02   2.0800735e-02   2.4734282e-02   1.0270166e-04   2.3738457e-04  -2.6530212e-04
  -1.7384478e-02   3.0518804e-02   2.2301222e-02  -3.4309031e-04   1.0334833e-04  -1.2089453e-04
  -1.5726364e-02   2.1387913e-03   4.0883848e-02   7.2531643e-06   2.7808347e-04  -2.5205935e-04
  -5.7446742e-03   1.7881319e-02   2.4808229e-02  -5.9424122e-04  -3.8025302e-05  -1.2319303e-04
   3.9500910e-04   3.0738563e-02   1.7333659e-02  -6.3290476e-04  -1.4283943e-04  -1.1664821e-04
  -7.1143270e-03   3.9083401e-02   1.8479683e-02  -9.9416676e-04   6.4098031e-06  -1.8973755e-04
  -1.2026714e-02   5.1061486e-02   1.7115227e-02  -1.0622862e-03   1.7331991e-04  -2.4061899e-04
  -6.8727079e-03   4.5450295e-02   7.2354735e-03  -1.2302316e-03   4.0554024e-06  -2.2906568e-04
  -8.8847872e-03   2.8736350e-02   2.0651473e-02  -9.4321847e-04   1.2042976e-04  -1.9951106e-04
  -2.0662470e-02   3.6726942e-02   2.8509381e-02  -1.1674340e-03   4.5132146e-04  -2.8821581e-04
  -2.0923993e-02   4.7622435e-02   3.3041788e-02  -1.4192597e-03   4.8929668e-04  -1.0504315e-04
  -1.3238385e-02   5.1526911e-02   1.4233755e-02  -1.3311941e-03   3.7846190e-04  -2.7042033e-04
  -1.4113601e-02   4.2364270e-02   4.9874775e-04  -1.3109603e-03   3.8023530e-04  -2.3100779e-04
  -1.9793095e-02   3.4491058e-02   1.1415467e-02  -1.1257829e-03   4.5216943e-04  -1.1299888e-04
  -1.2142900e-02   2.6837754e-02   1.7624754e-02  -1.0479552e-03   3.1857648e-04  -1.4601748e-04
  -6.1648247e-03   4.0306582e-02   2.1100553e-02  -1.1112033e-03   2.1426268e-04  -7.9903288e-05
  -1.0920050e-02   3.9905694e-02   1.8403329e-02  -9.7519453e-04   4.7765529e-04  -3.3880878e-05
  -1.3204881e-02   3.5036006e-02   2.3360876e-02  -1.0231490e-03   4.3785818e-04   1.0302488e-05
  -5.6991063e-03   2.9827164e-02   1.6109289e-02  -8.7167073e-04   3.5100209e-04  -1.0769818e-05
  -7.4098591e-04   3.2713725e-02   1.1511843e-02  -9.2549489e-04   2.4958032e-04  -9.8871340e-05
  -5.2012408e-03   3.4360021e-02   1.4338753e-02  -8.6441801e-04   2.7285630e-04  -8.4558727e-05
  -5.6432812e-03   3.3878520e-02   1.2765078e-02  -7.4847333e-04   1.9615987e-04  -7.5123760e-05
  -6.0931375e-03   3.9483780e-02   1.3022934e-02  -8.7267694e-04   3.1817724e-04  -1.1261284e-04
  -4.8954458e-03   2.9017244e-02   9.3466792e-03  -3.8284927e-04   1.7416147e-04  -3.5355133e-05
  -6.6112186e-03   3.3984267e-02   8.5599170e-03  -1.3934860e-04   1.7375250e-04  -1.5554458e-04
  -5.8565948e-03   5.5520977e-02  -7.1090950e-03  -3.6109155e-04   1.0986602e-04  -8.1481694e-05
  -7.9544059e-03  -1.3728377e-03   2.0000816e-02   8.8916527e-04   2.1992003e-04  -3.5876436e-04
  -1.1032394e-02   1.5014912e-02   2.1076965e-02   2.9317545e-04   2.5089422e-04  -2.8063859e-04
  -1.3108583e-02   1.8039514e-02   1.6857217e-02   3.0475554e-05   1.6428023e-04  -4.2604669e-04
  -5.6786835e-03   3.0517167e-02   2.3737617e-02  -1.3278342e-04   1.0527323e-04  -3.3974281e-04
  -5.2422835e-03   2.7224374e-02   2.2090903e-02   1.8118046e-05   1.7055011e-04  -3.3251146e-04
  -1.1086279e-02   1.3716959e-02   1.3496770e-02   4.5923721e-04   3.5148605e-04  -4.0638088e-04
  -1.1326309e-02   2.4597723e-02   4.9233135e-03  -2.2960815e-04   3.7725800e-04  -2.7622015e-04
  -5.3633557e-03   1.0312392e-02   1.5696689e-02  -1.1738721e-06   2.9848782e-04  -6.9206966e-05
  -7.3192108e-03   2.0161136e-02   2.4385839e-03  -1.4863828e-04   3.2353289e-04  -3.3697011e-04
  -1.3909503e-03   2.0504200e-02   1.0571934e-02   1.2925239e-05   2.3080515e-04  -1.9572663e-04
  -8.5865610e-03   2.3639185e-02   1.6119059e-02  -2.9864240e-04   5.0601821e-04  -3.2691515e-04
   8.2108617e-03   3.1919299e-02  -1.7024673e-03  -5.0715612e-04  -2.2917873e-04  -3.2781963e-04
   7.6690303e-03   1.8790630e-02  -1.4934619e-04  -3.2338841e-04  -2.2216090e-04  -3.0533835e-04
   2.3856701e-03   3.0721329e-02  -4.6068714e-03  -4.4250368e-04  -2.1287293e-06  -3.7722100e-04
  -7.5434425e-03   3.5804899e-02   8.5825981e-03  -6.9121730e-04   1.2223800e-04  -4.7626523e-04
  -7.0738781e-03   3.9996246e-02   4.5771680e-03  -8.9921131e-04   1.2790250e-04  -5.1457257e-04
  -1.6221962e-03   3.5214750e-02  -8.5592036e-03  -5.7531595e-04  -5.1992784e-05  -4.5911895e-04
  -2.9429526e-03   3.4565748e-02   4.0283212e-03  -6.0913296e-04  -1.2573732e-04  -3.5023045e-04
  -7.5353254e-03   2.6139333e-02   9.9935113e-03  -1.1117326e-03   1.1545386e-04  -4.4512731e-04
  -9.9092816e-03   2.7448265e-02   5.3377183e-03  -1.1507744e-03   1.5947506e-04  -4.8773490e-04
  -6.4519583e-03   3.2907551e-02   1.8611879e-02  -1.2181361e-03   2.7396570e-05  -3.1953542e-04
  -2.4384488e-03   2.7015008e-02   1.8642162e-02  -5.4190666e-05  -1.3891814e-04  -1.5749451e-04
  -7.4084531e-03   3.3860717e-02   2.7050124e-02  -3.6611319e-04   8.3760325e-05  -2.1104631e-04
  -5.1827651e-03   2.4055658e-02   3.3425995e-02  -1.0837685e-04  -7.8511263e-05  -1.7846818e-04
  -1.7216006e-03   1.5544251e-02   2.8508453e-02  -6.1183560e-05  -1.6036780e-04  -2.6145921e-04
  -3.3117313e-03   3.3834129e-02   2.7105404e-02  -3.0742778e-04  -1.5126633e-04  -3.3937163e-04
  -4.1975667e-03   3.7931159e-02   2.1819734e-02  -4.1407324e-04  -1.5559405e-04  -3.6149752e-04
  -5.5959970e-03   3.4088788e-02   1.1554065e-02  -2.3514051e-04   3.0192900e-05  -3.5200884e-04
  -4.5823977e-03   2.7191138e-02   3.1462499e-03  -6.3081549e-05  -1.4020940e-05  -3.4374599e-04
  -1.3581574e-02   5.8146376e-06   1.7167193e-02   2.4933672e-04   2.2208603e-04  -4.2658932e-04
  -1.2591514e-02   4.6705871e-03   1.9915220e-02   2.2582669e-04   2.4566123e-04  -2.5836492e-04
  -5.8365728e-03   2.6253603e-02   1.2367935e-02  -1.5462313e-04  -1.1193452e-04  -1.1059020e-04
  -9.9433103e-03   2.4963259e-02   1.4086407e-02   2.2232867e-04   9.2689477e-05  -3.3267320e-05
  -5.9512661e-03   1.6392176e-02   2.1366301e-02   1.0849852e-04  -3.1724257e-05  -1.5521025e-04
  -6.7165354e-03   1.1628420e-02   1.9761962e-02  -1.5484233e-04   1.0684182e-04  -3.6217782e-04
  -9.5274868e-03   2.8273485e-03   1.6771898e-02   1.0938832e-04   3.0043762e-04  -4.8966274e-04
  -1.4990593e-02   1.3057247e-02   2.1033428e-03   4.7435889e-05   4.0294850e-04  -4.9719004e-04
  -4.3297075e-03   7.1828846e-03  -1.3279615e-03   5.5280019e-06   9.9728997e-05  -4.1698012e-04
  -1.1200892e-02  -6.1210146e-04  -1.0403700e-03   9.7130458e-05   2.2580703e-04  -3.8089994e-04
  -2.9506514e-03  -2.6856929e-03  -9.9982997e-03   2.1533595e-04  -8.1112455e-06  -3.9165427e-04
  -1.4653302e-02   8.4283556e-03  -3.3881450e-03   8.9188739e-05   1.9100607e-04  -4.3982812e-04
  -1.6163230e-02   1.0672638e-02   7.4425104e-03   1.7232880e-04   1.6420143e-04  -3.0517318e-04
  -1.2636895e-02   4.9793418e-02   9.8443650e-03  -6.8857360e-04   1.9160815e-04  -4.0986087e-04
  -5.1314103e-03   2.1098627e-02   1.1973725e-02  -1.7371371e-04   8.1602831e-05  -2.4210417e-04
  -1.2061868e-02   1.3679789e-02   2.1560045e-02  -1.4113112e-04   2.4520801e-04  -2.8267452e-04
  -9.9336650e-03   1.5485535e-02   1.9337481e-02  -2.7279784e-04   1.5309884e-04  -3.5805770e-04
  -5.9635968e-03   2.6796627e-02   8.5506077e-03  -4.4136400e-04   8.8845827e-05  -1.8251682e-04
  -5.2378932e-03   2.7432250e-02  -1.2519599e-03  -1.9727440e-04   6.4871316e-05  -1.4272254e-04
  -5.0815055e-03   2.1853973e-02  -5.0281868e-03  -1.7329952e-04   2.4870558e-05  -1.7343229e-04
  -6.6093921e-03   2.1823751e-02   6.5859151e-03  -4.9162792e-04   6.6959902e-05  -1.3378644e-04
  -1.6591595e-02   3.6272456e-02   1.5860270e-02  -1.0494348e-03   4.3563320e-04   7.6117837e-05
  -1.2530757e-02   3.7760940e-02   1.4037609e-02  -5.0685394e-04   3.8025931e-04  -4.8912675e-05
  -2.1503571e-02   4.3114516e-02   4.2714413e-03  -5.9735518e-04   5.1851749e-04  -1.2325741e-04
  -1.8613217e-02   1.5045475e-02   2.3984347e-02  -3.9516865e-04   3.5078508e-04  -1.8198509e-04
  -1.2489056e-02   1.0585819e-02   2.5047746e-02  -3.8421973e-04   1.6772006e-04  -1.0256116e-04
  -6.4702803e-03   2.3277959e-02   1.3343719e-02  -5.3588876e-04   1.6045309e-04  -1.0367831e-04
  -3.3645028e-03   3.0930804e-02   1.8325978e-02  -6.6923049e-04   1.2393835e-04  -1.4155230e-04
  -3.4004496e-03   3.7038926e-02   1.5474339e-02  -7.0981491e-04   1.0909871e-04  -1.5125890e-04
  -5.1191280e-03   3.2221206e-02   7.8109418e-03  -7.5045083e-04   3.9578684e-05  -1.0347559e-04
  -7.2695285e-03   1.6292754e-02   1.1917200e-02  -4.9223406e-04   4.9286692e-05  -6.7818451e-05
  -4.2639241e-03   1.8299632e-02   1.3450084e-02  -3.2970535e-04   6.6889818e-05  -9.9096623e-05
  -1.0295254e-02   2.8482443e-02   2.0676478e-02  -4.3214502e-04   4.5212415e-05  -1.3682453e-04
  -1.6029532e-02   1.4645520e-02   1.0934265e-02  -3.3324276e-04   2.6361879e-04  -5.0797781e-04
  -1.0468681e-02  -3.7140041e-03   3.4487575e-03  -2.4395539e-04   3.5595293e-04  -4.2694232e-04
   7.7214046e-03   3.9718001e-03  -5.8542831e-04   4.3974696e-04  -1.7393213e-04  -3.0148232e-04
   1.2111917e-02  -1.9721363e-02  -5.6245160e-03   7.4935131e-04  -4.0018989e-04  -1.6061133e-04
  -9.8681823e-03   3.8865096e-02   2.6430752e-02  -6.1005405e-04  -1.5679402e-04   1.6365956e-04
   7.1810075e-03   4.0655861e-02   1.9505632e-02  -2.4514954e-04  -4.1115631e-04   5.5430095e-05
  -7.3430729e-03   2.0488468e-02   1.7265098e-02   3.1936303e-04  -4.2235441e-05  -7.8564842e-05
   4.7902126e-05   1.6620506e-02   1.7547192e-02   3.5740600e-04  -2.4952315e-04   1.7838888e-05
   1.8106263e-03   2.1276486e-02   1.5073988e-02   4.3882574e-05  -3.2459063e-04  -3.5728337e-05
  -7.5138188e-04   2.8999649e-02   1.5612662e-02  -2.4672733e-05  -1.5074554e-04  -9.8566675e-05
  -1.8465445e-03   3.7448213e-02   4.6920509e-03   6.6642051e-05  -1.5701636e-04  -1.2792191e-04
  -7.1197373e-03   4.4209338e-02  -8.1562633e-04  -3.4407055e-05  -1.7528594e-05  -1.9543378e-04
   7.3375821e-04   3.0831973e-02   3.3525962e-03   3.9309157e-04  -2.4770235e-04  -8.1368077e-05
  -5.0962803e-03   1.6531225e-02   2.5641079e-03   4.5522736e-04  -7.6962912e-05  -1.6324260e-04
  -7.1590002e-03   3.6343003e-02   1.3817129e-02   2.3976694e-04  -3.0582276e-05  -1.6166095e-04
  -5.2621598e-03   7.1415106e-02  -4.2293028e-03  -1.9521910e-04  -2.7178102e-04  -2.5752078e-04
  -9.5828751e-03   3.6775225e-02   1.8628887e-02   3.6634913e-04  -1.6186751e-04  -2.9546621e-04
  -1.1085688e-02   2.3348796e-02   2.4402372e-02   4.7867757e-04   1.6566093e-05  -2.5584326e-04
  -6.4063311e-03   2.9686974e-02   1.7838524e-02   2.1261188e-04  -1.5338334e-04  -1.2627991e-04
  -9.0114894e-03   3.1126027e-02   1.2654597e-02   7.9541071e-05  -3.1206442e-06  -1.3462184e-04
  -4.3896214e-03   2.7802566e-03  -7.4686759e-02   1.4576458e-03   3.8108609e-05   6.7252641e-07
   9.7285193e-04   3.0594743e-02   6.2614426e-03   1.8187009e-04  -2.0611163e-04  -2.4443834e-04
  -8.8807904e-03   5.3806227e-02   1.1743017e-02  -3.3217289e-04   2.5760430e-06  -3.9416382e-04
  -4.1863091e-03   1.6856266e-02   2.8474804e-02   1.5371790e-04  -3.4283987e-04  -2.3294250e-04
   5.0847055e-03   2.5033098e-02   1.6597306e-02   7.9032664e-06  -3.9646974e-04  -1.2175503e-04
   5.3131605e-03   3.6914995e-02   1.0313990e-02   1.0805026e-04  -4.0544593e-04  -1.7488742e-04
   9.9942598e-04   3.8294780e-02   1.2119530e-02   7.4045602e-05  -1.7467102e-04  -2.6745664e-04
  -5.6310517e-03   4.5173652e-02   2.1105962e-02  -3.3851283e-04   6.9631533e-05  -2.1791330e-04
   6.4392307e-03   4.9522500e-02   7.7626953e-03  -3.0794241e-04  -4.3835848e-04  -1.8073144e-04
  -6.2932725e-03   3.6207944e-02   2.1451631e-02  -1.2253654e-04  -8.8287031e-05  -2.9607915e-04
  -5.9675296e-03   2.1616385e-02   2.2243009e-02   1.2088820e-04  -2.8256163e-05  -3.2207031e-04
  -3.7859204e-03   3.8397986e-02   2.0365218e-02  -6.9130361e-04   8.1385730e-05  -1.2129200e-04
   1.1949989e-02   3.8262886e-02   1.7431275e-02  -1.7765400e-04  -2.8111432e-04  -2.4615496e-04
   1.1130718e-02   5.7298057e-02   2.1595057e-02  -3.2457031e-04  -3.1269295e-04  -1.7332541e-04
  -4.1420427e-04   4.7673353e-02   2.2155339e-02  -2.8507672e-05  -1.2535913e-04  -1.5010062e-04
  -1.8859535e-03   3.6123316e-02   2.3216098e-02   1.0988345e-04  -2.3760062e-04  -1.6489127e-04
   5.4211203e-03   3.5750065e-02   1.7477786e-02  -3.0584297e-04  -3.2650811e-04  -1.7052458e-04
  -2.1549775e-04   2.9492430e-02   7.6024657e-03  -9.4073975e-04   2.6285542e-04  -2.9529847e-04
  -4.7803471e-03   8.6377178e-02   4.8494005e-02   4.9622982e-05   2.3968711e-04  -8.3850772e-04
   1.8658368e-03   4.4190007e-02   2.8323041e-02  -6.4836835e-04   7.9414031e-05  -3.7911473e-04
  -1.1109657e-02   3.3365423e-02   4.9618875e-02  -1.0729498e-03   1.9704868e-04  -1.5486839e-04
   3.0449773e-03   2.7033949e-02   2.9034143e-02  -7.7824310e-04  -1.7482655e-04   5.0480332e-06
  -1.0911093e-02   2.3569058e-02   3.7671064e-02  -6.2622224e-04   2.1863208e-04  -1.6842643e-04
  -1.2457084e-02   2.9203719e-02   3.4905819e-02  -8.5688345e-04   2.9348602e-04  -1.8114243e-04
  -7.1616602e-03   2.4613194e-02   3.3452269e-02  -9.8735888e-04   1.4989459e-04  -1.4036209e-04
  -1.9416912e-03   2.7726970e-02   2.4754495e-02  -1.0734170e-03  -5.1235844e-05  -1.4112699e-04
  -2.7291853e-03   2.6629855e-02   1.8167121e-02  -1.0477391e-03  -1.2549644e-05  -1.5238918e-04
  -2.3084934e-02   4.9027488e-02   4.8571224e-02  -1.1791010e-03   5.8262142e-04  -7.6211613e-04
  -2.6239693e-03   5.6630271e-02   4.8989112e-03  -7.4391774e-04  -3.1664314e-05  -3.9667301e-04
  -2.1155981e-03   2.6903847e-02   1.5688432e-02  -2.3202761e-04  -1.6507330e-04  -1.4490374e-04
  -7.3332625e-03   2.1360176e-02   3.6012188e-02  -2.1432330e-04  -6.8470657e-05  -2.3595414e-04
  -7.5112044e-03   4.1088041e-02   3.0148654e-02  -6.7463301e-04   2.2658796e-05  -3.6462171e-04
  -3.9616725e-03   5.1364226e-02   1.7485943e-02  -8.9153368e-04  -9.2128896e-05  -2.3782944e-04
  -4.9237853e-03   4.7942452e-02   1.7330939e-02  -1.3945026e-03   1.0073801e-04  -1.7949438e-04
  -1.7398832e-02   2.2012745e-02   1.3110726e-02  -5.5365143e-04   3.6268067e-04  -4.0098509e-04
  -5.8560311e-04  -2.1073100e-03  -3.8668115e-02   3.8011673e-04  -2.4316069e-04   1.1699664e-05
   7.0439493e-03   5.6220667e-02   4.4351175e-02  -1.5180919e-03  -2.9347426e-05  -9.4121959e-05
   1.2416219e-03   4.9666165e-02   3.0728688e-03  -8.9784178e-04   1.1576141e-04  -4.1208393e-04
  -5.9780383e-03   7.0614651e-02  -3.3261272e-03  -7.7730398e-04   2.3473766e-04  -2.8181352e-04
   2.5808369e-03   4.1327889e-02   7.2067210e-03   8.1495430e-05  -1.9513391e-04  -3.2644618e-04
