   0.0000000e+00   0.0000000e+00   0.0000000e+00   0.0000000e+00   0.0000000e+00   0.0000000e+00
  -6.4986688e-03  -1.2812705e-02   5.6685135e-04  -1.1171967e-04  -2.7123552e-05   1.0241159e-04
  -6.5465790e-03  -1.6742548e-02  -9.5009982e-03   1.5471040e-04   5.5551462e-05   8.7601954e-05
  -8.1409392e-03  -1.4290990e-03  -6.7845711e-03  -2.6295357e-04   1.8224730e-04   8.5193176e-05
  -1.1702846e-02   5.2541760e-03  -2.1278310e-02  -4.2103098e-04   2.0224145e-04   1.2606349e-04
  -6.8649691e-03  -1.4375545e-02  -1.3922730e-02  -1.9113063e-04   1.5698893e-04   4.9180455e-05
  -1.6053645e-02  -1.8079416e-02  -3.9280207e-03  -2.5666753e-04   1.3507549e-04   1.5296454e-04
  -1.4574620e-02  -1.6104670e-02  -9.1291163e-03  -8.3499004e-07   1.2727304e-04   1.5422458e-04
  -1.7759115e-02   4.4977042e-03   1.5521661e-03  -4.4671821e-04   3.9202548e-04   1.2452673e-04
  -2.0479110e-02  -1.2199799e-02  -1.1129938e-03  -1.2287108e-04   3.5268540e-04   2.2273026e-04
  -1.5528560e-02  -1.1819038e-02  -5.1313405e-03  -4.7931981e-05   3.3047122e-04   1.3186420e-04
  -2.3650645e-02  -9.9420370e-03  -9.8576651e-03  -4.1426439e-04   4.5635631e-04   1.8871977e-04
  -2.1338359e-02  -1.2315017e-02   7.2205702e-03   5.7430999e-06   3.1010412e-04   3.1997131e-04
  -2.4476723e-02   4.1244170e-03  -9.6982393e-04  -5.3456087e-04   4.2809713e-04   2.3335602e-04
  -2.7075078e-02  -9.4986549e-03   4.6885766e-03  -3.9952617e-04   3.6950555e-04   4.1112501e-04
  -2.6510983e-02  -1.1922593e-02  -8.6287192e-03  -3.1945462e-04   4.0823287e-04   2.8807957e-04
  -2.5084914e-02   5.1810294e-03  -4.8632260e-03  -6.4539376e-04   4.5162925e-04   3.1562359e-04
  -2.6396838e-02  -7.4858885e-03  -8.8377332e-04  -5.3617733e-04   3.9006688e-04   3.0505506e-04
  -2.8782052e-02  -1.4154337e-02  -6.8194565e-03  -3.5371836e-04   4.4895919e-04   3.2252191e-04
  -3.2086577e-02   2.6560472e-03  -1.7953325e-02  -6.0460629e-04   5.2028644e-04   2.9959492e-04
  -3.0876546e-02   4.5955978e-03  -8.7317966e-03  -8.6306317e-04   6.0182123e-04   3.1669994e-04
  -3.1060422e-02  -1.4432034e-02   3.4878255e-04  -5.2896943e-04   4.8237015e-04   3.5186247e-04
  -3.2000579e-02  -2.2261388e-02  -6.9126136e-03  -4.8411124e-04   4.7931620e-04   3.0292581e-04
  -3.2823645e-02  -6.2422054e-03  -3.0842683e-03  -5.9996892e-04   5.1323350e-04   3.2182070e-04
  -3.3357273e-02  -4.1421190e-03   6.0417130e-03  -8.8496000e-04   5.5914174e-04   3.0507277e-04
  -3.3654873e-02  -1.3923824e-02   8.7692275e-03  -4.8419877e-04   5.4393683e-04   3.3840982e-04
  -3.2721478e-02  -7.7854353e-03  -7.9709118e-03  -3.8068554e-04   4.6263910e-04   3.4443206e-04
  -3.7061045e-02  -7.2330422e-03   1.0141534e-02  -3.9720806e-04   5.9717299e-04   2.5495864e-04
  -3.1495641e-02  -1.1030706e-02   9.2953299e-03  -4.3252796e-04   5.0630924e-04   3.2410895e-04
  -3.5974981e-02  -1.1677608e-02   7.1529849e-04  -5.6487848e-04   6.1813634e-04   3.0728896e-04
  -3.0421245e-02  -1.7464107e-02   1.9309017e-02  -4.7869078e-04   5.3608030e-04   3.0482129e-04
  -2.9227647e-02  -2.0647728e-02   1.5708742e-02  -2.6972822e-04   4.7756852e-04   3.1051872e-04
  -3.4535671e-02  -1.0619194e-02  -1.8856739e-03  -3.5918934e-04   6.7822190e-04   3.1387592e-04
  -3.6156458e-02   6.3459586e-03  -1.8741186e-03  -7.6332450e-04   7.2820741e-04   3.8972305e-04
  -3.4748220e-02  -1.3964528e-02  -6.2045475e-03  -4.1277496e-04   6.2943779e-04   3.1593043e-04
  -3.3775017e-02  -1.3506974e-02  -4.7351130e-03  -3.6107533e-04   5.8760622e-04   2.5913870e-04
  -3.4815958e-02  -4.7646659e-03  -1.2577062e-02  -5.7389647e-04   7.2839265e-04   1.7191669e-04
  -3.3891321e-02  -3.3106178e-03  -2.5177171e-03  -8.3289345e-04   7.0533912e-04   2.5712305e-04
  -3.8773512e-02  -5.7537074e-03   3.1721964e-03  -7.2802017e-04   7.0822725e-04   3.8155620e-04
  -3.5581948e-02  -1.4789477e-02  -2.8479552e-02  -2.3244913e-04   6.6999381e-04   3.1317204e-04
  -3.4434524e-02   1.6672904e-03  -1.3001325e-02  -6.1499986e-04   7.2880449e-04   2.6578478e-04
  -3.5048262e-02   1.2473326e-02  -3.1585659e-03  -9.3237988e-04   7.4410904e-04   2.6847901e-04
  -3.4621426e-02  -4.9838133e-04   8.7644196e-04  -7.6622658e-04   7.1658010e-04   2.8774429e-04
  -3.7262298e-02  -6.9067815e-03  -4.5154631e-03  -3.6893629e-04   8.3511017e-04   2.3449220e-04
  -4.0101153e-02  -3.3034037e-03  -5.9381637e-03  -4.5288234e-04   8.2910514e-04   2.6310588e-04
  -4.0273987e-02   6.3510221e-03   3.5243177e-03  -6.0790497e-04   7.7005234e-04   3.8643130e-04
  -4.9136759e-02  -1.3597461e-03  -4.9868708e-03  -5.7713251e-04   9.3808777e-04   4.0694662e-04
  -4.4520677e-02  -4.9804356e-04  -8.2556606e-03  -5.0853583e-04   8.2187955e-04   3.1171883e-04
  -4.6590628e-02   4.7295269e-03  -4.8464109e-03  -5.8924898e-04   8.8309553e-04   3.5927522e-04
  -4.4851470e-02   1.4255082e-02   6.3839887e-04  -8.9258906e-04   8.3200456e-04   3.7979450e-04
  -4.3735866e-02   4.1371668e-03  -6.1701759e-03  -4.9991274e-04   8.0017662e-04   2.7953796e-04
  -4.1331383e-02   4.8012272e-03   8.1755304e-03  -5.4864531e-04   8.1440612e-04   3.1043468e-04
  -4.3281294e-02  -1.2196999e-03  -4.8411941e-03  -3.1357022e-04   7.1926186e-04   3.3612159e-04
  -4.7295236e-02   7.2373233e-03  -6.1173975e-03  -4.9429502e-04   8.0563099e-04   2.7887722e-04
  -4.9686685e-02   2.2432484e-02  -1.1104625e-02  -9.0374704e-04   1.0093654e-03   3.7361065e-04
  -4.5369691e-02   1.2518716e-02  -2.1191732e-02  -3.0179840e-04   9.6919093e-04   2.7422114e-04
  -3.5527436e-02   7.9105047e-03   6.9913439e-03  -3.3921526e-04   8.2820099e-04   3.1074136e-04
  -3.7848201e-02  -1.5130645e-02   2.1940284e-02  -1.9101784e-04   8.1279220e-04   2.3127162e-04
  -3.9853620e-02   8.2123788e-03   9.5818157e-03  -4.9902620e-04   8.6526793e-04   2.5697747e-04
  -4.3136349e-02   2.7376751e-02  -8.9511060e-03  -1.0189835e-03   1.0225117e-03   1.6296688e-05
  -3.5282850e-02   1.5874496e-02  -9.7000364e-03  -5.4792386e-04   7.6907702e-04   2.9671303e-04
  -3.8409927e-02   1.2579204e-02  -4.2523798e-03  -3.0935043e-04   8.7111422e-04   3.0864394e-04
  -3.5881921e-02   1.8232393e-02  -4.5278361e-04  -4.7562869e-04   9.1494091e-04   2.7413757e-04
  -3.8826560e-02   6.2570934e-03   9.3882436e-03  -4.8707189e-04   9.1560884e-04   3.6422520e-04
  -3.5245328e-02  -9.9317171e-05   6.6884921e-03  -1.5640830e-04   7.8856088e-04   3.7090218e-04
  -4.1167188e-02   2.4828885e-02  -1.5190029e-02  -5.4154267e-04   9.6283477e-04   3.6967937e-04
  -3.9339774e-02   3.7568659e-02  -1.4614973e-02  -8.3112652e-04   9.7920531e-04   3.1310006e-04
  -3.8151895e-02   1.8580728e-02  -2.7150111e-03  -8.1819082e-04   9.2934530e-04   3.6515150e-04
  -2.8412178e-02  -9.6364835e-03   1.2771283e-02  -3.1339398e-04   6.1009140e-04   3.7842190e-04
  -3.2822758e-02   1.4927412e-02  -1.2717691e-02  -9.1729718e-04   7.3583112e-04   4.7774042e-04
  -3.7430873e-02   2.8183224e-02  -2.5043948e-02  -9.6981782e-04   8.4556839e-04   4.4340874e-04
  -3.3411512e-02   7.7136735e-03   1.0282950e-02  -5.5540755e-04   7.8987374e-04   3.7085383e-04
  -3.5515245e-02   5.3464352e-03  -1.1902797e-02  -6.4799976e-04   7.0595947e-04   3.3984830e-04
  -3.6494773e-02   2.4658920e-03  -9.1984505e-03  -7.2239266e-04   6.4458535e-04   5.1552723e-04
  -4.1070243e-02  -1.8155293e-04  -5.8447371e-03  -5.4285289e-04   8.4372471e-04   3.4083351e-04
  -4.4360169e-02   1.1358403e-02   2.4243517e-03  -6.7865705e-04   6.7367892e-04   4.9464894e-04
  -4.2067426e-02   1.8166990e-02  -8.3892522e-03  -7.1224166e-04   6.9090344e-04   4.1601170e-04
  -4.5681585e-02   1.2958620e-03  -1.4633566e-02  -3.6590728e-04   8.8292158e-04   3.4331469e-04
  -4.8602198e-02   1.8037361e-02  -7.9756853e-03  -8.6140033e-04   9.0958631e-04   3.9780744e-04
  -4.6423502e-02   1.6538451e-02  -1.0194944e-02  -8.1863543e-04   8.1532320e-04   4.0011377e-04
  -4.3186878e-02   1.7806904e-02  -9.9270461e-03  -5.5944028e-04   7.8694332e-04   3.7184054e-04
  -5.1551297e-02   2.1456688e-02   7.3423571e-03  -7.2409601e-04   9.0799694e-04   3.1188867e-04
  -4.4857854e-02   7.3050998e-03   7.0388592e-03  -4.1458516e-04   6.8980909e-04   3.9409876e-04
  -4.7054025e-02   8.1797336e-03  -1.1863340e-02  -4.1430560e-04   7.4230256e-04   4.0106008e-04
  -5.1226205e-02   3.5403419e-02  -3.9655339e-02  -7.3528497e-04   7.8484374e-04   4.3568435e-04
  -4.4944440e-02   2.2004743e-02  -2.9089115e-02  -6.4220418e-04   7.6258432e-04   2.6348969e-04
  -4.2570242e-02   1.6331596e-04  -1.0592373e-02  -2.3793380e-04   8.3436403e-04   2.3158425e-04
  -4.8009352e-02  -5.3171863e-03   1.1356806e-02  -4.4463681e-04   9.0814721e-04   2.4414734e-04
  -4.6849030e-02   2.3564956e-02  -1.1867438e-02  -6.1658748e-04   9.7431625e-04   2.3880539e-04
  -4.6449968e-02   3.7509066e-02  -2.2299145e-02  -1.1054323e-03   8.7514181e-04   2.9070052e-04
  -4.9001747e-02   2.9188687e-02  -2.0475985e-02  -7.0181064e-04   1.0059532e-03   2.5916622e-04
  -5.0235840e-02   2.8716076e-02  -1.1975037e-02  -8.2126943e-04   9.3736297e-04   3.4829287e-04
  -4.6850061e-02   2.4640578e-02  -1.0067570e-02  -6.8419580e-04   8.0389932e-04   3.1700168e-04
  -4.8599146e-02   2.8014614e-02  -2.5257830e-02  -6.1340313e-04   9.5520021e-04   2.2566246e-04
  -5.0156441e-02   3.6927713e-02  -1.3796641e-02  -8.7510410e-04   9.1658771e-04   2.9582196e-04
  -5.4305653e-02   2.5576733e-02  -9.5066870e-03  -6.1937970e-04   9.5587176e-04   3.6877378e-04
  -4.7216881e-02   2.3568325e-02  -7.0128886e-03  -6.2834622e-04   9.6932874e-04   1.4027081e-04
  -5.0961232e-02   2.2823843e-02  -2.5068637e-03  -8.5666307e-04   9.1899575e-04   2.0751592e-04
  -4.9744180e-02   2.3917305e-02  -1.6722965e-02  -6.8732377e-04   9.2738968e-04   2.5831677e-04
  -4.5327619e-02   3.5258588e-02  -1.0899964e-02  -7.3350808e-04   9.6725029e-04   2.3424659e-04
  -4.9694494e-02   2.0527618e-02  -1.0333327e-02  -5.8122616e-04   8.9593663e-04   2.4590105e-04
  -5.0128452e-02   1.3459292e-02  -9.6962369e-03  -3.9527833e-04   9.5642302e-04   2.7368167e-04
  -5.4666589e-02   1.6403663e-02  -2.2725816e-02  -5.7524070e-04   1.0809460e-03   2.3312353e-04
  -5.2015790e-02   2.4432456e-02  -1.7909922e-02  -7.5710420e-04   1.0167229e-03   2.7690341e-04
  -5.2803952e-02   1.9561200e-02  -1.8749015e-02  -4.6860389e-04   9.1689893e-04   3.2448446e-04
  -5.1058041e-02   3.5333575e-02  -1.1652553e-02  -7.4079300e-04   8.3341142e-04   3.1479263e-04
  -5.4349877e-02   2.9939903e-02  -5.9449831e-03  -7.4621282e-04   8.8277422e-04   2.5502792e-04
  -5.3154527e-02   2.7482110e-02  -1.3357883e-02  -4.6778100e-04   7.8495255e-04   3.6001716e-04
  -5.6350751e-02   3.6400566e-02  -1.4720704e-02  -7.9158805e-04   9.5717796e-04   3.3187318e-04
  -5.3293432e-02   2.4226400e-02  -8.7387065e-03  -6.6459553e-04   9.1470784e-04   3.1476922e-04
  -4.9424282e-02   1.8171074e-02  -1.3214396e-02  -2.5499737e-04   8.3181104e-04   3.0281695e-04
  -5.2491056e-02   2.3259350e-02  -1.8784470e-02  -5.4994974e-04   9.2881333e-04   2.4709279e-04
  -5.3793718e-02   2.4517883e-02  -1.1975648e-02  -6.1246055e-04   8.2344982e-04   3.2406279e-04
  -5.5400771e-02   2.4347729e-02  -2.0493563e-02  -4.4775084e-04   8.3303710e-04   3.3718259e-04
  -5.9728990e-02   3.4730957e-02  -9.9443007e-03  -8.1379267e-04   9.9696548e-04   4.0638763e-04
  -4.8719766e-02   2.5188056e-02  -6.6765487e-03  -4.8465101e-04   6.9239860e-04   3.5777190e-04
  -5.2030837e-02   3.1269397e-02  -1.3718411e-02  -5.0836805e-04   8.1110814e-04   3.4069678e-04
  -5.6283836e-02   3.6144410e-02  -3.6807939e-03  -6.2850716e-04   9.9930139e-04   3.0388695e-04
  -5.3149157e-02   2.0262558e-02   1.5663436e-03  -4.4161238e-04   8.2927237e-04   3.5557241e-04
  -4.7183562e-02   2.8859294e-02  -1.0876355e-02  -4.7655339e-04   8.2757055e-04   2.9334196e-04
  -5.5823621e-02   2.9103516e-02  -4.1968743e-03  -6.7800624e-04   9.6593779e-04   4.0370490e-04
  -5.1459147e-02   2.1093907e-02  -1.1058461e-02  -4.0428368e-04   8.7950394e-04   3.3824930e-04
  -5.0516628e-02   2.5283820e-02  -9.0831075e-03  -6.3680439e-04   8.9165905e-04   3.5198635e-04
  -5.1545811e-02   1.2073811e-02   1.1023366e-02  -2.9775545e-04   8.8503856e-04   3.3765370e-04
  -5.2622167e-02   1.9519299e-02   3.4375857e-03  -2.6700153e-04   8.1976639e-04   3.3242533e-04
  -5.2735371e-02   2.6371989e-02  -1.0911625e-02  -4.4024692e-04   9.3846474e-04   2.6274437e-04
  -5.2173491e-02   3.3135563e-02  -1.8197218e-02  -7.0422984e-04   8.8238954e-04   3.3605811e-04
  -5.4866371e-02   3.3499367e-02  -1.2330535e-02  -4.6578012e-04   9.3799030e-04   4.0540980e-04
  -5.7250571e-02   4.1686968e-02  -2.1738210e-02  -5.8125788e-04   1.0117302e-03   3.1691613e-04
  -5.8960356e-02   4.3824340e-02  -8.9952564e-03  -9.0669514e-04   1.0003586e-03   4.2624032e-04
  -5.9931684e-02   1.5189627e-02  -3.4439663e-03  -1.1949051e-04   9.6772075e-04   4.0449131e-04
  -5.7810319e-02   3.3268395e-02   1.1560259e-03  -6.0470140e-04   9.6758789e-04   3.7750104e-04
  -5.8606893e-02   2.9516824e-02   7.8231255e-03  -6.7709259e-04   1.0456744e-03   3.5616049e-04
  -5.4877606e-02   2.4674842e-02  -9.2206535e-03  -3.7710267e-04   9.7404648e-04   4.4560465e-04
  -5.6653415e-02   3.9775256e-02  -8.6212497e-03  -8.5055203e-04   9.1236038e-04   3.2427944e-04
  -5.7101428e-02   1.8134515e-02  -2.5316761e-02   4.9189282e-05   9.0665050e-04   3.8330485e-04
  -5.8808886e-02   3.6204831e-02  -1.6941888e-02  -6.0536273e-04   8.9862493e-04   4.4723205e-04
  -5.9370916e-02   4.1870640e-02  -1.5825590e-02  -6.9961242e-04   1.0990341e-03   2.2096064e-04
  -5.8512428e-02   2.4517168e-02   5.7671944e-03  -7.2821594e-04   1.0497974e-03   2.2170356e-04
  -6.2522156e-02   2.0238264e-02  -1.6120563e-03  -1.3722966e-04   1.0638094e-03   2.7733324e-04
  -6.3389566e-02   3.8848972e-02  -5.5530531e-03  -8.4383702e-04   1.0604011e-03   3.1533738e-04
  -6.2971964e-02   3.4756992e-02  -5.4779715e-03  -6.3916139e-04   1.0321437e-03   3.6602510e-04
  -5.7270166e-02   3.7186717e-02   3.4553823e-03  -3.4287688e-04   9.7491373e-04   3.7463753e-04
  -5.4679225e-02   3.3900367e-02   6.3476437e-03  -4.6754298e-04   1.0156632e-03   2.9637624e-04
  -5.8806717e-02   2.5810647e-02   9.8183139e-03  -8.7153093e-05   1.0848174e-03   4.1833367e-04
  -5.3881113e-02   2.8679410e-02  -1.7483458e-03  -2.5843972e-04   9.0569992e-04   4.1687823e-04
  -5.8960687e-02   2.8538540e-02  -1.3000155e-02  -3.0764983e-04   8.7785672e-04   4.4796748e-04
  -6.0599376e-02   2.9729602e-02  -7.3871684e-04  -2.0191759e-04   9.8049738e-04   3.6256127e-04
  -5.2811074e-02   4.0975520e-02   1.9974895e-03  -8.4624143e-04   8.9007541e-04   3.9106216e-04
  -5.5951079e-02   2.8868498e-02   8.4458731e-03  -4.5421413e-04   9.0925273e-04   4.4023269e-04
  -5.3094736e-02   8.0983472e-03  -4.4893151e-03   2.6276364e-05   8.4118178e-04   3.4818298e-04
  -5.1696034e-02   9.5617066e-03   1.5877571e-03  -9.0404682e-05   8.5814298e-04   3.7339108e-04
  -5.0886396e-02   1.9893533e-02   8.9631770e-03  -6.3539666e-04   9.1461822e-04   3.2890287e-04
  -5.6537953e-02   1.4744252e-02  -2.2712999e-03  -4.7819879e-04   8.6356584e-04   4.9062902e-04
  -5.5620273e-02   1.9362293e-02  -7.7152837e-03  -2.8593920e-04   8.5457820e-04   4.3616238e-04
  -6.0356432e-02   2.6845204e-02  -7.7390623e-03  -4.5964057e-04   9.1293531e-04   4.3892934e-04
  -5.6607398e-02   1.4352705e-02   1.5084291e-02  -2.7040744e-04   7.8840684e-04   4.3884306e-04
  -5.3670056e-02   1.2274077e-02   1.5692924e-02  -8.2326770e-05   7.9645993e-04   4.1267524e-04
  -5.6855844e-02   2.7320656e-02   6.3143859e-03  -6.2166785e-04   8.3157252e-04   4.3733636e-04
  -5.4552112e-02   1.7237632e-02   2.4099942e-02  -3.4650606e-04   8.9925926e-04   3.6739644e-04
  -5.3988006e-02  -4.5884614e-04   1.9497467e-02   4.3393959e-05   9.0996873e-04   4.4871428e-04
  -5.1525697e-02   1.0872051e-02   1.0492003e-02  -2.9685306e-04   7.8820049e-04   4.1655309e-04
  -6.0167798e-02   1.6860632e-02  -1.9358875e-03  -2.8069732e-04   9.1469897e-04   5.0489850e-04
  -5.1032322e-02   2.9176060e-02  -2.2016913e-03  -4.5635466e-04   6.7653408e-04   4.2607765e-04
  -5.7728748e-02   2.2888933e-02   4.9510278e-03  -3.5463565e-04   8.8873632e-04   4.0271938e-04
  -5.1728677e-02   9.3769937e-03   8.7799768e-03   5.1196813e-05   8.9893816e-04   3.8864792e-04
  -5.1609399e-02   1.1132186e-02  -2.4311606e-03  -1.5909232e-04   8.3498499e-04   3.8862347e-04
  -5.7067866e-02   1.1095062e-02  -4.4910751e-03  -2.6071778e-04   9.0700021e-04   4.6463059e-04
  -5.5663323e-02   7.0224717e-03  -1.4705323e-03   4.0452068e-06   9.1310958e-04   6.0692276e-04
  -4.5297383e-02   2.9804126e-02  -3.0525841e-02  -2.9984170e-04   7.5841989e-04   6.1814492e-04
  -4.7625482e-02   3.3790777e-02  -1.6980854e-02  -5.2497829e-04   7.5649592e-04   5.4139518e-04
  -4.3031951e-02   1.1300349e-02   2.3863357e-02   9.8715439e-05   5.9316858e-04   4.9028685e-04
  -4.6805966e-02   3.0345346e-02   1.5863000e-02  -4.0349785e-04   6.6363124e-04   4.8210899e-04
  -5.0554926e-02   2.9342728e-02   1.3862001e-02  -4.3166160e-04   6.3454550e-04   4.3967358e-04
  -5.0263598e-02   3.0710055e-02   2.0103796e-02  -2.9634255e-04   6.5464491e-04   5.5959337e-04
  -5.1092039e-02   3.9269523e-02   3.2509029e-03  -3.2457567e-04   7.1456721e-04   5.5425142e-04
  -5.1776534e-02   3.4809854e-02   8.3404817e-03  -5.7730969e-04   8.6117930e-04   5.1398408e-04
  -5.0002177e-02   1.2256894e-02   2.4890989e-02   2.4916997e-04   7.3148755e-04   4.8970064e-04
  -5.3272425e-02   3.3521268e-02   2.3962742e-02  -6.3897099e-05   7.6813067e-04   4.3253426e-04
  -5.4604606e-02   2.9838567e-02   2.2012305e-02  -3.2013523e-04   7.4225022e-04   4.9592990e-04
  -4.7620098e-02   2.5705081e-02   1.2148275e-02  -1.0516416e-04   6.2783701e-04   5.0684996e-04
  -5.1643494e-02   3.9133311e-02   1.0204352e-02  -4.8814600e-04   7.4929788e-04   3.9513372e-04
  -5.6909134e-02   3.1591256e-02   2.0340038e-02  -3.5263401e-04   6.2357874e-04   5.3999920e-04
  -5.7224628e-02   3.3965159e-02   1.8617239e-02  -1.4133469e-04   6.5536526e-04   5.5019203e-04
  -5.6283954e-02   3.6960122e-02   3.7323606e-02  -4.1169422e-04   7.4905547e-04   4.7621773e-04
  -5.5304774e-02   1.9705231e-02   2.5847715e-02   8.9004734e-05   6.5708932e-04   6.1769089e-04
  -5.9054195e-02   3.6342006e-02   1.9978123e-02  -2.5114276e-04   7.9108918e-04   5.3693236e-04
  -4.9697827e-02   3.2418089e-02   3.3326210e-02  -3.5285076e-04   6.2954967e-04   6.1212246e-04
  -5.7296896e-02   1.9940827e-02   2.1901865e-02  -2.6533977e-05   7.5601389e-04   6.9801224e-04
  -5.6541748e-02   3.3383119e-02   1.3832186e-02  -3.0812414e-04   7.9709797e-04   6.1050005e-04
  -5.5372477e-02   2.9757420e-02   2.0416591e-02  -4.7068771e-05   6.5830596e-04   7.2051061e-04
  -5.3497871e-02   2.6455758e-02   9.8792482e-03   3.2100930e-05   6.5182956e-04   6.3208196e-04
  -5.5207400e-02   3.7145520e-02  -1.1500122e-02  -1.0342641e-04   6.8067381e-04   5.0197644e-04
  -5.5460773e-02   1.3925205e-02   3.0251371e-02   1.2437229e-04   5.9635277e-04   5.9324420e-04
  -4.5521141e-02   2.1934001e-02   2.7366333e-02   1.7268163e-04   4.6514411e-04   4.8277929e-04
  -4.7469979e-02   3.7640431e-02   2.5864434e-02  -4.5447466e-04   4.6460383e-04   4.7334449e-04
  -4.8653622e-02   2.9399470e-02   3.2797364e-02   9.3372582e-05   5.6773974e-04   4.9127586e-04
  -5.1259069e-02   3.9437597e-02   2.5986571e-02  -2.9296586e-04   7.1941817e-04   4.6404748e-04
  -5.0277699e-02   3.0809935e-02   3.3711399e-02  -4.1712050e-05   4.6214015e-04   6.3912709e-04
  -4.5008941e-02   3.4923452e-02   2.5189287e-02   1.1674103e-05   4.7931962e-04   5.7331812e-04
