   0.0000000e+00   0.0000000e+00   0.0000000e+00   0.0000000e+00   0.0000000e+00   0.0000000e+00
   1.1126752e-03   9.9611986e-03   7.2894688e-03  -6.9871659e-05  -1.4623987e-04   1.7770287e-05
  -1.9223544e-03   3.6840375e-04  -5.9589467e-03  -3.6664468e-04  -7.3209359e-05  -1.4957150e-05
  -6.3211452e-03  -1.5678843e-02  -7.8574229e-04   2.8775253e-04   5.7052240e-05   8.5920475e-05
  -3.0347232e-03  -1.2870249e-02   5.4765197e-04  -2.7413447e-04  -1.8660800e-04  -1.4352100e-05
  -4.7445599e-03  -3.6892553e-03  -3.0086611e-03  -4.2839030e-04   3.9811518e-05  -5.5352117e-05
  -4.8276762e-03  -5.2701530e-03   4.8904488e-04   2.1639685e-05   2.4936863e-04   6.0147488e-05
   1.1243423e-03  -3.2394756e-03  -6.6235972e-04  -3.5881367e-04   1.5477024e-04  -1.7007564e-05
  -4.2258320e-03  -9.4588482e-03   1.7826376e-03  -7.3564015e-05   1.6994860e-04   5.4074381e-05
   1.3973356e-03  -4.0441260e-03  -8.4464504e-03  -1.9583884e-04   1.5754285e-04   2.2692381e-05
  -4.8624715e-03  -9.1531786e-03  -5.7776877e-03  -4.9692100e-05   2.8613512e-04   9.4274476e-06
  -4.0859777e-03  -3.0230035e-03  -1.0047139e-02  -4.8827405e-05   1.4809528e-04  -3.5119575e-06
  -6.8469055e-03  -7.2272243e-03   6.5740389e-04  -7.6918181e-05  -2.7457040e-05  -7.7571556e-05
  -1.2759385e-02  -2.2371600e-02   5.6035113e-03  -1.6752328e-04   1.6950515e-04  -1.4164210e-04
  -8.9795210e-03  -1.7429373e-02  -2.3680980e-03  -4.2416244e-05  -5.1077656e-05  -6.3965955e-05
  -4.7391369e-03  -2.0235703e-02  -4.3804384e-03  -1.7549374e-04  -1.4103593e-04   1.4047161e-06
  -5.1551327e-03  -2.2141072e-02  -8.8310408e-03  -3.1159752e-04   1.7396478e-04  -1.4442054e-04
  -2.6139307e-03  -1.2410107e-02  -1.3337202e-02  -2.8041492e-04   1.3611048e-04  -7.8626604e-05
  -5.6505675e-03  -1.4993566e-02  -2.2823984e-02  -1.1346388e-04   1.8051509e-04  -1.2349702e-04
  -3.1554455e-03   3.1273498e-03  -1.7385096e-02  -1.9686387e-04   1.5803242e-04  -6.8009920e-05
  -8.6714357e-03   1.7608408e-03  -2.1094622e-02   4.2193149e-05   2.9870084e-04  -1.6765385e-05
  -5.6459665e-03   6.9083690e-03  -2.8682785e-02   9.7144321e-05   2.2682169e-04   1.0426970e-05
  -6.7126562e-03  -9.2915937e-03  -3.3608484e-02  -1.6368382e-04   2.1884546e-04  -1.5635733e-05
  -6.5808073e-03  -7.4515178e-03  -1.1331449e-02  -2.9337325e-04   1.1258540e-04   4.9405068e-05
  -1.6377920e-03  -1.7367846e-02  -1.1731237e-02  -5.2574005e-05  -1.1242296e-04  -6.0771637e-05
  -5.6894992e-03  -2.6213640e-02  -1.1680866e-02  -7.5037234e-05   4.8113580e-05   8.2552775e-05
  -1.3459433e-04  -1.8184820e-02  -1.3396491e-02  -1.2253829e-04   4.3900588e-05   7.2059491e-05
  -4.4005716e-03  -2.7658757e-02  -4.4091138e-03  -2.0279236e-04   1.7601341e-04   3.6246194e-06
  -3.7705136e-03  -2.0455781e-02  -4.6955964e-03  -1.1182356e-04   9.9358099e-05  -1.3982240e-04
  -5.8175260e-03  -1.4259024e-02  -1.0210243e-02  -3.4302801e-04  -3.9017852e-05  -1.1377545e-04
  -1.4692635e-02  -2.5654527e-02  -1.8069824e-02  -1.2250080e-04   8.4255234e-05   2.5311977e-05
  -9.7055835e-03  -2.4915678e-02  -1.7800834e-02  -1.5933031e-04  -6.7216842e-05   2.5410841e-05
  -8.2966104e-03  -2.3011756e-02  -2.3806040e-02  -3.5999359e-04   1.8053956e-05   1.1467472e-05
  -8.0034893e-03  -7.4054339e-03  -1.7966601e-02  -2.0846522e-04   7.7361871e-05  -1.0330409e-04
  -4.3645378e-03   5.5390089e-03  -1.1293350e-02  -2.0183345e-04   7.7970968e-06  -3.0138826e-04
  -7.0406358e-03  -7.1141486e-03  -9.7133862e-03  -4.1927111e-09   4.0901414e-05  -1.1052932e-04
  -1.3763452e-03  -2.2669994e-03  -8.8260831e-03  -2.4046492e-04  -1.5287086e-04  -1.5681091e-04
  -4.5848395e-03  -4.7284282e-03  -2.8950792e-02  -2.0451764e-04  -8.3125542e-06  -7.8948017e-05
  -2.6836689e-03   8.1212415e-03  -2.7423190e-02   1.5146128e-04   3.9649343e-05  -8.0496600e-05
  -6.9588440e-03   4.1664587e-03  -8.1145672e-03  -1.1053312e-04  -3.9586672e-05  -1.4781871e-04
  -2.1222329e-03  -1.6252193e-02   8.8814732e-03   4.3645536e-04  -1.7508903e-04  -3.7255137e-05
  -3.3818712e-03  -1.6809360e-02   5.3339476e-03   4.8896143e-05  -6.8865351e-05  -9.5981725e-05
  -3.7525836e-03  -1.6254853e-02   2.1066511e-03  -3.2897669e-04  -7.8764000e-05  -9.6014096e-05
  -9.1808695e-03  -2.2624835e-02   5.1411593e-04   8.5590411e-06   1.0913166e-04  -2.1336640e-04
  -7.1401658e-03  -2.4299292e-02  -2.7586080e-03  -5.6577594e-04  -8.9557390e-05  -2.1198226e-04
  -7.7197219e-03  -2.4924313e-02  -6.9638860e-03  -6.4908616e-04  -3.0963764e-04  -1.0959010e-04
  -8.3210506e-03  -2.4271911e-02  -7.7091721e-03  -5.8881207e-04  -1.8147362e-04  -1.3714572e-04
  -4.9135280e-03  -1.8913427e-03  -2.6957025e-02  -1.8390091e-04  -2.9487258e-06  -1.4993752e-04
  -3.2646790e-03  -6.8658475e-03  -2.7629634e-02  -6.0644061e-04   6.0797726e-05  -1.9845625e-04
  -4.1570611e-03  -2.7440374e-03  -6.4726393e-03   2.1479635e-04   1.2215374e-04  -1.3499217e-04
  -4.0654914e-03  -8.0953646e-03   4.6674669e-03   5.6531503e-06  -7.4926667e-05  -1.6384254e-04
  -1.2478522e-02  -2.0342090e-02   2.3571003e-03  -3.6932141e-04  -2.6166793e-04  -2.2111665e-04
  -1.5864201e-02  -3.7966420e-02  -1.6992914e-03  -2.2641163e-04  -2.0883451e-04  -1.6754844e-04
  -1.4004653e-02  -3.1841704e-02  -9.1898723e-03  -6.8393096e-04  -2.1417431e-04  -2.3106183e-04
  -1.0153278e-02  -3.0123436e-02  -2.0724644e-02  -6.4273714e-04  -2.6683376e-04  -1.9636478e-04
  -1.0340261e-02  -3.3248452e-02  -2.2069314e-02  -5.4014759e-04   6.8715756e-05  -1.4239561e-04
  -8.5110089e-03  -1.4912470e-02  -3.4164145e-02  -3.8641229e-04   9.0128147e-05  -2.1052275e-04
  -1.0707180e-02  -1.2134842e-02  -3.2463794e-02  -4.8851890e-04  -1.0290177e-04  -3.8253477e-05
  -2.4938912e-03   2.9411449e-02  -1.3971733e-02   3.2721719e-04  -2.8352192e-04  -8.1575456e-06
  -1.9444829e-03   2.1072201e-02  -4.3089491e-02   4.0381663e-04  -3.2494154e-04   1.2125794e-04
  -5.0794492e-03   2.6811070e-03  -1.7257289e-02   3.7911319e-04  -9.2812068e-05   2.9186737e-05
  -7.6415089e-04   4.5350781e-03   6.1424620e-03  -2.8493101e-04  -4.0194795e-04   1.7307417e-04
  -1.8105909e-03  -1.8204173e-02   3.0375158e-02   1.8500433e-04  -3.4072339e-04   1.6699655e-04
  -3.2667158e-03  -3.6534310e-02   4.7814070e-02  -3.8922529e-04  -3.7955002e-04  -1.1328963e-04
   1.5793623e-03  -3.7498727e-02   3.4951951e-02  -6.5944670e-04  -3.9908317e-04  -1.7927740e-04
   1.3398899e-03  -2.1934441e-02   1.5599574e-02  -1.0041866e-03  -1.9468312e-04  -4.1093802e-04
  -1.4569860e-03  -2.9774213e-02   8.2381749e-03  -6.8014952e-04  -1.2093586e-04  -3.2792981e-04
  -8.5382112e-03  -3.4545623e-02   6.3381333e-03  -7.2189922e-04   7.1444628e-06  -3.6856062e-04
  -5.9246349e-03  -2.2989356e-02  -8.4333301e-03  -6.1744674e-04  -1.8578125e-05  -3.7135940e-04
  -9.1664540e-03  -2.3047367e-02  -1.7993910e-02  -6.4562741e-04   2.0945516e-04  -3.5782275e-04
  -4.3480632e-03  -1.6252383e-02  -2.8863126e-02  -2.9178649e-04   9.3380783e-05  -2.3543588e-04
  -1.9863795e-03  -1.0940909e-02  -2.2088882e-02  -6.3901831e-04   6.1997007e-05  -3.3865543e-04
  -6.8534908e-03  -1.2210412e-02  -2.3970851e-02  -2.9471026e-04   2.6536281e-04  -2.7542930e-04
  -4.6845932e-03  -1.2016047e-02  -2.2741987e-02  -4.7879057e-04   1.7156763e-04  -2.2217079e-04
  -5.8302645e-03  -6.5346950e-03  -3.3264088e-02  -2.0160109e-04   1.0484223e-04  -1.1794524e-04
  -1.0907717e-02  -1.4987442e-02  -2.5468332e-02  -3.4897210e-04   2.7152744e-05  -1.3426270e-04
  -1.1887675e-02  -6.9632772e-03  -2.4023953e-02  -5.3171418e-04  -8.2110795e-05  -1.9231708e-04
  -6.7932228e-03  -7.4064134e-03  -1.8787172e-02  -3.3630337e-04  -5.3162677e-05  -1.5693046e-04
  -1.1103827e-02  -1.5885617e-02  -2.8595447e-02  -1.5381472e-04   4.4532172e-05  -1.5993177e-04
  -1.0157854e-02  -2.9794496e-03  -4.2725749e-02  -4.4761439e-05   3.1398797e-04  -8.8589472e-05
  -1.1378570e-02  -4.2149373e-03  -3.2977415e-02  -3.2008141e-04   2.0197504e-04  -1.0632375e-04
  -9.0769003e-03  -1.0730304e-02  -9.7159118e-03   1.7909015e-04   4.8572301e-05  -4.3144762e-05
  -1.2969776e-02  -1.9114972e-02  -4.1447766e-03  -4.1470493e-04   1.6586737e-04  -3.0408464e-06
  -1.1726649e-02  -2.8268090e-02  -1.2870733e-02  -6.9714647e-04  -1.7996284e-04  -1.5513623e-04
  -1.7089655e-02  -3.4321547e-02  -3.1857179e-02  -6.0877315e-04   4.4831561e-05  -7.5484514e-05
  -1.7762508e-02  -3.2634049e-02  -2.8481846e-02  -6.5971290e-04   1.5876505e-04  -1.2859035e-04
  -1.2085947e-02  -2.0889860e-02  -3.7700654e-02  -6.5592066e-04   2.1350209e-04  -1.7908713e-04
  -1.2789208e-02  -2.0397472e-02  -2.9095390e-02  -1.0388494e-04   3.3986980e-04  -1.4066992e-04
  -4.9255133e-03  -5.6606372e-03  -1.7138407e-02  -3.6774266e-04   2.5196362e-04  -1.1825730e-04
   3.1931845e-04  -6.4276203e-03  -1.1715246e-02  -4.1056901e-04  -1.0380373e-05  -2.2697468e-04
  -5.0228669e-03  -1.6791131e-03  -3.3230556e-02  -5.0864593e-04  -3.6200405e-05  -9.3909439e-07
  -9.2665179e-03   7.5839522e-04  -2.2265989e-02   1.2538385e-05   1.6557857e-04  -2.1349570e-04
  -1.2110671e-02  -7.6497450e-03  -4.0322299e-03   2.1152426e-04   1.5044894e-04  -1.5305290e-04
  -9.7324428e-03  -7.3964611e-03   1.4798499e-02   1.2525865e-04   7.9945740e-05  -3.0167158e-04
  -8.2265867e-03  -1.7510285e-02   1.7876884e-02  -5.6707130e-04   2.8041066e-05  -3.7511736e-04
  -8.4678011e-03  -2.9884393e-02   6.5437300e-03  -4.4730710e-04  -1.0891031e-04  -2.4134130e-04
  -1.0899732e-02  -3.5887141e-02  -9.6996960e-03  -9.2538341e-04   1.2868059e-04  -3.1173086e-04
  -5.1144560e-03  -2.4551572e-02  -1.0766491e-02  -8.7085400e-04  -3.1810965e-05  -2.3723639e-04
  -1.1083906e-02  -3.5563908e-02  -2.5050981e-02  -9.3190725e-04   4.1250359e-05  -2.5119972e-04
  -6.8702030e-03  -1.1221277e-02  -3.8504269e-02  -2.0325941e-04   2.9649850e-04  -2.4568732e-04
  -8.9866827e-03   3.4495794e-03  -2.7208338e-02  -4.8486104e-04   2.7630282e-04  -2.1271095e-04
  -1.1580190e-02   4.1041125e-03   3.2379401e-03   1.2231490e-05   1.3007584e-04  -1.3720296e-04
  -9.7717885e-03  -2.8083688e-03   8.4555013e-03  -2.6936407e-04   6.0554037e-06  -3.2790170e-04
  -4.4970522e-03  -9.1941840e-03  -7.0478785e-03  -4.1815902e-04   3.1423739e-05  -3.9391562e-04
  -2.9017455e-03  -2.5302011e-02  -5.8319322e-03  -1.3887152e-04   2.1613977e-04  -1.8328068e-04
  -3.1016499e-03  -2.2015121e-02  -3.8781630e-03  -3.6175849e-04   8.0531101e-05  -1.3921053e-04
  -9.9858126e-04  -2.7435343e-02  -7.1076156e-03  -9.9400312e-04   6.5917585e-05  -2.1490591e-04
  -1.9415065e-03  -2.1678152e-02  -1.6685321e-02  -3.8275875e-04   1.8206262e-04  -1.9135737e-04
  -8.8233179e-03  -6.5482425e-03  -2.1741468e-02   9.1615704e-04   3.1948175e-04  -1.4399031e-04
  -8.0520544e-03   1.6539391e-02  -3.5819654e-02   2.4506754e-04  -1.7185999e-04  -1.2880572e-05
  -7.9168288e-03   1.0376447e-02  -2.3773725e-02  -2.7296859e-06  -1.4196168e-04  -1.1211798e-04
  -9.1982320e-03   4.2874623e-03   5.3954579e-03   1.3939279e-05  -2.5805167e-04  -1.4639656e-04
  -8.2859701e-03  -1.1313738e-02   2.4177249e-02   8.4748183e-05  -1.5566349e-04  -2.7409751e-04
  -1.1405490e-02  -1.8131680e-02   5.4831352e-03  -2.5100625e-04  -9.5593193e-05  -2.8022776e-04
  -8.8405912e-03  -2.8328260e-02  -1.3195321e-04  -9.0164262e-04  -3.3363763e-04  -2.7231587e-04
  -9.3741360e-03  -3.3043650e-02  -8.6114885e-03  -5.4981638e-04  -5.3211874e-05  -2.2359782e-04
  -8.3408452e-03  -2.5915473e-02  -1.8872672e-02  -9.0907658e-04  -4.8633292e-05  -2.9554641e-04
  -9.5422537e-03  -2.9877575e-02  -1.1331589e-02  -4.3123431e-04  -3.9161300e-05  -1.1618195e-04
  -9.6209258e-03  -8.5890976e-03  -2.8427838e-02  -3.1359588e-04   6.3434682e-05  -2.3030076e-04
  -9.2998792e-03   1.5079772e-02  -3.5778047e-02   2.5677378e-05   1.3722528e-04  -9.4972831e-05
  -8.0338183e-04   1.5274584e-02  -6.0326145e-03  -7.6760702e-05  -3.9791322e-05  -2.6293369e-04
  -7.9158875e-03  -1.2189924e-02   1.6529966e-02  -4.6526313e-05  -1.9446880e-04  -2.0012320e-05
  -5.4852376e-03  -1.9991801e-02   1.2234334e-02   1.1184433e-04  -1.6153816e-04  -1.8571232e-04
  -1.0373936e-02  -1.5853692e-02  -3.0337646e-04  -3.6388662e-04  -2.0763895e-04  -2.3167384e-04
  -1.1536238e-02  -2.4464181e-02  -5.3415881e-03  -3.1272013e-04  -1.1531385e-04  -1.6324289e-04
  -1.3927966e-02  -2.4190803e-02  -2.1522736e-02  -8.0359985e-04  -7.1577312e-05  -1.8416402e-04
  -9.1555510e-03  -2.3022015e-02  -3.7533312e-02   5.3653040e-04  -2.9924674e-04   3.4385109e-05
  -1.6116930e-03  -1.0997128e-05  -3.7069375e-02   3.1303739e-05  -1.9141984e-04   3.0293620e-05
  -6.4655631e-03   1.2382905e-02  -2.0243331e-02   4.4622234e-05  -6.3877458e-05  -1.9704620e-04
  -6.9947585e-04  -5.4080651e-03   1.0615300e-02   1.0265624e-04  -1.9079848e-04  -1.2498586e-04
  -2.2868404e-03  -1.4406489e-02   2.7147760e-02   2.3547301e-05  -4.8783867e-04  -1.9829437e-04
   1.5034477e-03  -1.9151917e-02   2.4597792e-02  -8.6778723e-05  -3.7770921e-04  -2.9832454e-04
  -4.1401866e-03  -1.0514663e-02   1.5498713e-02  -5.7316937e-04  -2.2917015e-06  -4.9053577e-04
  -6.5461130e-03  -1.6350546e-02   1.3686572e-02  -2.4203204e-04   1.1145561e-05  -2.9461889e-04
  -1.0369275e-02  -2.1870152e-02   9.0836181e-03  -7.4370238e-04  -2.9041681e-05  -3.1522131e-04
  -7.8627652e-03  -2.8669195e-02   3.6048498e-03  -4.5690099e-04  -1.0236529e-04  -1.6806800e-04
  -5.5193231e-03  -2.9606466e-02  -1.8179401e-02  -6.5323163e-04  -3.6701785e-05  -1.4776858e-04
  -5.0072111e-03  -2.2294846e-02  -2.4356938e-02  -3.2086621e-04   2.1776256e-05  -2.2207210e-04
  -7.2236320e-03  -1.5440875e-02  -3.6715100e-02  -4.1490273e-04   1.0694310e-05  -1.4722145e-05
  -4.5080254e-03  -5.6725622e-03  -2.8552924e-02  -7.2871623e-04  -3.0487305e-04  -7.3507423e-05
  -8.6751858e-03  -5.7747437e-03  -2.5322307e-02   6.9761493e-05   4.0257588e-05  -4.1107069e-05
  -6.5053498e-03  -1.4743132e-02  -2.0274018e-02  -4.3338758e-04  -1.4257272e-04  -1.1335841e-04
  -5.3039433e-03  -1.5792181e-02   3.6159371e-03   7.9060853e-05  -1.2302105e-04  -8.0862165e-05
  -3.3926747e-03  -2.2090465e-02   1.6578656e-04  -4.2120584e-04  -9.7681305e-05  -9.8461289e-05
  -2.2203977e-03  -2.2075841e-02   5.0038644e-04  -1.7962015e-04  -2.3112108e-04  -5.7404973e-05
  -8.9920390e-03  -3.5977076e-02  -1.4899375e-02  -4.8863315e-04   6.3244458e-05  -3.2374460e-05
  -7.5974698e-03  -2.9012652e-02  -5.5897341e-03  -1.0364178e-03  -4.8068413e-04  -9.7907256e-05
  -1.0570617e-02  -1.9803526e-02  -2.0027140e-02  -4.1205478e-04  -8.2294000e-05  -2.1746105e-04
  -1.0955479e-02  -1.7084457e-02  -3.2114332e-02  -6.0671725e-04  -3.1283098e-05  -1.2120480e-04
  -6.8314167e-03  -5.1405218e-03  -2.8231543e-02   5.6730625e-05   2.0278143e-04  -2.0854681e-04
  -7.0184384e-03   9.2373774e-04  -4.3175660e-02  -4.5034499e-05   4.0559218e-05  -8.5817832e-05
  -4.1180385e-03   1.2312656e-02  -2.4190922e-02   2.2402398e-04  -6.2141953e-05  -1.1480936e-04
  -6.9138526e-03  -6.0689576e-03   5.3999344e-03  -1.3509154e-04  -4.1956468e-04  -2.2580004e-04
  -8.1374669e-03  -3.1374089e-02   2.4037965e-02  -1.9889054e-04  -3.4000384e-04  -1.6916415e-04
  -5.8318383e-03  -4.2990252e-02  -6.1068965e-03  -9.5484009e-04  -5.0522475e-04  -2.7790897e-05
  -9.5096809e-03  -4.3788471e-02  -3.2749955e-03  -8.7650588e-04  -2.0728144e-04  -1.1064448e-04
  -9.6710740e-03  -2.8234206e-02  -1.7508637e-02  -5.7272144e-04  -1.8944096e-04  -5.4851554e-05
  -1.1572812e-02  -3.2667128e-02  -1.4351793e-02  -7.3340642e-04  -9.9642275e-05  -1.5198483e-04
  -6.9297505e-03  -1.0444343e-02  -1.7256819e-02  -7.3132436e-05  -6.8744770e-05  -1.8430064e-04
  -8.0806308e-03   1.3565271e-03  -1.7995052e-02  -1.4387102e-04   1.1014050e-04  -2.8691403e-04
  -9.5884231e-03   1.1230829e-02   1.4629043e-02  -1.0931922e-04  -2.3666483e-04  -2.6063037e-04
  -9.1317922e-03  -1.4825045e-02   2.5082267e-02  -1.7885620e-04  -2.4219230e-04  -2.3541192e-04
  -8.2813440e-03  -2.7098834e-02   6.0420976e-03  -6.6023268e-04  -6.0837707e-04  -2.3574114e-04
  -6.4989829e-03  -3.4757398e-02   3.7993809e-03  -7.2424002e-04  -3.5292101e-04  -3.2732970e-04
  -1.2901082e-02  -3.1330434e-02  -9.7477056e-03  -1.0394755e-03   6.1317330e-07  -1.9041215e-04
  -1.0775402e-02  -2.1304930e-02  -1.2510757e-02  -9.3734617e-04  -1.0783634e-04  -4.0348038e-04
  -1.1760795e-02  -8.8345422e-03  -1.1328471e-02  -5.5490148e-04  -9.0722371e-05  -2.8417308e-04
  -9.1259053e-03   2.1584107e-02  -5.8841090e-02   6.1891303e-04   2.8782509e-06  -4.0730570e-04
  -5.2816979e-03   2.0613178e-02  -3.2343926e-02  -7.0008453e-05  -1.0476422e-04   1.0205190e-05
  -2.7884261e-03   1.9709313e-02  -1.3742682e-02  -2.5355204e-04  -9.2973606e-05  -1.5742311e-04
  -5.6628652e-03  -1.7212817e-02   2.4195722e-02   5.1921756e-04  -4.5949088e-05  -1.5348817e-04
  -3.3306500e-03  -2.9312708e-02   2.2062154e-02  -4.8469453e-04  -1.8378399e-04  -1.3127037e-04
  -4.6451060e-03  -4.2476255e-02   1.6175977e-02  -1.4609409e-04  -1.3539222e-04  -1.4358327e-04
  -1.1077108e-02  -4.8810718e-02   1.3256323e-02  -1.1604457e-03  -8.9577890e-05  -2.3506699e-04
  -5.4002714e-03  -3.7217975e-02  -1.5710359e-03  -9.8793594e-04  -3.3573894e-04  -2.1344380e-04
  -9.3610908e-03  -4.9390758e-02  -1.2385892e-02  -1.0895890e-03  -1.3148711e-04  -1.7743203e-04
  -6.7164831e-03  -4.1677617e-02  -8.3603816e-03  -1.2784367e-03  -9.7364341e-05  -2.2888082e-04
  -9.2388435e-03  -2.1070694e-02  -2.2442997e-02  -5.0644661e-04   4.3019460e-05  -2.2566856e-04
  -9.8573464e-03  -4.2105912e-03  -2.8182992e-02  -8.2231849e-04   1.3196355e-04  -2.5063682e-04
  -8.4573760e-03   5.2727706e-03  -2.7984286e-02  -1.0057617e-04   2.9637473e-05  -1.3759546e-04
  -5.5851064e-03   1.4003423e-03  -2.3795638e-02  -7.0922088e-04  -8.4720857e-05  -8.2282170e-05
  -2.0156610e-03   6.8465784e-03  -1.4527148e-02  -2.7566816e-05   1.5886615e-04  -1.8193253e-04
  -3.4607224e-03   9.4765330e-03  -2.6745523e-02  -3.2054351e-04   1.2270535e-04  -1.6841878e-04
  -4.9164443e-03  -1.1183690e-02   2.5997695e-03  -2.2267231e-04   9.4683158e-05  -6.9282611e-05
  -9.9210131e-03  -2.3269873e-02  -1.4091873e-02  -4.6528468e-04   4.4609429e-06  -1.3001748e-04
  -8.4572656e-03  -3.0545724e-02  -1.5505206e-02  -1.1051494e-03  -2.9086822e-04  -1.1897688e-04
  -1.2014838e-02  -2.9898053e-02  -1.6380252e-02  -7.1967366e-04  -8.6039040e-05  -1.2873332e-04
  -5.5378738e-03  -1.6764556e-02  -2.7954777e-02  -7.5467443e-04  -3.6975875e-04  -1.2128928e-04
  -1.0065886e-02  -1.7820593e-02  -2.7742686e-02  -8.2306537e-04   8.0191755e-05  -1.7584787e-04
   5.1318088e-03   9.2558473e-03  -3.4119168e-02   2.2674053e-04   1.3146484e-04  -2.1076034e-04
   3.8670062e-03   2.2803314e-02  -2.4006214e-02   6.4163842e-04   1.4389891e-04  -8.1698139e-05
   1.7101350e-02  -4.0758704e-02  -1.5444353e-02   1.9779839e-03  -1.0054101e-03   3.5256264e-03
  -2.4371488e-03   6.1585649e-03   4.9878899e-04   2.3567309e-04  -2.4407651e-04   7.2255474e-05
  -3.0538164e-03  -1.8275876e-02   2.8247562e-02   1.0987127e-04  -4.0172047e-04   1.3605801e-04
  -2.9829190e-03  -2.9819039e-02   4.4700340e-02   1.4895224e-04  -6.1297229e-04   1.4023532e-04
   1.9734780e-03  -3.7638674e-02   3.1614040e-02  -2.3703055e-04  -6.6702115e-04   1.4426323e-04
  -5.0177771e-03  -3.6503870e-02   1.9110952e-02  -1.9587531e-04  -2.3996017e-04   1.4065971e-04
  -1.0023540e-03  -1.3313544e-03   2.7061351e-02   2.8707022e-03   1.3702474e-04  -3.2463552e-06
  -2.4926311e-03  -1.0782993e-02   1.4567814e-02  -1.5582155e-03  -6.7641350e-04   1.8200024e-04
  -3.5045080e-03  -1.5216731e-02   6.6229890e-03  -7.5827131e-04  -1.9916437e-04   1.0503730e-04
