   0.0000000e+00   0.0000000e+00   0.0000000e+00  -1.1102230e-16   1.3690254e-38   1.5199235e-54
  -3.4292360e-03  -1.0660520e-02   5.9296266e-04   2.4083722e-04   2.2264120e-04  -1.3709481e-04
   1.4397943e-03  -5.4505962e-03  -3.1192087e-03   4.8593840e-05   2.9876531e-04  -1.9008821e-04
   3.2068600e-03  -1.3365812e-02   9.8419496e-03   2.3835981e-04   2.0632569e-04   5.8522783e-05
  -1.0150885e-03   5.0834733e-03   2.3380403e-02   8.6932306e-04  -8.9225960e-05  -4.7785124e-05
   2.5394328e-03  -3.7501930e-02  -6.2784161e-02   1.5464405e-03   6.7030751e-04   1.0440991e-03
   1.3436496e-02   2.0455257e-02  -4.2324308e-02   1.2456451e-03   8.6050687e-04  -3.1391939e-04
   7.3078786e-03  -2.6611634e-02  -5.5101931e-02   1.7943079e-04   3.7345030e-04  -7.9179077e-05
   1.4810806e-02  -1.1247060e-02   4.3880980e-02   1.5929970e-03   1.1489704e-03   3.4008068e-04
   1.8949012e-02  -5.7304602e-03   4.9767694e-02   1.0079280e-03   1.0070381e-03   9.0818490e-05
   1.9528068e-02  -2.6977167e-03   3.6145575e-02   8.2588278e-04   1.0544713e-03  -1.2009547e-04
   1.8384016e-02   7.8067482e-03   1.5889879e-02   6.8680456e-04   9.6972845e-04  -7.1658516e-05
   2.0307222e-02  -7.3546977e-03   1.9687844e-03   3.9149785e-04   9.7487425e-04   1.6037632e-04
   2.5519278e-02  -1.2818613e-02   4.2261617e-03   4.0243543e-04   9.7927809e-04   8.0855705e-05
   2.2358312e-02  -6.6474819e-03  -2.0404038e-03   2.8754660e-04   9.2438172e-04   9.4925300e-05
   2.2973856e-02  -8.7294098e-03  -8.3587952e-03   1.2459075e-04   9.2175631e-04  -7.2652069e-05
   2.4682298e-02  -1.5525261e-02   1.5383157e-03   4.3515440e-04   9.8624455e-04   1.0900053e-05
   2.2117922e-02  -1.8472837e-02  -5.3751585e-03   3.2001378e-05   1.0713090e-03  -2.5983818e-05
   2.6225411e-02  -9.3369789e-03  -6.2026838e-04  -7.4678877e-06   1.0391273e-03   7.1363648e-05
   2.3967617e-02  -3.3671046e-03  -2.9532597e-03   5.9719262e-05   1.0095301e-03   1.4043266e-04
   1.9692080e-02  -1.6533919e-02   1.7829692e-03   2.2704299e-04   9.7300277e-04  -1.2263270e-04
   1.9348622e-02  -2.4596797e-03   1.1867269e-02   3.7096580e-04   8.8700438e-04  -2.4858048e-05
   1.8910786e-02  -4.1340234e-03  -2.5979084e-03   1.1777421e-03   1.0445395e-03   2.1553221e-04
   2.1608108e-02   8.9605380e-03   2.5376001e-03   2.1388218e-03   8.0699264e-04   3.1298166e-04
   1.7130194e-02   1.3803643e-02   7.8563598e-03   8.7813625e-04   8.0418488e-04  -1.2359389e-04
   2.0712132e-02   6.6500009e-03   1.6240582e-02   9.4844294e-04   8.4543877e-04   9.1073528e-05
   2.1700378e-02   4.8241993e-03   2.0602108e-02   7.4211843e-04   8.2180865e-04   1.7768769e-04
   2.2994467e-02  -1.4236109e-03   1.7083622e-02   4.8896994e-04   9.1786027e-04   1.6203861e-04
   2.1758691e-02  -1.5593043e-02  -4.5260377e-03   2.1674852e-04   8.5345904e-04   1.5535328e-04
   1.9646548e-02  -2.1783660e-02  -7.4857821e-03  -3.3668283e-05   8.8923356e-04  -6.8055308e-05
   2.0858298e-02   7.4656722e-03   4.0087526e-04   5.6457058e-04   1.0724440e-03  -3.3941455e-04
   1.2525996e-02   6.7925486e-03   5.1528851e-03   4.9437217e-04   5.3819819e-04  -1.3666774e-06
  -3.9984347e-03   5.1414624e-02  -7.9313733e-03   3.0452128e-03   3.6972214e-04   5.7153221e-04
  -9.0744781e-04   2.5705377e-02   1.4311914e-02   2.9009433e-03   2.4365838e-04   6.2885935e-04
   8.9909985e-03   2.3695038e-03   2.3736020e-02   4.7255962e-04   6.5103174e-04   5.2545491e-05
   3.1795126e-03   2.3483496e-03   1.4908393e-02   8.7478261e-04   7.5827431e-04   2.1449065e-04
   5.2381603e-03  -1.4697668e-02   3.3718806e-02   1.3412158e-03   6.6300538e-04   1.0200824e-04
   1.3227763e-02   4.6383635e-03   4.7715832e-02   1.2422753e-03   6.5770885e-04  -1.2174902e-04
   1.1401071e-02  -1.4972824e-03   3.0505272e-02   7.1136595e-04   7.9211361e-04  -1.1952969e-04
   1.8797824e-02  -1.3654885e-03   2.5073508e-02   6.4200916e-04   7.2836412e-04  -9.1293298e-05
   1.2845438e-02  -2.7275991e-03   1.3893410e-02   6.4574213e-04   6.5972654e-04   4.0277258e-05
   1.5264960e-02   2.2324205e-03   5.1323215e-03   4.0062921e-04   5.3486836e-04   1.2797593e-04
   1.9940617e-02   2.5067634e-02   2.5859237e-03   5.0022071e-04   6.9600451e-04  -1.2334283e-04
   1.8171757e-02   9.3271325e-03   1.4269242e-02   7.3540340e-04   6.2725249e-04   7.4958797e-06
   1.4888548e-02   1.5606712e-02   6.1610009e-03   5.1461041e-04   6.8134279e-04  -1.3275542e-07
   1.5381847e-02   1.3603408e-02  -6.6165527e-03   3.3258050e-04   6.7633564e-04  -4.0190801e-08
   1.5406978e-02  -7.2821993e-03   5.7034523e-04   3.9431773e-04   7.2709476e-04   1.4104320e-05
   1.9319426e-02  -1.3478844e-02   1.4463590e-03   3.5137366e-04   6.6569860e-04   1.1165119e-04
   1.5499524e-02  -4.6215888e-03   9.4919950e-03   3.3021934e-04   5.4017897e-04  -4.7654512e-05
   1.5753211e-02  -1.0004027e-02   9.7509866e-03   3.9874004e-04   5.4842765e-04  -1.6161613e-06
   1.5768458e-02  -1.7213034e-02  -5.5154682e-03   4.6152997e-05   5.1240102e-04  -4.4575786e-05
   1.2758711e-02  -1.9928022e-02  -5.7792038e-03   4.2045008e-05   6.1192105e-04   1.4835007e-04
   1.6238307e-02  -1.5301972e-02  -2.9904108e-03   1.6786832e-04   6.0997249e-04  -7.6176976e-05
   1.8568277e-02  -1.9058798e-03  -3.6195209e-03   2.2137003e-04   5.1345653e-04  -4.1455983e-05
   1.4808756e-02   2.7767257e-03   3.7551305e-03   1.9234823e-04   5.2569618e-04  -4.4805980e-05
   1.3631060e-02   1.9051146e-04   5.6392302e-03   3.7119200e-04   4.4152883e-04   1.2702828e-05
   1.3447161e-02   1.6965526e-03   7.1330862e-03   3.1981852e-04   4.4526130e-04  -5.4033068e-05
  -4.2701842e-03   2.3551744e-02  -1.1770917e-02   2.5718233e-03  -2.5847759e-04   1.8607603e-04
  -5.1058089e-03  -1.1587489e-02  -1.2235480e-02   3.3903854e-03   5.4705040e-04   5.4910295e-04
   9.0605725e-03   1.8382149e-02   1.8178341e-02  -7.0793953e-04   5.4805240e-04  -6.5945363e-04
   9.6522919e-03  -1.4266184e-02   3.5607786e-02   1.5136692e-03   3.9578829e-04  -1.5475162e-05
   4.5764625e-03  -8.8303684e-03   5.3330109e-02   1.3900724e-03   6.0388524e-04   2.9166014e-05
   9.1669745e-03  -1.9900911e-02   5.8007288e-02   1.0993056e-03   5.8777731e-04  -7.2298777e-05
   8.7273282e-03  -2.4521146e-03   3.6891561e-02   4.6606444e-04   6.2041924e-04  -4.9304063e-06
   1.4394242e-02  -9.6033048e-03   1.7082381e-02   5.5917093e-04   5.0810200e-04   4.0264828e-05
   1.4072182e-02  -1.5386916e-02   9.1211354e-03   5.3757968e-04   5.0499454e-04   4.2925759e-05
   1.5710257e-02  -1.2564611e-02   1.8006330e-03   3.9606039e-04   4.8592874e-04  -5.4168332e-06
   1.0739836e-02  -1.6326192e-02  -6.8001739e-03   3.6701989e-04   3.9895375e-04   1.1308473e-04
   1.1912905e-02  -1.8450488e-02   6.5839083e-03   4.6167014e-04   4.4041023e-04  -9.7309187e-05
   1.0452777e-02  -8.6825605e-03   1.1094443e-02   3.7523628e-04   3.2182014e-04  -8.2464227e-06
   1.3759624e-02  -1.4658620e-02   5.6575050e-03   5.9098478e-04   2.9787574e-04   4.3679879e-05
   1.2704691e-02  -1.4059290e-02   3.4432861e-04   4.1017769e-04   3.6036080e-04  -6.4758211e-05
   9.5899441e-03  -1.3087269e-02   1.2680137e-02   1.2041384e-03   7.4421367e-05  -4.7192959e-05
   5.2550409e-03   3.0817513e-03   1.9485527e-02   3.1959162e-03   5.9962503e-04   7.6393429e-04
   8.1070573e-03   1.3012792e-02  -2.3922749e-02   3.0173542e-03   2.9450277e-04   2.5803684e-04
   1.4895701e-02  -1.9406252e-02   3.2705136e-02   2.0152587e-04   7.7818351e-04   3.3089296e-04
   1.4255890e-02  -1.7878460e-02   4.4854615e-02   9.1049945e-04   9.3832681e-04   8.2984343e-05
   1.4543729e-02  -1.6518807e-02   5.5696527e-02   5.6749687e-04   1.0256369e-03   2.2487884e-05
   8.9709933e-03  -1.3480477e-02   5.2168486e-02   8.4614182e-04   9.3592164e-04   2.1228483e-04
   9.9429643e-03  -8.0937524e-03   3.0882044e-02   4.0616317e-04   8.3650734e-04   9.2558614e-05
   1.1017292e-02   1.3166868e-03   2.2415496e-02   2.5491879e-04   8.0337140e-04   2.8964256e-05
   1.2696691e-02  -8.2978730e-03   1.9849861e-02   1.4046387e-03   7.2945661e-04  -1.6287587e-04
   1.0322265e-02   7.1440534e-03   1.9642978e-02   1.0252305e-03   8.8802112e-04   1.7520820e-04
   1.0430354e-02   2.5929836e-03   7.0998195e-03   8.8086157e-04   8.9109036e-04  -4.9792520e-05
   1.0647782e-02   6.2371993e-03   1.4170096e-02   9.9030098e-04   7.8212068e-04   1.2284077e-04
   1.3016920e-02  -3.0029362e-03   3.0072408e-02   1.2372881e-03   6.8606971e-04   1.9252894e-04
   4.7753279e-03  -1.6270155e-03   2.7178054e-02   1.0917015e-03   7.1584177e-04   3.7691886e-04
   8.5128785e-03   7.4775269e-04   3.9118028e-03   3.6907548e-04   6.6080660e-04   3.1801790e-04
   9.4258128e-03  -1.3710376e-02   3.1028353e-02   7.7646252e-04   5.5720693e-04   3.2931775e-04
   7.9793834e-03  -4.1777664e-03   3.6026333e-02   7.7375717e-04   7.7355390e-04   2.2430266e-04
   5.6290943e-03   2.0479182e-02   4.1107547e-02   1.1505172e-03   7.5301694e-04  -6.9895983e-05
   6.7535680e-03   2.9367418e-03   3.4610831e-02   1.0030886e-03   4.4583893e-04   5.3970113e-04
   7.9098924e-03   8.2225628e-02   4.4290474e-02   5.2683331e-03   9.3176320e-04   6.0101460e-04
  -1.0459308e-02   3.8310735e-02  -1.9907173e-02   3.1969514e-03  -1.4555058e-04   1.0208016e-03
   9.9132590e-03  -3.1056195e-03   1.8093913e-02   5.6762075e-05   3.9888194e-04   4.1553652e-04
   8.9390245e-04  -4.1729018e-02   4.3535769e-02   1.4263322e-03   6.9584322e-04   5.6290486e-04
  -2.1447362e-03  -6.3399190e-03   4.0578941e-02   2.2579636e-03   5.7790236e-04   3.0934689e-04
   5.4045668e-03  -2.9778663e-03   4.7365262e-02   1.2536876e-03   6.1138090e-04   2.8261241e-04
   6.7424715e-03   1.1525387e-02   3.8658824e-02   1.0427884e-03   5.8264143e-04  -2.9647460e-05
   7.8201583e-03   9.5724313e-03   2.2816742e-02   8.9305587e-04   7.0558279e-04   1.1280935e-04
   1.1594901e-02   1.0509056e-02   3.5634368e-02   1.3632110e-03   6.1361559e-04   2.8164356e-04
   8.3922888e-03   1.8283598e-02   1.4087898e-02   1.0388938e-03   6.1532490e-04   2.6085253e-04
   1.0674063e-02   2.6491890e-02   1.7166996e-02   1.1701696e-03   5.8838712e-04   2.3124374e-04
   9.6500189e-03   3.9255120e-02   2.7480453e-02   1.6419952e-03   5.6907222e-04  -2.5460397e-04
   7.2985846e-03   1.5247762e-02   2.4214386e-02   9.2219180e-04   5.1598295e-04   2.3066869e-04
   3.9198388e-03   1.5313774e-02   3.8138246e-02   1.4106906e-03   6.7826827e-04   9.9181982e-05
   4.6378366e-03   1.1621463e-02   2.6237758e-02   1.1633929e-03   9.3706148e-04   1.7071231e-04
   1.3378543e-02   2.4749674e-02   2.3824733e-02   1.2753548e-03   7.8957654e-04   1.0614976e-04
   1.0282522e-02   1.2163074e-02   3.1163320e-02   1.5854763e-03   8.3087764e-04   1.4375724e-04
   5.7527159e-03   1.6704330e-02   2.4608901e-02   1.4681657e-03   8.9589559e-04   4.6973968e-05
   8.2363627e-03   3.0565949e-02   2.1145195e-02   2.1204392e-03   5.8485636e-04   2.6468305e-04
   2.7446133e-03   1.1285306e-02   2.0356144e-02   1.3390625e-03   7.2075973e-04   3.1869465e-04
   1.4260881e-02   1.9980896e-02   2.8005067e-02   1.3702907e-03   6.1924193e-04   6.2550990e-04
   8.2314305e-03   1.7884997e-02   3.0723713e-02   1.3035585e-03   8.1235732e-04   1.2901483e-04
   1.0566748e-02   1.6346335e-02   2.9671501e-02   1.1047613e-03   7.4379593e-04   3.0818086e-04
   1.6288252e-02   1.3753966e-02   3.2921994e-02   9.1616974e-04   6.4084237e-04   7.5572039e-04
   9.6921646e-03   2.9798411e-02   3.3107619e-02   7.7659017e-04   6.6631933e-04   3.0900824e-04
   1.3267140e-02   1.4029471e-02   3.1653586e-02   9.5713581e-04   8.2063917e-04   3.7469844e-04
   1.1491060e-02   2.2404171e-02   2.2189186e-02   1.2584132e-03   7.8306516e-04   5.8055910e-04
   1.3591219e-02   9.2966705e-03   2.0317513e-02   1.0355872e-03   6.6188071e-04   7.7599080e-04
   1.6317063e-02   2.3002511e-02   2.5121329e-02   9.1523756e-04   8.3969535e-04   6.0141790e-04
   1.6106207e-02   4.3830886e-02   2.8787600e-02   1.3181086e-03   8.0146732e-04  -5.7283782e-05
   1.1286229e-02   3.1695184e-02   3.6573578e-02   1.2839529e-03   8.9573349e-04  -2.9546828e-05
   1.3310880e-02   4.8104516e-02   3.1732581e-02   1.7292731e-03   6.1906889e-04   4.2915074e-04
   1.4160379e-02   3.4128835e-02   3.0579062e-02   9.7817964e-04   8.3607066e-04  -9.9360060e-05
   1.0712630e-02   2.1213009e-02   2.4435666e-02   8.6795304e-04   7.3060749e-04  -6.3167187e-05
   6.9177255e-03   2.4241185e-02   2.5728074e-02   1.1016557e-03   7.1862839e-04  -2.2328438e-04
   1.4715449e-02   4.5898032e-02   4.9024577e-02   4.6738252e-03   7.6283877e-04   1.6724858e-04
  -4.7077279e-03   1.5219274e-02  -3.5380089e-02   4.1049079e-03   8.3183416e-04   3.3872443e-04
   1.4726519e-02  -2.7216451e-02  -1.7110526e-02  -4.0071946e-04   1.1944686e-03   1.9485960e-04
   2.9133885e-03  -5.9990395e-02   1.9523313e-02   2.3817734e-04   3.6444888e-04   8.6867367e-04
   9.1728081e-03  -3.7881786e-02   4.4535997e-02   7.7423958e-04   8.1365764e-04   2.7657588e-04
   1.3066239e-02  -1.6878291e-02   5.3851068e-02   7.4151616e-04   7.2793811e-04   8.5670531e-05
   1.0001139e-02  -2.8574148e-03   2.7155974e-02   5.7490966e-04   6.7648211e-04   8.8432830e-05
   1.1913480e-02   3.4682957e-03   1.5335870e-02   5.1353375e-04   4.4509747e-04  -7.1054845e-05
   8.4727205e-03   4.3734923e-03   2.1028155e-02   8.0407293e-04   6.4564221e-04  -4.1067567e-04
   7.5965676e-03   3.7315786e-03   1.5445035e-02   7.2629696e-04   5.1704186e-04  -1.3541022e-04
   1.0880473e-02   1.0435199e-02   1.6239392e-02   9.6804027e-04   5.0670013e-04   2.9777241e-04
   1.3251033e-02   1.0902123e-02   1.0927896e-02   5.2000097e-04   4.6616031e-04  -7.3365884e-05
   7.6962466e-03   5.5027522e-03   2.4081692e-02   1.0343253e-03   3.5748115e-04   3.4299473e-04
   7.6236467e-03  -2.3700630e-03   9.8920788e-03   3.6485965e-04   4.8387803e-04   9.6950998e-07
   9.7072890e-03   1.0924934e-02   6.7690806e-03   3.4742995e-04   3.6432477e-04   2.7810977e-04
   9.5207806e-03   1.2831245e-02   1.1230600e-02   7.5896596e-04   5.3058968e-04  -2.8828607e-05
   1.3851562e-02   4.3710049e-03   1.5776169e-02   6.3957694e-04   5.2227101e-04   3.3184701e-04
   1.1206958e-02   1.2347674e-02   2.0416847e-02   7.7981020e-04   4.7966634e-04   2.6472836e-05
   1.1129270e-02   7.9703994e-03   1.7453281e-02   7.3131768e-04   5.1591216e-04   2.0533059e-04
   1.5415319e-02   2.6451831e-02   1.1340315e-02   8.9675183e-04   4.3110006e-04  -2.8833693e-04
   1.2152931e-02  -7.3687166e-04   1.4652052e-02   3.6897786e-04   3.9126384e-04   8.6334601e-05
   1.1201823e-02   1.2909566e-02   2.1624563e-02   9.4041421e-04   4.7504894e-04  -9.0132255e-05
   2.9460338e-03   1.1498055e-02   1.7294984e-02   9.5647407e-04   9.5335541e-04  -8.3544639e-04
   8.0450644e-03   8.5112924e-03   1.8417060e-02   9.0723708e-04   3.9419391e-04   1.4164717e-04
   5.8450524e-03   1.5570287e-02   2.6694551e-02   1.3269548e-03   4.5054721e-04  -5.1373362e-05
   7.5286366e-03   8.5453101e-03   7.9168968e-03   5.4944633e-04   3.6789555e-04   1.2124659e-04
   1.0575493e-02  -9.8243363e-03   1.3570323e-02   5.9899848e-04   2.3165624e-04   7.9190708e-04
   1.2197190e-02   7.6445872e-03   1.9353481e-02   7.7988618e-04   3.2827313e-04   5.3497467e-04
   7.2616540e-03   2.7983545e-02   2.6168948e-02   7.8579469e-04   4.9948466e-04  -6.5937870e-04
   3.2443122e-03   3.9967480e-03   1.4373417e-02   3.4226617e-04   4.2942725e-04  -3.7897979e-04
   4.2855487e-03  -6.7800101e-03   1.3688902e-02   1.1332904e-05   4.0928898e-04  -1.2170126e-04
   8.6061166e-03   1.7245735e-02   1.2457861e-02   2.7137871e-04   3.8449529e-04  -6.3296540e-05
   5.7835042e-03   1.6468134e-02   2.7932546e-02   7.8312461e-04   3.5233061e-04  -2.0063513e-04
   9.0819982e-03   8.4453669e-03   1.6857008e-02   3.1187265e-04   3.5996988e-04  -1.6878332e-04
   9.4747456e-03   5.1163582e-03   8.8082598e-03   9.3348961e-05   3.9905444e-04   3.4227080e-04
   6.8763242e-03   1.6961926e-02   1.5540756e-02   6.9136309e-04   3.3356997e-04  -1.3149792e-04
   7.9916261e-03   8.7651819e-03   1.6979102e-02   3.4846006e-04   3.2964749e-04   3.2467314e-04
  -6.9705662e-04   1.2809081e-03   1.7024853e-02   3.7414705e-04   2.5216855e-04   2.9058149e-04
  -5.1928773e-03   4.2627294e-02   3.9821898e-02   2.5857866e-03  -5.4502506e-05  -3.3413653e-05
  -1.9264449e-02   5.0840969e-03  -1.8002282e-02   3.0930326e-03  -6.2065907e-04   2.9024349e-04
  -3.5270503e-03   6.2353432e-02   1.7328432e-04   5.2012793e-04   2.3173277e-04  -4.7338628e-04
   2.1382280e-03  -5.7675075e-03   2.4283513e-02   1.9374463e-03   3.2503862e-04   5.5671537e-05
   2.7227092e-03  -2.8348554e-03   5.2649147e-02   1.6950176e-03   3.4184994e-04   4.6012427e-05
   4.2222429e-03   2.1753694e-03   5.6770863e-02   1.3658751e-03   3.9733367e-04  -5.7619240e-05
   4.6220320e-03  -2.1580750e-03   3.3982261e-02   8.0278695e-04   4.2012383e-04   2.1459745e-04
   6.0641489e-03   6.9129831e-03   2.0184887e-02   7.5998781e-04   4.3567355e-04   6.6726514e-05
   3.6268552e-03  -5.1138852e-03   1.8835508e-03   1.7595971e-04   3.5658600e-04   2.0133183e-05
   4.0663696e-03  -4.1995669e-03  -1.0589996e-03   2.2638894e-04   1.6988358e-04   2.1711854e-04
   3.5255534e-03  -1.7327323e-03   1.9644185e-03   6.2444962e-04   2.8512366e-04   1.2286484e-04
   2.7262977e-03   9.5416822e-03   6.0314866e-03   5.1452931e-04   2.7956048e-04  -1.2056628e-04
  -2.4370759e-03   1.5421301e-02   2.2930970e-02   6.5390440e-04   3.2916376e-04  -6.5582645e-04
  -2.9227033e-04   2.8886432e-02   1.3047230e-02   8.3499305e-04   2.5438963e-04  -4.0837993e-04
  -4.1201788e-03   1.2589822e-02   1.4716313e-02   8.4569000e-04   1.5877638e-04  -5.3165793e-04
  -1.1129241e-02   2.6754378e-02   3.0960223e-02   2.0977976e-03  -4.3688820e-05  -2.8450534e-04
  -1.6574573e-02   7.6837897e-02   5.9756488e-02   6.5690259e-03  -7.0011192e-04   2.0545197e-04
   7.8954008e-03   1.0138435e-01  -2.3029810e-02   2.3642223e-03  -4.4658143e-04  -2.0023956e-03
   3.1401345e-03  -1.9993139e-02  -1.7820053e-02   9.1737005e-04   2.9400152e-04   6.6430078e-04
  -1.3489782e-05  -2.5827600e-02   1.5513645e-02   6.2315544e-04   5.2835462e-04  -1.0982868e-04
   2.3155704e-03  -2.3499450e-02   3.1399175e-02   3.0979722e-04   7.1638170e-04   2.3385470e-04
   8.7481321e-03  -2.2789014e-03   3.4583129e-02   9.8935839e-04   8.5353969e-04   1.4125082e-04
   5.4026450e-03   1.9526224e-02   5.0588578e-02   1.0558984e-03   7.9217368e-04   1.0682006e-04
   1.4886954e-03   8.2097810e-03   2.0402585e-02   7.2342530e-04   8.8755762e-04  -4.2228084e-04
  -2.5649479e-04   2.8120473e-02   2.3327087e-02   1.4297486e-03   1.7354290e-04   4.5608679e-05
   4.5688676e-03   1.7267878e-02   9.2863052e-03   7.9803198e-04   5.6655785e-04   1.5296367e-05
   8.3958846e-03   9.0821968e-03   9.3810696e-03   6.6862793e-04   5.5071168e-04  -5.1087213e-06
   5.5476420e-03   9.6759150e-03   1.5340006e-02   6.2633983e-04   5.1187992e-04   1.2424126e-04
   4.8408026e-03  -7.3772927e-03   9.3874028e-03   4.1546667e-04   6.3957376e-04   6.9044005e-05
   3.7745272e-04   4.1861186e-03   1.2236365e-02  -7.2488859e-07   3.8688696e-04   1.5000893e-04
   1.5251306e-05  -8.4481659e-03   6.4228958e-03   1.4021875e-04   3.8201746e-04   1.0189276e-04
   4.3896572e-03  -7.9811970e-03   1.6105392e-03   4.0109299e-05   4.5201324e-04   4.9623979e-06
   5.0020074e-03   4.1761088e-04   1.3218491e-02  -1.1902200e-04   2.2441158e-04   5.1432779e-04
  -8.5592635e-04  -9.1239104e-03   4.7240003e-03   6.8085634e-04   2.8130947e-04   5.3141098e-04
   2.3315115e-03  -1.2924614e-02  -5.0909378e-05   3.5887422e-04   3.0977857e-04   4.6625721e-04
