   0.0000000e+00   0.0000000e+00   0.0000000e+00   0.0000000e+00  -4.2351647e-22  -1.7347235e-18
   6.7706370e-03  -2.5088143e-03  -5.4478858e-03   6.9206290e-05   1.9895895e-04   1.1026710e-04
   2.0730376e-03   5.1795016e-04  -1.1296324e-02   3.3324736e-04   6.2704506e-05  -8.2860197e-05
   2.7687231e-03  -8.4854009e-03   4.4196061e-03   8.6966767e-05  -1.2050666e-04  -9.5404091e-05
   1.0558242e-03  -5.4049383e-03   3.8436050e-03   7.8494948e-05   4.6571449e-05   3.0900484e-05
   3.8980590e-03   5.2329414e-04  -6.3459914e-03  -5.2967780e-06   6.8788509e-05   3.3063999e-06
   6.5622373e-03   4.8425923e-03  -1.6316980e-02   3.8378372e-04   2.2239884e-05  -1.0170540e-05
   6.0929097e-03   5.1379761e-04  -4.0693808e-04   8.9769460e-05   4.2446009e-05   2.6343025e-05
   4.7057572e-03   9.7906551e-03  -7.7053765e-03   1.3564455e-04   1.3448009e-04  -4.3446100e-05
   4.8237589e-03   8.1585131e-03  -7.1624342e-03  -1.1576809e-05  -1.2064549e-05   1.8120061e-05
  -2.8288051e-03   7.9086328e-03  -1.5134504e-03   1.7649159e-04  -1.4248841e-05   5.4974364e-05
  -3.5873100e-03   1.1120350e-03  -5.8271401e-03   2.8688705e-04   2.4478448e-05   1.1242625e-05
  -6.8550691e-03   2.0477323e-02   3.0010437e-03  -1.5505628e-04   1.6841470e-04   1.6659136e-04
  -1.0388403e-02   1.5358772e-02  -2.4425482e-03  -1.6285673e-04   1.0076501e-04   6.8192781e-05
  -1.6244726e-02   1.2445097e-01   9.2179772e-02   1.3039509e-02   2.3555421e-03   1.2031702e-03
  -8.5034459e-03   5.9849830e-02  -2.1007430e-02   2.3978448e-03  -1.5709467e-04   2.9818251e-04
  -1.6864454e-02   7.1547915e-02   8.7403949e-03   2.8006928e-04  -2.0527469e-04   7.1706545e-04
  -1.6940083e-02   4.8625794e-02   6.5204088e-03   1.6573347e-03   1.6909736e-04   2.0698616e-05
  -1.7221588e-02   3.7739854e-02   3.4089978e-02   2.1275304e-03   6.0503282e-05  -2.2114029e-04
  -1.3183922e-02   5.3250200e-02   3.2570181e-02   1.9452047e-03   6.4651123e-05   1.3170275e-05
  -1.2958127e-02   1.2114820e-02   4.5463401e-02  -4.6812106e-03   3.3607150e-04   1.1100268e-03
  -1.6647257e-02  -2.4495641e-02   5.5573747e-02  -1.7664467e-03   2.9942633e-04   6.8742500e-04
   1.7402641e-02   3.7723019e-02   4.3475042e-02  -1.8709465e-04  -5.2665832e-05   5.5847233e-04
  -9.9857931e-03  -5.5061421e-02  -5.0252248e-03   8.6352182e-04   1.9053730e-04   1.1846667e-04
  -1.7774371e-02  -2.7538025e-02   3.2361606e-02   7.4950674e-04   1.3112796e-04  -4.7716956e-05
  -1.9097834e-02  -1.4402913e-02   8.0854815e-02   6.2248201e-04   1.4661292e-04  -5.4041289e-05
  -1.7373940e-02  -2.5519568e-02   1.0831873e-01   2.9073161e-04  -7.7131251e-05   4.1964081e-04
  -1.1507797e-03  -1.5948282e-02   1.0753278e-02  -5.0550008e-05   8.3865602e-04   9.3364698e-04
  -4.5102470e-03  -1.0284009e-01  -4.8305278e-02   9.4072930e-03  -1.9284884e-05   6.4268431e-04
  -2.2705809e-02  -2.1392744e-02   4.4907444e-02  -2.3072260e-03  -5.6340856e-04   6.9453323e-06
  -2.0761536e-02  -4.1753017e-02   4.1974095e-02   1.7226074e-04   2.8589717e-04  -4.0553682e-05
  -2.1188771e-02  -3.2786311e-02   3.9926211e-02   2.2799178e-04   1.7433445e-04  -7.2829340e-05
  -1.2553871e-02  -2.7763772e-02   2.1592688e-02   2.5413238e-04   3.1893748e-04   6.6431677e-05
  -1.0126973e-02  -2.5650658e-02   1.4812530e-02   1.8523604e-04   3.0285795e-04  -3.9930170e-05
  -1.0061985e-02  -1.8505012e-02   7.1737836e-04   5.7490406e-04   1.3896535e-04   5.1863617e-05
  -1.0855898e-02  -1.5978162e-02  -8.4088711e-03   8.3101533e-04   2.1647195e-04  -4.2561556e-06
  -1.5584806e-02  -2.4409438e-02   3.8787881e-03   1.4831900e-03   5.0251584e-04   1.0315711e-04
  -6.4852405e-03  -1.0793860e-02  -8.9882045e-03   1.4356834e-04   1.5371126e-04   1.4078351e-04
  -7.0848633e-03  -1.8141267e-02  -1.2354226e-03   1.6159000e-04   1.9555549e-04   4.9001249e-05
  -6.2509470e-03  -2.6985452e-02  -2.1560631e-02   8.5903897e-04   2.8437947e-04   5.7238219e-05
  -3.4454269e-03  -1.8234413e-02  -1.2497611e-02   4.7270990e-04   3.4682961e-04  -5.3681362e-05
  -7.9378396e-03   5.3312160e-04   3.2569757e-02   1.8082430e-04   4.2102252e-04   7.9566579e-05
  -6.6452613e-03  -7.1028860e-03   9.1802637e-03   2.7034591e-04   1.3590461e-04   5.9528946e-05
  -1.0692585e-02  -1.8775400e-02   4.5348049e-03   5.9201046e-04   1.7871842e-04  -3.1930586e-05
  -1.0439509e-02  -1.7532703e-02   1.2125298e-03   2.4607989e-04   6.3074047e-05  -6.3988858e-05
  -1.3498882e-02  -1.3237847e-02  -1.5349364e-02   6.5624733e-04   2.3823927e-04  -1.1958009e-04
  -1.4827743e-02  -5.1372028e-03   2.6685963e-02   3.4741509e-04   1.6300814e-04  -2.4411916e-04
  -1.6171054e-02  -6.8348646e-03   2.8847108e-03   6.2628021e-04   1.2378218e-04  -2.3162732e-04
  -1.3701017e-02  -2.4078712e-02   8.3733528e-03   2.0612110e-04   3.3996818e-05  -1.7296540e-04
  -1.1578389e-02  -2.3322314e-02   7.3953741e-03   3.5650127e-04   7.9918236e-05  -2.4270981e-04
  -1.3453444e-02  -2.8984871e-02  -9.3630050e-04   4.8603010e-04   6.3744688e-06   2.2796701e-05
  -1.0794786e-02   2.0336346e-01   5.9708889e-02   1.3816736e-04   5.6389842e-04   2.4533482e-03
  -1.5567980e-02   6.1343139e-04  -3.2421365e-02   5.3130919e-04  -9.8045474e-04  -2.0605965e-04
  -2.2533394e-02  -3.0159891e-02   2.4434683e-02  -1.3426845e-03   7.8479585e-05   1.7256138e-04
  -1.8917504e-02  -1.8943617e-02   1.0739802e-02   7.7137752e-04   1.6112847e-05  -2.7639890e-04
  -1.9956457e-02  -1.7722287e-02   5.3750339e-02  -1.6841863e-04   8.7811338e-05  -3.1497898e-04
  -1.6955618e-02  -1.1465620e-02   3.8398987e-02   4.7725950e-04   1.3302094e-04  -3.7831531e-04
  -1.9753114e-02  -2.6963414e-02   9.3794486e-03   1.3288779e-03  -9.7909694e-05  -4.4013444e-04
  -1.4141897e-02  -2.7586405e-02   1.3719819e-02   2.2037764e-04  -5.5980258e-05  -3.3853417e-04
  -1.6841403e-02  -2.4426297e-02   2.1120327e-02   5.2438845e-04  -1.0828585e-04  -4.3742522e-04
  -1.9416710e-02  -1.9294733e-02   1.4722677e-02   4.6110000e-04   2.5649075e-05  -4.2352579e-04
  -2.4784506e-02  -3.6992049e-03   1.2142494e-03   5.9716538e-04  -1.4309120e-05  -4.0642910e-04
  -2.7381865e-02   3.6184140e-03   7.3940820e-03   5.7239663e-04  -2.8227592e-05  -5.1031743e-04
  -2.2454609e-02   9.4572248e-03   1.4049725e-02   7.7672448e-04  -9.7654638e-05  -5.1290408e-04
  -2.1158765e-02  -7.1499668e-03   1.0200507e-02   2.2726162e-04  -5.6786528e-05  -3.8906001e-04
  -1.9972822e-02  -8.6088185e-03   9.4286737e-03   5.7224063e-04  -1.1247165e-04  -4.6321362e-04
  -1.9244859e-02  -2.3989284e-03   1.0914674e-03   3.8115779e-04  -1.4108615e-04  -3.4991485e-04
  -2.2337185e-02   9.4880275e-03  -2.0137906e-02   5.5335092e-04  -7.2075692e-05  -4.6722425e-04
  -2.7631176e-02   1.2937429e-02  -1.3619091e-02   6.0275605e-04  -1.3532629e-04  -5.9978461e-04
  -3.2263103e-02   7.0271986e-03  -6.4417824e-03   8.4289489e-04  -8.4078246e-05  -7.1657836e-04
  -2.5878101e-02   1.5601278e-02  -3.4745185e-03   3.2760464e-04  -1.9242344e-04  -4.4706284e-04
  -1.4209087e-02   5.9177667e-02   5.8894431e-02   1.7716796e-03   4.0124910e-04  -1.4727901e-04
  -2.2816536e-02  -3.8498787e-02  -4.3127413e-02   2.0295121e-03  -7.1148662e-04  -9.3644758e-04
  -2.7314700e-02  -3.5183410e-02  -1.0968709e-02   9.1171054e-04  -3.1831461e-04  -4.0439618e-04
  -3.1672135e-02  -1.8969290e-02   1.0422173e-02   4.9232236e-04  -2.8190053e-04  -2.4123054e-04
  -2.6448407e-02  -2.7276335e-02   4.2554898e-02   3.4669659e-04  -4.3073064e-04  -3.7962298e-04
  -2.7830387e-02   9.1376812e-03  -9.3098642e-03   1.0103459e-02   6.0843996e-04   3.6116748e-04
  -2.2540372e-02   3.5911808e-02   7.2196611e-02  -1.5136420e-04  -3.4100747e-04   4.7356982e-04
  -3.4852378e-02  -7.6247233e-03  -1.5456441e-02  -2.0552867e-04  -1.3459900e-03  -6.5265771e-04
  -3.6442215e-02  -9.6962050e-03   4.0644916e-03   1.5696882e-03  -1.9383411e-04  -8.2447589e-04
  -3.5055488e-02   3.6898934e-04   1.7282678e-02   1.4408765e-03  -1.9285521e-04  -4.5178405e-04
  -3.4306339e-02   6.8108423e-03   3.3860845e-02   1.3652129e-03  -2.2305512e-04  -5.2139709e-04
  -2.2359445e-02   1.2268503e-02   2.7098400e-02   7.8285937e-04  -5.4414235e-04   1.5565657e-04
  -3.4133776e-02  -5.6686488e-03   1.9739802e-02   9.5036066e-04  -1.8509212e-05  -6.1526981e-04
  -3.2006132e-02   2.2200874e-02   2.1280430e-02   1.5732888e-03  -2.0191612e-04  -2.5440012e-04
  -3.5430547e-02   9.5546429e-03  -1.4574130e-02   1.3494300e-03  -8.0014734e-05  -5.5095128e-04
  -2.5157495e-02   2.3056926e-04  -2.1187974e-02   1.2299331e-03  -2.2469814e-04  -4.8412204e-04
  -2.5255714e-02  -5.3864392e-03  -2.2033202e-02   7.7590218e-04  -2.7827251e-04  -3.2842767e-04
  -4.0542539e-02  -1.6854080e-01  -1.2362897e-01   2.1077937e-04  -4.9640766e-04   7.8307442e-04
  -3.2172852e-02  -1.0968422e-01  -1.7144707e-01   5.5754931e-03   1.9671907e-03  -6.0848217e-04
  -2.5836295e-02   2.7658481e-02  -1.4666852e-02  -8.9201294e-04  -4.2688611e-04  -5.0490118e-04
  -9.1465692e-03   2.4467559e-03   1.4338139e-02   7.4711926e-05   1.8001176e-04   2.2232114e-04
  -1.7553595e-02  -2.4376021e-02   5.5395298e-02   6.7503617e-05  -2.5907469e-04  -6.6385485e-05
  -2.1638945e-02  -6.0679064e-03   7.9281763e-02  -6.8942971e-04  -2.6727599e-04   6.2983853e-05
  -1.6175033e-02  -1.1668237e-02   7.1332922e-02  -7.0256153e-04  -1.5107808e-04   8.5907578e-05
  -1.9703507e-02  -1.6380960e-02   6.3962161e-02  -1.0183521e-03  -9.3423272e-05   1.0947804e-04
  -1.9317736e-02  -7.2591069e-03   4.4049607e-02  -1.0118909e-03  -1.6120663e-04   8.2228361e-06
  -1.9795832e-02   3.4812442e-03   3.2535013e-02  -9.1421176e-04  -1.6544347e-04   1.8428095e-04
  -2.1002183e-02   9.4795385e-03   1.4940646e-02  -9.3808092e-04  -2.3569074e-04   4.2260515e-05
  -1.9126414e-02   2.1408487e-02  -4.7097647e-04  -8.1054485e-04  -3.3670052e-04   1.1521636e-04
  -1.9956362e-02   1.9772320e-02  -1.3084618e-03  -7.5324469e-04  -2.5441944e-04   9.4403092e-05
  -3.0396933e-02   4.2012061e-02   7.0726372e-03  -1.0673618e-03   1.9228957e-04   2.6307123e-05
  -2.8743274e-02   5.5511962e-02  -7.6201435e-02   6.8023735e-04  -3.0255371e-04   1.8391070e-04
  -2.5431982e-02   2.9442762e-02  -1.3158403e-02  -1.1352248e-03  -4.3051132e-05   7.1088537e-05
  -2.2661947e-02   2.2567300e-02  -9.2775684e-03   7.9589152e-05  -1.7807185e-04  -5.6017427e-05
  -1.3515814e-02  -6.8654088e-03   1.0875353e-02  -2.8626395e-04  -2.9177063e-04   1.5403687e-04
  -1.5868455e-02  -5.9437517e-03   1.5550171e-02   1.9565431e-04  -2.4304802e-04  -1.4012787e-04
  -1.0983920e-02  -1.8293485e-02   3.1862057e-02  -3.6092598e-04  -1.6992663e-04  -2.5204290e-05
  -9.2676606e-03  -9.5287562e-03   1.8360152e-02  -1.1766506e-04  -1.8589725e-04   1.6295386e-05
  -1.1466412e-02  -9.3358880e-03   2.1846425e-02  -4.1769975e-04  -1.5560435e-04   2.8086985e-05
  -1.4394646e-02  -4.7101973e-03   1.1162485e-02  -1.1121249e-03  -2.5210612e-04   1.5416982e-04
  -1.4371345e-03   1.4391595e-02  -3.1890940e-02  -8.8500779e-04  -6.4107707e-04   4.1072279e-04
  -1.1657523e-02   5.9877874e-03  -2.2668031e-02  -7.7765840e-04  -3.3774104e-04  -9.3770353e-05
  -2.6208214e-02   1.1097485e-02  -5.4485194e-02   7.6586088e-04  -4.8853019e-05   3.4966901e-04
  -1.4964135e-02  -7.8684760e-04  -2.7214522e-02   6.6186497e-05  -1.2292289e-04   8.4452819e-05
  -2.8419348e-02  -4.7085178e-02  -6.3217919e-02   2.1049173e-03   1.9953414e-04  -5.7185828e-04
  -2.2801837e-02  -1.0015602e-02  -6.0034132e-03   1.2264135e-04  -1.3570339e-04  -2.9231164e-04
  -2.3251082e-02  -2.1165030e-02   2.6072818e-02   1.9743272e-04  -3.0256012e-04  -1.7044956e-04
  -2.3285656e-02  -2.4126387e-02   4.0943803e-02   1.6257903e-04  -3.2482916e-04  -2.2165645e-04
  -2.3127694e-02  -1.8201325e-02   3.7787896e-02  -4.4867384e-04  -1.6653806e-04  -5.4820441e-05
  -2.3357811e-02  -1.1881609e-02   3.0754220e-02  -2.8583059e-04  -1.7086033e-04  -9.1383624e-05
  -1.8844053e-02  -7.0065381e-03   1.8178019e-02  -6.9381907e-04  -3.0017207e-04   7.8971251e-05
  -1.9832615e-02  -5.2218428e-03   2.3182761e-02   3.3755885e-05  -9.4383864e-05   3.2140507e-05
  -2.0083615e-02   8.3481865e-03   8.3987915e-04   7.8933649e-04   3.3539269e-04  -1.0266124e-04
  -1.9598482e-02   2.1982671e-02  -2.2128088e-02  -2.5467144e-04  -1.2592474e-04  -1.9727494e-05
  -2.2941095e-02   2.3935349e-02  -4.2426270e-03   8.4647922e-04  -7.7864601e-05  -4.9301172e-05
  -2.0970566e-02   3.9786817e-02   3.9873424e-02  -6.8373634e-04  -1.3876796e-05   3.8788973e-04
  -2.8330415e-02  -1.2956391e-02  -1.9681209e-02   6.4093346e-04  -1.5149625e-04  -4.1860583e-04
  -2.6875702e-02  -1.1520622e-02   9.5412952e-04   5.9161012e-04  -1.9453690e-05  -2.6396679e-04
  -3.1329527e-02  -1.6740200e-02   2.6453399e-02   1.0990977e-03  -2.6543105e-04  -5.1137516e-04
  -3.0311064e-02  -2.4943198e-02   3.8262884e-02   9.4936959e-04  -2.2605286e-04  -4.6956789e-04
  -3.2338560e-02  -2.2685007e-02   3.6504835e-02   8.0815673e-04  -2.8399050e-04  -4.2800243e-04
  -3.4639166e-02  -3.2362965e-02   3.6445283e-02   1.9671681e-04  -1.6742392e-04  -4.3706420e-04
  -3.5498924e-02  -1.8375118e-02   2.9192749e-02   2.5651442e-04  -2.8778487e-04  -4.1390927e-04
  -4.1671200e-02  -1.6457715e-02   2.5416246e-02   2.5501425e-04  -1.5346497e-04  -4.3091698e-04
  -3.5931282e-02  -5.1031242e-03   1.7640020e-02   4.3123323e-04  -2.1529837e-04  -2.1735588e-04
  -3.3365850e-02   6.2818337e-03  -1.0204426e-02   1.3525061e-05  -3.0481312e-04  -4.1719044e-04
  -3.0205979e-02   2.7336254e-02   1.6859513e-03   1.6973682e-03  -2.8079068e-04  -5.2302522e-04
  -3.7221679e-02   2.4342749e-02  -1.2220518e-02  -5.0968472e-05   5.5306719e-05  -4.9300201e-04
  -3.1277650e-02   5.5658672e-03  -3.4615622e-02   8.8674826e-04  -2.2182495e-04  -5.8979799e-04
  -2.9318838e-02  -3.9083445e-03  -6.1763847e-03   3.7505814e-04  -1.4142795e-04  -5.0693270e-04
  -2.6579820e-02  -3.0325547e-02   1.8637326e-02   1.0121872e-03  -3.7020696e-04  -4.5316934e-04
  -3.1378879e-02  -2.9370420e-02   4.4926458e-02   7.7539412e-04  -2.9126234e-04  -4.2395780e-04
  -3.3669207e-02  -3.0111309e-02   4.2627796e-02   2.6992958e-04  -2.1885620e-04  -5.3955031e-04
  -3.1872239e-02  -1.7867983e-02   2.5222449e-02   6.8436461e-04  -3.7395378e-04  -4.3020544e-04
  -2.8782582e-02  -3.7036306e-02   4.2771735e-02   6.3874625e-04  -4.1504743e-04  -1.4416002e-04
  -2.8412374e-02  -7.0405257e-03   8.1840889e-03   1.5698344e-04  -2.3663401e-04  -1.6971691e-04
  -2.9658469e-02  -7.8792777e-03   1.3024384e-02   6.5381497e-05  -5.2378693e-05  -3.2423149e-04
  -2.7579344e-02  -1.5286628e-02   3.9528386e-03  -3.8678892e-04  -1.9456922e-04  -2.8243771e-04
  -2.8659481e-02   3.2552121e-03  -1.1628159e-02   4.7718232e-04  -1.0628185e-04  -3.1288239e-04
  -2.7594239e-02   9.9372976e-03  -1.7724585e-02   6.2214187e-04  -2.3858733e-04  -2.6784996e-04
  -3.1092294e-02   5.5957297e-02   2.5137837e-02   1.3011411e-03   1.9805355e-04  -4.7071287e-04
  -2.7950345e-02   2.1149321e-02  -6.6633043e-03   1.7984108e-03   1.3910531e-04  -5.2373105e-04
  -2.5609573e-02   8.6964003e-03   1.0195867e-02   9.2929660e-04  -2.7513553e-04  -3.7694612e-04
  -3.0317897e-02   1.8478263e-02   7.1519495e-03   4.7368366e-04   6.1892913e-05  -3.8738608e-04
  -2.8801642e-02   2.9083870e-02  -1.8548487e-02   9.1561924e-04  -1.2662595e-04  -4.0471148e-04
  -3.0213199e-02   3.0630866e-02  -1.1154530e-02   8.7542537e-04  -1.6162442e-05  -3.3773239e-04
  -3.4328133e-02   3.0159433e-02  -8.6000867e-03   1.0959574e-03  -3.0753798e-04  -2.9387826e-04
  -3.5403584e-02   1.1155162e-02   8.3523739e-03   1.1685615e-03  -3.4957855e-04  -8.2224807e-04
  -2.4657747e-02  -4.0064570e-03   2.5100185e-02   7.8066728e-04  -3.1453606e-04  -4.9882205e-04
  -2.3671882e-02  -1.0322101e-02   2.3323196e-02   5.6434065e-04  -4.6073558e-04  -3.7528132e-04
  -3.0535279e-02  -1.4501814e-02   2.5153855e-02   7.4060643e-04  -2.8378607e-04  -4.2227047e-04
  -2.8766912e-02  -1.4799435e-02   2.1731687e-02   6.3630654e-04  -3.4300777e-04  -4.9145014e-04
  -3.2422187e-02  -7.7642203e-03   1.9088909e-02  -1.2109928e-05  -1.3907694e-04  -5.9586896e-04
  -2.9122278e-02   9.0685352e-03   1.6608329e-03   6.2829155e-04  -2.9625388e-04  -4.0898250e-04
  -3.3422879e-02   1.4676296e-02   9.9977595e-03   2.2627954e-04   2.3167455e-04  -3.4392372e-04
  -3.6153808e-02   7.9864154e-03   4.9559523e-04  -3.0574141e-05  -1.0490964e-04  -3.8407968e-04
  -2.6658124e-02   1.1276272e-02  -1.0970061e-02   8.1680836e-04  -2.7687985e-04  -2.9679985e-04
  -2.6035808e-02   2.6895317e-02   1.2122231e-02   3.6370130e-05  -2.1006635e-04  -1.5288013e-04
  -3.0190481e-02   4.8926454e-02  -1.5198162e-02   7.4353383e-04   2.1026035e-04  -3.2983837e-04
  -1.3340797e-02   3.7714897e-02  -6.8360314e-03   3.0232823e-03   2.7885239e-04  -6.6759362e-04
  -8.5486681e-03   4.1022115e-02  -1.8879450e-02   1.9678057e-03  -8.5843581e-04   1.0616258e-03
  -2.4102532e-02   5.4743164e-02   7.7465049e-03  -1.1657147e-03  -1.7703865e-04  -2.4898235e-04
  -2.1069167e-02   1.0713699e-02   1.5007479e-02   7.7300319e-04  -2.7095812e-04  -3.2844684e-04
  -1.8059314e-02   1.8601345e-03   5.5427020e-02   6.4903782e-04  -5.0584304e-04  -2.8779041e-04
  -1.8210763e-02  -1.0193048e-02   8.2114495e-02   8.3226035e-05  -3.9807347e-04  -9.7047283e-05
  -1.1580093e-02  -4.9752893e-03   7.1952559e-02  -4.6658335e-04  -4.3331747e-04   2.7102954e-04
  -1.6191573e-02  -9.8002339e-04   6.3878283e-02  -7.1447129e-04  -4.6089512e-04   4.1482033e-04
  -2.2271441e-02   1.9293891e-02   3.8920249e-02  -2.6680424e-04  -2.9510324e-04   8.9253514e-05
  -2.4235002e-02   2.1762071e-02   2.9953142e-02  -1.5036113e-04  -2.7758013e-04  -3.1899628e-05
  -2.1334694e-02   1.8824896e-02   4.1183075e-02  -4.9013452e-04  -4.6047238e-05  -1.9239862e-04
  -1.9092050e-02   3.3256422e-02   2.7964916e-02  -5.9618691e-04  -7.0161952e-05   2.1599576e-04
  -2.0256018e-02   3.8836434e-02  -1.2633927e-02   4.2171140e-04  -2.6295123e-04   5.1569123e-05
  -1.2618999e-02   4.0872303e-02   7.6205307e-03   2.3707913e-03   1.1520293e-04   3.4646749e-04
  -1.9283107e-02   4.3120533e-02  -3.1368869e-02  -2.3226392e-05  -3.9319323e-04  -1.3673312e-04
  -2.4648956e-02   4.6834891e-02  -4.8663335e-03   4.0303453e-04  -4.1633753e-04  -1.9944632e-04
  -1.8145003e-02   2.0754089e-02   2.3337116e-02   4.9849498e-04  -4.4648080e-04  -2.5022396e-04
  -2.4411542e-02   2.5448351e-03   4.1555182e-02   5.1118161e-04  -5.7756580e-04  -3.3395817e-04
  -2.7910209e-02  -7.4952797e-03   6.9090999e-02   1.0471113e-06  -5.9435693e-04  -2.1810447e-04
  -2.0962319e-02  -6.5929494e-03   4.9372722e-02  -1.6811606e-04  -5.2547433e-04   1.4673826e-05
  -2.1637677e-02   2.0418229e-02   4.5344885e-02  -3.5933413e-04  -5.4670683e-04   2.0309311e-04
  -1.8062590e-02   2.3157237e-02   3.3986397e-02  -4.2493143e-04  -4.9375139e-04   4.0420727e-05
  -1.6099138e-02   2.2321205e-02   1.2928006e-02  -3.1031010e-04  -3.0095283e-04   4.1226401e-05
  -1.4261999e-02   2.6542068e-02  -1.7530650e-03  -2.7997813e-04  -2.8612964e-04  -1.0036428e-04
  -1.4055225e-02   2.2761755e-02  -1.1957721e-03   8.9042158e-05  -4.9630208e-04   7.6287469e-05
  -1.3334219e-02   2.1502975e-02  -1.6148429e-02   3.9442548e-04  -4.2637036e-04  -3.0976394e-04
  -1.2586308e-02   3.3822970e-02   1.7964320e-02  -1.8420707e-04  -2.2571918e-04  -5.8095526e-05
  -1.1775946e-02   3.3850772e-02   9.9764670e-04  -5.5802719e-05  -2.6292882e-04   3.1123392e-04
  -8.4123257e-03   3.4763721e-02  -2.3416109e-02   7.0757963e-04  -3.7072522e-04   1.2281654e-04
  -1.3351278e-02   3.5113724e-02  -7.8091949e-03   2.5701980e-04  -1.6834649e-04  -2.0312171e-04
