   0.0000000e+00   0.0000000e+00   0.0000000e+00   0.0000000e+00   0.0000000e+00   0.0000000e+00
   4.1073606e-03  -1.1143602e-02   1.8407789e-02  -1.4079355e-05  -1.0683591e-04  -7.0420909e-05
   1.7820669e-03  -3.3255111e-03   5.6923754e-03   4.2421923e-05  -1.3298051e-04  -8.6546559e-05
   5.3601614e-03  -1.7088927e-02   8.7237939e-03   1.5466506e-04  -4.6119004e-05  -1.1458394e-04
   4.1982208e-03  -1.1276787e-02   3.7466090e-03   2.7427370e-04  -8.6354070e-05  -2.1643093e-04
   5.5500190e-03   1.1930428e-02  -5.1263055e-03   9.0872857e-05  -1.9867405e-04  -1.3956897e-04
   3.2370699e-03  -1.1479121e-02   3.3387679e-03  -5.2254108e-05  -2.1959613e-04   2.3879640e-06
   3.2639095e-03   1.0994428e-02   7.2291688e-03   3.6109844e-05  -1.8015625e-04   6.5015540e-05
   3.8670483e-03  -5.0763407e-03   9.4862897e-03  -4.4974589e-05  -2.0933181e-04   1.3813511e-05
   8.9197726e-03  -6.5517720e-03  -2.9496845e-03   2.4884262e-04  -1.7103032e-04  -5.6031751e-05
   9.3070919e-03  -7.8999614e-03   2.0593757e-02  -1.2737001e-04  -1.0576819e-04  -1.4492760e-04
   8.3062537e-03   1.7974820e-02   5.8211877e-03  -7.8051948e-05  -3.2803001e-04  -8.2821641e-05
   5.6967679e-03  -1.2826962e-02   6.2627841e-03  -1.7153806e-04  -1.9458350e-04  -3.4571494e-05
   9.4029101e-03  -1.7904177e-03   1.4505183e-02   1.0163551e-04  -2.4604122e-04  -6.3540746e-05
   1.1362354e-02  -1.7575643e-03   1.2041734e-02  -1.1759370e-04  -2.7675254e-04  -9.9014392e-05
   9.2602183e-03  -6.2763709e-03   8.6712672e-03   1.3454664e-04   9.1595190e-05  -7.0896573e-05
   1.2045683e-02  -7.0329184e-03   2.8313118e-02   2.2170504e-05   6.9807911e-05  -5.0025591e-05
   9.9498552e-03   1.0105763e-02   2.7741403e-02   2.3010159e-05   3.1999272e-05  -2.2263691e-04
   1.1000701e-02  -4.6952550e-03   2.1101686e-02  -7.8359814e-05  -3.0266709e-05  -2.3566590e-04
   8.7407437e-03  -8.3586861e-04   1.5303042e-02  -4.9541130e-05  -5.4681788e-06  -3.0351617e-04
   9.9477039e-03   9.2440148e-03   7.1322583e-03  -4.0096028e-05   2.8545265e-08  -2.1428135e-04
   9.5149073e-03  -1.5994472e-02   1.1000139e-02   1.5238323e-04  -1.6291930e-04  -1.7637281e-05
   6.4484420e-03  -4.2403059e-03   1.1426327e-02  -3.8397433e-06  -1.2046664e-04  -2.7818587e-04
   1.5349430e-02  -7.4467435e-03   2.2954145e-02   1.2577561e-05  -6.3369480e-06  -1.8194472e-04
   3.6832255e-03   6.3186895e-03  -7.2577009e-03  -1.7973132e-04  -2.4344602e-05  -2.4127799e-04
   1.0045992e-02   3.2452301e-03   2.1074173e-02  -1.6909271e-04  -1.7708370e-05   1.1940025e-04
   5.5836715e-03  -4.2335187e-03  -1.0235683e-02   1.6351128e-04  -2.1060900e-04   2.2114931e-05
   5.4204354e-03  -7.2925713e-03   8.2283705e-03  -3.9826193e-04  -8.5058253e-06  -1.1982663e-04
   1.2242213e-02  -4.0181441e-03   3.4273588e-02   3.0635669e-04  -1.2532607e-05  -5.8348603e-05
   7.2221853e-03   1.8960969e-03   1.1534752e-02  -2.8212780e-04  -1.3477047e-04  -2.4146793e-04
   1.4382909e-02  -1.4003934e-02   2.3116092e-02   4.1517320e-04   9.8217172e-05  -1.9859954e-04
   1.0232831e-02   4.1638934e-03   9.4679807e-03  -6.8672368e-05  -9.3820751e-05  -1.7674537e-04
   1.7699506e-02   1.8009072e-03   4.0312876e-02  -4.3129918e-04  -2.2936136e-05  -1.2911252e-04
   1.3959098e-02   9.5121725e-04   1.0416869e-02   6.1479279e-05   8.3022880e-05   1.5614342e-05
   1.0300221e-02   2.2538919e-03   1.5091817e-02  -3.4262172e-04  -1.3208703e-04  -1.9326956e-04
   9.8895139e-03  -7.0762964e-03   3.9367701e-02   8.6659773e-05   1.5114982e-04  -6.0755881e-05
   8.2061674e-03   6.8374861e-04  -4.0527023e-03   4.3369255e-07  -7.8671419e-05  -2.2232796e-04
   5.5445014e-03   2.5030353e-03   7.7001579e-03  -3.1335735e-04  -2.0423627e-04  -1.6622642e-04
   5.5278905e-03   2.5722153e-03   3.0337731e-02   1.3915675e-04  -6.0629480e-05  -1.4775561e-04
   4.6726008e-03  -7.0398235e-03   3.7078904e-03  -3.4520166e-04  -3.9369856e-05  -3.3952483e-04
   9.7561606e-03  -8.0225201e-03   1.5035885e-02   1.2309751e-04  -2.7344422e-05  -8.4224696e-05
   6.5889544e-03   6.4153573e-04   1.3128875e-02  -2.3135011e-04  -7.7572607e-05  -2.8409233e-04
   1.0400007e-02  -6.1045511e-03  -6.1155372e-03   2.0087304e-07   1.0226381e-04  -2.9090621e-04
   1.2128867e-02  -1.0400393e-02   5.6938269e-03  -2.7221840e-04  -2.3994394e-04  -2.3149631e-04
   1.0748674e-02  -2.1459303e-03   1.4479323e-02  -1.2089021e-04  -2.6044635e-05  -1.2719863e-04
   5.5650356e-03  -6.0964948e-03  -1.3256188e-03  -2.3877754e-04  -1.4877622e-04  -1.6511443e-04
   1.4325042e-02  -2.0160531e-02   2.5140565e-02   2.2138119e-04  -1.0929637e-04  -1.1749381e-04
   4.6255153e-03   9.7363449e-03   1.8861529e-02  -2.2512343e-04  -4.2941738e-05  -2.9350184e-05
   3.5473209e-03  -7.6324093e-04   2.8192165e-02  -3.1402320e-04   4.5380628e-05  -1.9545147e-04
   1.1741116e-02  -3.3435581e-03   2.8047718e-02   4.4279587e-05  -2.5881181e-05  -2.6416460e-04
   4.2499291e-03   6.9983566e-03   1.7905897e-02  -1.4540994e-04  -8.1195123e-05  -2.2324501e-04
   5.0993934e-03  -2.3138762e-03   1.2346944e-02  -3.4021272e-04   1.5672221e-04  -3.5213589e-04
   6.4899734e-03   2.6071306e-03   1.4147562e-02   1.1241163e-04  -1.2521647e-04  -1.7808222e-04
   4.5913972e-03   9.5710468e-03   1.7315327e-02  -3.5069523e-04  -1.9782705e-04  -2.9186829e-04
   1.1083774e-02  -6.7566003e-03   1.7950042e-02  -5.4988360e-05   1.7830206e-05  -1.8602780e-04
   1.0308097e-02  -3.2127468e-04   2.0386764e-02   5.2097118e-06  -1.4515207e-04  -2.7597826e-04
   1.1226266e-02  -6.5957068e-03   2.7500121e-02   1.0088839e-04   9.9825914e-05  -4.1832303e-04
   1.1859977e-02  -4.1326569e-03   9.5890812e-03   9.3042323e-05   8.7838441e-05  -3.1406050e-04
   4.5811203e-03   1.3172363e-02   8.7295428e-03  -1.9577638e-04  -1.2652471e-04  -3.5187281e-04
   1.3132253e-02   4.2096005e-03   8.2998637e-03   1.2192851e-04  -9.1658858e-05  -1.8061516e-04
   1.2039885e-02   1.8043239e-03   8.3673650e-03  -2.9000036e-04  -2.6370858e-04  -3.1832577e-04
   1.7832897e-02  -3.5970626e-03   9.2004736e-03  -1.8058838e-04  -5.4013044e-05  -1.3241821e-04
   8.1579268e-03  -3.6165390e-03  -1.5049979e-03  -2.2222145e-04  -1.0328608e-04  -2.9017290e-04
   1.4639369e-02   5.5241928e-03   2.1930340e-02  -1.2499373e-04   5.2486124e-05  -2.5513741e-05
   1.1841348e-02  -7.8261853e-03   1.4389390e-02  -1.9003213e-04  -6.6781384e-05  -2.5652818e-04
   1.6967535e-02  -6.8756626e-03   1.4789527e-02   1.3219691e-04   3.5359692e-05  -2.9390493e-04
   8.3310749e-03  -2.0612167e-03   2.1195884e-02  -2.4289068e-04  -1.0548487e-04  -3.8708214e-04
   1.0753568e-02   9.4221912e-03   1.3421344e-02   8.9841292e-05   5.6744518e-05  -2.8317370e-04
   8.7476210e-03   7.0206794e-03   1.5445898e-02  -4.6458751e-05  -5.5629394e-05  -1.6129895e-04
   1.2347202e-02   3.6222385e-03   2.3473862e-02   2.0263803e-05   3.7109297e-05  -1.6749389e-04
   7.4704201e-03  -3.6383545e-03   1.2305822e-02  -1.6175841e-04  -1.0269318e-04  -3.7615406e-04
   1.3974016e-02   1.1774595e-02   3.1513376e-02   1.0487130e-04   8.4403412e-05  -2.7852052e-04
   1.2345048e-02   4.0562584e-03   2.9513473e-02  -1.9697202e-04  -9.6664017e-05  -3.3758828e-04
   9.2120062e-03   5.3500581e-03   2.0144253e-02  -4.1629200e-05   1.4032141e-04  -3.0349016e-04
   1.3510953e-02   5.3564542e-03   3.2701304e-02   1.4305744e-04   7.1434816e-06  -2.4225925e-04
   1.2486463e-02  -3.5193451e-03   8.6091990e-03  -1.2680493e-04  -1.6868414e-04  -3.6867211e-04
   1.7921826e-02   7.2352556e-03   2.6703541e-02   1.7486735e-04  -6.9509797e-05  -2.2111227e-04
   1.3473614e-02   2.2547096e-03   1.9701774e-02  -3.2446536e-04  -1.7610990e-04  -4.1849028e-04
   1.2083760e-02   4.6030384e-03   1.4376822e-02   1.7881883e-05   1.2010253e-04  -3.4305150e-04
   1.1987782e-02   6.5534065e-03   8.3700124e-03   1.1005254e-04  -2.5459816e-05  -4.4362527e-04
   1.0920406e-02   3.3485197e-03   2.9265368e-03   3.8408258e-04   3.7061496e-05  -2.0038184e-04
   1.2497596e-02   1.1910454e-02   8.3415988e-03  -5.1095844e-05  -1.1460670e-04  -4.4008530e-04
   1.5615743e-02   4.7543881e-03   2.3647115e-02  -2.2757296e-04  -1.5597709e-04  -3.3767924e-04
   2.0844021e-02  -5.5164722e-03   3.7421927e-02  -1.2146328e-04  -8.6988939e-07  -3.9128730e-04
   1.9781266e-02   1.2098900e-02   2.1805499e-02  -1.0352919e-04   3.0821598e-05  -4.7105784e-04
   1.4055908e-02   1.0240423e-02   8.8625850e-03  -3.9309895e-04  -2.3846462e-05  -5.1601376e-04
   1.3402756e-02   1.9546144e-02   2.5130179e-02  -6.5155671e-05  -1.0638008e-04  -4.1436579e-04
   1.8691099e-02   1.5613802e-02   2.5006526e-02  -3.2332342e-04   9.7376252e-05  -4.3736186e-04
   1.1924966e-02   1.3964022e-02   1.7037390e-02  -3.2146490e-05   1.7947046e-04  -3.0899076e-04
   8.9809428e-03   1.0454867e-02   3.7555474e-03  -2.7424025e-04   9.5881060e-06  -5.5187267e-04
   1.6971869e-02  -9.0864146e-03   2.6370996e-02   1.1457695e-04  -1.1154207e-04  -3.6257937e-04
   1.3375266e-02   1.1694489e-03   2.6799548e-02   1.5326341e-04  -8.4247107e-05  -6.0813188e-04
   1.6327737e-02   2.0490460e-03   3.6068843e-02  -4.6451268e-05   7.5187805e-05  -4.8774572e-04
   1.2592228e-02   4.9575180e-03   2.5421426e-02   1.8700214e-04   1.3580377e-04  -5.1733885e-04
   1.1641192e-02  -2.6188271e-03   3.3256830e-02   4.6185626e-04   1.9042724e-04  -6.0259619e-04
   1.8138163e-02   1.8820111e-02   2.6021598e-02   8.8154758e-05   5.6572326e-05  -6.1096385e-04
   1.3763958e-02  -3.4757304e-04   1.5675526e-02   7.5233299e-05  -1.6087009e-04  -5.0176213e-04
   1.8484060e-02   7.4454976e-03   2.6252008e-02   3.6630816e-05   9.9987868e-05  -5.7850617e-04
   1.1178042e-02   6.3871175e-03   1.8757601e-02   5.2664111e-05  -2.7774482e-04  -5.8383941e-04
   1.5858757e-02   1.9929793e-02   2.4917809e-02   1.5155258e-04  -5.0683744e-06  -5.2411965e-04
   1.4433862e-02   1.6198835e-03   1.4212160e-02  -1.7861857e-04  -1.9174934e-04  -6.2548147e-04
   1.8600606e-02   3.9809813e-03   3.6702348e-02   9.1723401e-05  -1.1083717e-04  -4.5779785e-04
   1.1346628e-02  -4.2276235e-04   3.0805139e-02  -2.8101015e-05  -1.6558398e-04  -6.3512746e-04
   1.7812212e-02   2.0784130e-02   3.3123619e-02   1.6153341e-05  -1.9611646e-04  -5.7577963e-04
   1.3735940e-02   3.6035855e-03   1.5015364e-02   1.3500858e-04  -1.9753527e-04  -6.8067329e-04
   1.8017244e-02   5.0741225e-03   2.0650315e-02   2.8718745e-04  -2.5217069e-04  -5.1170481e-04
   1.2415095e-02   1.1779960e-02   2.2888402e-02   1.2199071e-04  -2.2782846e-04  -6.9126920e-04
   1.9528705e-02   1.7157564e-02   2.3450890e-02   1.7766823e-04  -3.4451517e-04  -5.6373485e-04
   1.6087507e-02   2.8650972e-03   1.6301144e-03   2.0619685e-04  -1.2441742e-04  -6.9401140e-04
   1.9008241e-02  -1.8733221e-03   2.3661615e-02   2.2041792e-04  -2.1941490e-04  -5.6914798e-04
   1.5900730e-02  -2.5830424e-03   1.5825118e-02   7.2251041e-05  -3.2791351e-04  -7.1080604e-04
   2.0603070e-02   1.9226341e-02   1.4324471e-02   1.6581846e-04  -2.1171912e-04  -7.3263580e-04
   2.1169157e-02  -3.5416286e-03   2.2167788e-02   7.1673772e-05  -2.7188338e-04  -5.9119244e-04
   1.8683830e-02   4.1998652e-03   1.2103768e-02   3.0956534e-04  -4.1407155e-04  -7.5741947e-04
   1.9806263e-02   1.7300238e-03   3.8805937e-02   1.8593996e-05  -3.1137960e-04  -7.3554909e-04
   2.0855309e-02  -4.8731883e-03   9.0855074e-03   5.3161599e-05  -2.4046003e-04  -7.3102088e-04
   1.8981229e-02   1.3241991e-04   2.0992858e-02   2.4442489e-04  -5.8181061e-05  -7.0725402e-04
   1.8698153e-02   1.9341006e-03   2.4871844e-02  -5.0512699e-06  -3.2364103e-04  -6.3661398e-04
   2.2009240e-02  -4.3649128e-03   6.9262318e-04  -3.1187408e-06  -4.6142488e-04  -7.8027567e-04
   1.7320370e-02   2.3171133e-02   6.1106174e-03   6.4213973e-05  -2.7762750e-04  -8.0763544e-04
   1.5220418e-02  -1.2467419e-04   1.7003295e-02   4.4518155e-04  -2.0094284e-04  -6.4297329e-04
   1.5567469e-02   9.1858403e-03   1.2877880e-02   1.7260211e-05  -3.3774510e-04  -8.2140689e-04
   1.6990652e-02   1.0584083e-02   7.8160266e-03   7.8576732e-05  -2.1114383e-04  -7.8978749e-04
   1.4852039e-02  -9.3043785e-04   1.4227504e-02   5.8948571e-05  -2.0758921e-04  -5.0099465e-04
   1.0124913e-02   1.6051835e-02   1.3809219e-02   2.2162508e-04  -1.7585996e-04  -7.2344010e-04
   2.1064158e-02   9.0291306e-03   1.6330830e-02   4.3221013e-04  -4.3939219e-04  -5.3757253e-04
   1.5853246e-02   6.5408001e-03   1.2180213e-02   5.4533782e-05  -1.0950891e-04  -6.8280695e-04
   1.8320706e-02  -4.1733114e-04   1.2816102e-02   5.6928745e-04  -2.1523123e-04  -6.9409960e-04
   1.4947977e-02   1.7422935e-04  -2.0030067e-04   1.7548288e-04  -3.2974655e-04  -8.8102209e-04
   2.0548118e-02  -5.2814990e-03   2.7239958e-02   4.1351877e-04  -4.3211620e-04  -8.0346220e-04
   1.8910584e-02   1.4698441e-03   4.6801275e-03   7.8341921e-05  -4.3077192e-04  -9.3150893e-04
   2.3860336e-02  -1.5406897e-02   1.3181891e-02   5.3585265e-04  -3.3097380e-04  -7.9264959e-04
   1.6696157e-02   4.6715169e-03  -1.0177233e-03   6.1136792e-05  -3.6349334e-04  -8.6091303e-04
   2.5110932e-02  -4.6046903e-03   1.5075879e-02  -1.8155211e-04  -3.5028948e-04  -7.6454421e-04
   2.3724556e-02   2.7948322e-03   4.6670889e-03   1.5583235e-04  -6.2140991e-04  -6.6373357e-04
   1.5673018e-02  -4.3926152e-03   7.5915322e-04   1.0994674e-04  -3.9796446e-04  -7.3177307e-04
   2.2313903e-02  -2.4503882e-03   2.1639321e-02   5.4031984e-05  -3.8127207e-04  -7.1660803e-04
   2.5786485e-02  -4.1867982e-03   1.5401839e-02   3.6760742e-04  -3.9876490e-04  -8.6331823e-04
   2.2480111e-02   1.0138882e-02   1.2403888e-02   3.3087055e-04  -2.3616863e-04  -9.3108196e-04
   2.5481499e-02  -5.8236999e-03   2.3859485e-02   2.0140941e-04  -2.6918074e-04  -7.9383789e-04
   2.0032370e-02  -3.8681495e-03   1.0816371e-02   2.3424798e-04  -3.6600308e-04  -7.9547762e-04
   2.1050379e-02   5.8986044e-04   9.5938254e-03  -1.2109460e-04  -4.4865785e-04  -9.2219494e-04
   2.3963539e-02  -8.0009155e-03   1.3599766e-02   1.2078212e-04  -2.7873841e-04  -7.3483472e-04
   1.5027392e-02  -4.0163912e-03   9.2849963e-03   5.4618932e-05  -2.5107725e-04  -8.2166323e-04
   1.6269420e-02  -3.4123241e-03  -1.7127107e-03  -4.1178464e-05  -3.0359215e-04  -1.0193694e-03
   2.2611296e-02  -5.9854120e-03   2.7859566e-02   1.4966241e-04  -4.0438540e-04  -7.9921446e-04
   1.6314313e-02  -1.2032668e-02  -1.5186027e-03   4.2819452e-04  -4.4567066e-04  -8.4119290e-04
   1.3514637e-02  -3.1408625e-03  -5.8525155e-03   2.4631295e-05  -1.5927605e-04  -1.1092947e-03
   1.9680595e-02   1.3209180e-03   7.8656492e-03   4.5548938e-05  -3.0576749e-04  -8.1705429e-04
   1.3047486e-02  -1.5269957e-03  -1.3455693e-02   2.0879376e-04  -4.6324412e-04  -8.3549460e-04
   1.5792487e-02  -1.1285112e-02   2.8252023e-03   1.7461059e-04  -3.6354595e-04  -9.2830303e-04
   1.9523180e-02  -1.6543845e-02   1.2593708e-02   4.5911618e-04  -1.0189374e-04  -8.7050815e-04
   2.0233400e-02   1.0549365e-03   6.7704871e-03  -7.0992696e-05  -1.8659380e-04  -9.2356068e-04
   2.4370530e-02  -6.4824659e-04   2.0187709e-02  -9.2077294e-05  -2.0804033e-04  -9.2775680e-04
   2.1034596e-02  -7.2585244e-03   3.1900108e-03   1.6346975e-04  -4.9299778e-04  -7.3544782e-04
   1.3964174e-02  -2.7605999e-03  -1.0427753e-02   3.9752645e-04  -4.3796585e-04  -9.4419194e-04
   2.1559159e-02   2.7876391e-03   2.3866027e-02   1.3091172e-05  -3.6336684e-04  -8.8003596e-04
   1.4532810e-02   1.2264784e-02  -2.3169584e-03   1.8868275e-04  -2.2007894e-04  -9.3891497e-04
   1.7960767e-02   6.0110131e-03   1.3764826e-02  -9.1923302e-05  -3.0543703e-04  -9.2402040e-04
   1.9664496e-02   1.3039576e-02   1.2426244e-02   9.4969050e-06  -4.7553386e-04  -9.4669398e-04
   1.3582639e-02  -6.4458421e-03   6.9535452e-04   2.0394431e-05  -1.7733951e-04  -9.4294876e-04
   2.0203041e-02  -1.0194312e-02   2.5942660e-02   1.8767063e-04  -3.9548445e-04  -7.4638180e-04
   1.8117738e-02   4.2727830e-03   1.2297214e-02   1.9829183e-04  -4.6709074e-04  -1.0524171e-03
   1.9710046e-02  -8.9348103e-03   8.7333038e-03  -7.5948760e-07  -2.9633375e-04  -9.4474329e-04
   1.5232273e-02   4.4587813e-03   2.0762085e-03   8.1420652e-06  -2.5929233e-04  -1.0683720e-03
   1.7178188e-02   2.2913677e-03  -6.1223580e-03   1.7381480e-04  -3.6204269e-04  -8.5596810e-04
   1.4255221e-02  -2.4462222e-02  -6.3834395e-03  -4.9971667e-05  -3.7150679e-04  -9.0314750e-04
   1.7855013e-02   1.9084894e-02   9.9274295e-03  -3.6408302e-05  -2.9353150e-04  -8.0276373e-04
   1.5638524e-02  -1.0491593e-02   6.4510193e-03   7.6645746e-05  -2.0870611e-04  -7.4975740e-04
   1.7969080e-02  -1.5234921e-02   2.3298956e-03  -2.1652212e-05  -3.4178656e-04  -1.0128072e-03
   2.6133478e-02   1.4524774e-02   2.8732735e-02   1.0030027e-05  -2.2543744e-04  -9.2324104e-04
   2.4085117e-02  -1.2333264e-02   1.7763132e-02  -4.6062633e-05  -1.4451698e-04  -8.0697534e-04
   2.2336596e-02   2.4361588e-03   1.0538123e-02  -1.0910646e-04  -1.9807184e-04  -9.7014613e-04
   2.0294629e-02   1.0863796e-02   5.4619137e-03   9.2321310e-05  -3.3684249e-04  -8.5509432e-04
   1.8451760e-02  -1.4854262e-02  -5.1724274e-03  -7.6277895e-05  -3.1411208e-04  -9.1623001e-04
   2.6973440e-02   1.0443831e-03   2.6279174e-02   3.7089779e-05  -2.8915426e-04  -8.8117565e-04
   2.2135306e-02  -1.3541158e-02   4.1790164e-03   1.0322956e-04  -4.6453074e-04  -9.0843674e-04
   2.3211442e-02   2.6878028e-03   1.0653018e-02   8.6117307e-05  -2.2998327e-04  -8.7028295e-04
   1.8286649e-02  -5.5908146e-03   7.6318237e-03   1.1640330e-04  -1.6348457e-04  -9.9696538e-04
   2.1488662e-02  -1.0868623e-02   1.4860160e-02   1.3885654e-04  -8.7839117e-05  -9.3382297e-04
   2.1793480e-02  -4.0747297e-03   7.3428311e-03   1.4782217e-05  -2.5584868e-04  -1.0027016e-03
   2.7899798e-02  -3.1158399e-03   9.9291367e-03   7.7905193e-05  -3.1208038e-04  -8.1005250e-04
   1.8793012e-02  -1.1328333e-02   3.3493788e-03  -1.0484967e-04  -2.9922927e-04  -9.7602126e-04
   2.8175140e-02  -4.6467753e-03   1.8537412e-02  -3.4385328e-05  -1.4331346e-04  -7.7302148e-04
   2.1246761e-02  -7.4488082e-03  -4.8033138e-03   4.1333447e-05  -1.3376282e-04  -9.7458145e-04
   2.9644516e-02  -9.5756270e-03   1.7679126e-02  -2.6276096e-05  -1.1982071e-04  -9.0438618e-04
   2.3552934e-02  -2.0878021e-03   7.6957551e-03  -2.0357076e-04  -2.2603114e-04  -9.6243683e-04
   2.3550595e-02   1.1324405e-02   6.5958980e-03   4.0100061e-04  -4.1807470e-05  -9.2274810e-04
   1.8550777e-02  -1.2665356e-02  -1.0846060e-02   4.4030535e-05  -5.3241625e-05  -7.9207208e-04
   1.8862339e-02  -1.3602997e-02   7.3701464e-04   1.9842180e-04  -3.4539958e-04  -8.2403287e-04
   2.6910430e-02   4.9044343e-03   9.0918670e-03   2.5071580e-04  -1.6099190e-04  -8.1227056e-04
   2.4400597e-02  -6.2452976e-03   1.1149503e-02   2.9744880e-04  -2.5102762e-05  -8.5411491e-04
   2.5842745e-02   2.3866491e-03   1.7542228e-02  -4.4088795e-05  -1.2068416e-04  -9.5307349e-04
   1.7375117e-02   1.4647945e-02  -5.9323264e-03   5.8710443e-05   1.6982390e-06  -9.5793200e-04
   2.2414137e-02   4.3287541e-03   5.2599614e-03   1.0608898e-04  -1.5265629e-04  -9.1261485e-04
   1.9815270e-02  -2.9474459e-03  -8.5963715e-03  -1.2798183e-04  -2.4267419e-04  -1.1142435e-03
   2.2081575e-02   4.4492629e-03   1.3126492e-02   2.3082419e-04  -2.8051975e-04  -8.3600448e-04
   1.8314449e-02  -1.0607659e-03  -4.6457900e-04   2.5302766e-04  -3.0240700e-04  -9.7094601e-04
   2.3643945e-02  -1.4596988e-03   5.0779109e-03   8.7168010e-05  -2.1090207e-04  -8.9574483e-04
   2.0041719e-02  -1.1380764e-03  -3.1809298e-03  -8.1345125e-05  -4.3752813e-04  -8.5774331e-04
