   0.0000000e+00   0.0000000e+00   0.0000000e+00   0.0000000e+00  -3.4694470e-18   3.4694470e-18
  -3.2307111e-02   8.9344205e-04  -1.1733957e-01   6.6587045e-03   3.5491823e-04  -3.0725878e-06
  -3.5598247e-02   2.2185563e-02  -1.3458499e-01   6.7592881e-03   3.9755324e-04   1.8227527e-04
  -3.2065889e-02  -1.1224748e-03  -1.3155715e-01   6.8319204e-03   3.5233408e-04   1.0875053e-04
  -3.1024177e-02   1.0105533e-03  -1.3618402e-01   6.9067217e-03   2.0327872e-04  -8.9482975e-06
  -3.3574421e-02   1.6105588e-02  -1.4113687e-01   7.1545272e-03   3.4112083e-04   2.4832555e-04
  -3.2546872e-02   2.4083009e-02  -1.3929185e-01   7.0911790e-03   3.5653112e-04   2.4643888e-04
  -3.0972153e-02   2.3118183e-02  -1.3527740e-01   7.0496344e-03   2.5102042e-04   2.0681071e-04
  -3.1898023e-02   1.3060182e-02  -1.3560900e-01   7.0913632e-03   3.9800917e-04   3.1073741e-04
  -2.9127057e-02   9.2978878e-03  -1.4267282e-01   6.7527542e-03   3.3899124e-04   2.3522124e-05
  -2.7268029e-02   1.6437847e-02  -1.4209662e-01   6.5851060e-03   2.6445266e-04   3.5501447e-06
  -3.0458685e-02   3.9948817e-02  -1.5200812e-01   7.2675046e-03   3.5529123e-04  -1.2960676e-05
  -3.1284311e-02   2.2831423e-02  -1.8087116e-01   5.0852151e-03   4.1247879e-04   3.3573357e-04
  -2.6236251e-02   3.5763981e-02  -1.5272365e-01   6.9372483e-03   4.2345386e-04   2.6809057e-04
  -2.9144472e-02   2.0538632e-02  -1.7062931e-01   7.9435343e-03   5.6752202e-04   1.0564128e-04
   4.2937358e-02  -1.9293408e-01  -2.2566334e-01   6.8676606e-04   6.1864512e-04   2.0044921e-03
  -1.2917421e-02   2.3128482e-02  -1.6936564e-01   1.3853450e-02   6.5135130e-04  -7.6393063e-04
  -1.9227728e-02   1.0344839e-02  -1.4098640e-01   8.6232294e-03   1.2440159e-03   7.0648918e-04
  -2.7415476e-02   9.6284812e-03  -1.1731526e-01   7.7708584e-03   1.4166704e-03   8.9230445e-04
  -2.9189579e-02   3.6977396e-03  -1.2119305e-01   7.7948866e-03   1.3173429e-03   5.3514778e-04
  -2.7644968e-02   2.6724380e-03  -1.2295277e-01   7.9352357e-03   1.2428680e-03   5.8186823e-04
  -2.7404004e-02  -8.6941333e-04  -1.3008277e-01   8.3104207e-03   1.0530974e-03   6.3013876e-04
  -2.4014236e-02  -8.0250700e-03  -1.3118234e-01   8.7029124e-03   1.0804228e-03   6.2694991e-04
  -2.5088907e-02  -1.4654693e-02  -1.2682774e-01   8.6051602e-03   1.1382863e-03   5.5809166e-04
  -2.8318070e-02  -1.1775765e-02  -1.2833174e-01   8.4997623e-03   1.0445265e-03   6.3061013e-04
  -2.5650062e-02  -2.4324408e-02  -1.2371558e-01   8.4701471e-03   1.1456466e-03   6.1916105e-04
  -2.7386853e-02  -1.6950505e-02  -1.3233557e-01   8.7471765e-03   1.1392817e-03   7.0082075e-04
  -2.8414567e-02  -6.6350119e-03  -1.3816374e-01   8.0650631e-03   1.0675829e-03   7.5522011e-04
  -2.8793973e-02   2.9616769e-03  -1.4330173e-01   7.7156302e-03   1.1827823e-03   5.8790834e-04
  -2.3177675e-02  -3.4965005e-03  -1.4835131e-01   8.2864813e-03   1.0439640e-03   6.3998328e-04
  -2.5800019e-02   2.1364186e-02  -1.5393612e-01   8.5411096e-03   1.1528821e-03   7.1175142e-04
  -2.4252810e-02   1.8798479e-02  -1.5436376e-01   8.6097706e-03   1.3601416e-03   7.4076060e-04
  -2.5382233e-02   2.2556749e-02  -1.4724060e-01   8.1537268e-03   1.2973075e-03   6.7228145e-04
  -2.3181978e-02   2.7551392e-02  -1.4262717e-01   8.6483103e-03   1.3056368e-03   1.0420008e-03
  -2.9474041e-02   2.6096423e-02  -1.3786369e-01   8.1144335e-03   1.9297135e-03   4.6604681e-04
  -2.9791704e-02   4.1521287e-03  -1.6061121e-01   9.0810746e-03   9.0926761e-04   6.4168535e-04
  -2.6755692e-02   2.7855686e-03  -1.2399025e-01   8.1327676e-03   1.0044635e-03   5.9841619e-04
  -3.0719709e-02   1.2098043e-02  -1.3168233e-01   8.2620697e-03   9.6243914e-04   5.1256772e-04
  -3.3323956e-02   9.7564601e-03  -1.2599165e-01   8.2296097e-03   1.0239651e-03   5.3360933e-04
  -3.0124451e-02  -1.1958519e-03  -1.2784152e-01   8.4862213e-03   1.1129896e-03   6.1376652e-04
  -3.3020737e-02   1.8704043e-02  -1.3976522e-01   8.4624302e-03   1.1388494e-03   6.1112858e-04
  -3.1694112e-02   5.1244606e-03  -1.3703921e-01   8.5708769e-03   1.2163845e-03   5.8068569e-04
  -2.9047186e-02  -8.1770083e-03  -1.3648216e-01   8.7904243e-03   1.1281578e-03   6.6970243e-04
  -2.9460128e-02   1.2837684e-03  -1.3320953e-01   8.1352787e-03   1.1003047e-03   5.4268654e-04
  -2.8926701e-02   1.4133773e-02  -1.3585553e-01   8.4254950e-03   1.1799823e-03   4.7469379e-04
  -2.9730359e-02  -8.3921293e-04  -1.4209510e-01   8.5123744e-03   1.1827576e-03   4.6687259e-04
  -2.7633457e-02  -1.3697153e-03  -1.4276937e-01   8.6656497e-03   1.1223404e-03   5.2252789e-04
  -2.5518877e-02  -1.0403735e-02  -1.4072600e-01   8.6694859e-03   1.1344657e-03   4.9921229e-04
  -2.9641609e-02   1.4505500e-02  -1.4053761e-01   8.3990118e-03   1.0351535e-03   6.0640882e-04
  -2.5994682e-02  -1.0201956e-02  -1.4235120e-01   8.4711650e-03   1.1894129e-03   5.4242064e-04
  -2.6231758e-02  -6.8807804e-04  -1.4343137e-01   8.6599355e-03   1.1232771e-03   5.3658111e-04
  -7.7889118e-03  -1.3641163e-02  -1.3737264e-01   7.5302145e-03  -9.5361170e-04   2.5429834e-04
  -5.8414092e-02   1.0718154e-02  -2.0549827e-01   1.4963900e-02   3.4756686e-03  -8.5108486e-04
  -3.4854049e-02  -8.1714303e-03  -1.2023687e-01   9.2085021e-03   1.7383122e-03   3.2850095e-04
  -3.7277261e-02   7.7724168e-03  -1.2069972e-01   8.1025753e-03   9.0299517e-04   2.9540095e-04
  -3.7034637e-02   7.0572983e-03  -1.1811008e-01   8.2926506e-03   8.0452084e-04   3.9909087e-04
  -4.0508460e-02   1.3823579e-02  -1.3529068e-01   8.4136283e-03   1.0334380e-03  -1.1065326e-05
  -2.7341436e-02   6.1814396e-02  -1.4532162e-01   8.0571962e-03   1.1636166e-03  -4.6211008e-04
  -5.8310021e-02   3.7246920e-02  -1.3811809e-01   1.1683631e-02  -4.5816654e-04  -7.7319491e-04
  -3.0441691e-02   7.2643447e-02  -1.4143046e-01   7.2240222e-03   6.1092208e-04   1.1376986e-03
  -3.4169555e-02   1.1558766e-02  -1.0909541e-01   8.8092162e-03   5.7806618e-04   5.7522186e-04
  -3.9838059e-02   2.2641350e-02  -1.0112302e-01   8.1746187e-03   5.9839662e-04   3.1099666e-04
  -4.4393413e-02   1.4010122e-02  -1.1335729e-01   8.5663731e-03   1.0280180e-03   3.8330131e-04
  -4.5047705e-02   2.5913677e-02  -1.0004311e-01   7.8292491e-03   9.1927227e-04   4.2439486e-04
  -4.2978749e-02   1.4678623e-02  -1.0806966e-01   8.1134305e-03   7.8478216e-04   4.6752421e-04
  -4.2126993e-02  -1.5313789e-03  -1.0736312e-01   8.1662339e-03   7.4404712e-04   3.6235154e-04
  -4.2688203e-02  -6.7041731e-03  -1.1718105e-01   8.1109729e-03   7.7331685e-04   3.7323380e-04
  -4.2665468e-02  -5.8250348e-03  -1.2176665e-01   8.3622577e-03   7.5404550e-04   3.5267056e-04
  -4.0127938e-02  -7.6175036e-03  -1.1719777e-01   8.4697470e-03   6.8668260e-04   3.7062143e-04
  -4.0071989e-02  -1.5883211e-02  -1.1932500e-01   8.5615650e-03   6.3446676e-04   2.4803716e-04
  -4.0982933e-02  -2.1379656e-02  -1.2246388e-01   8.5751664e-03   7.1255448e-04   2.6808519e-04
  -3.8311161e-02  -1.9239897e-02  -1.2690626e-01   8.7195659e-03   6.5105232e-04   1.9688281e-04
  -3.6154587e-02   4.0443068e-04  -1.3093294e-01   8.0490825e-03   5.5900788e-04   2.6271287e-04
   5.2251774e-03   7.0801658e-03  -3.8100549e-02   1.9392267e-03  -2.2190337e-03   1.8237220e-03
  -3.0606130e-02  -3.1450531e-02  -1.1300429e-01   7.6395729e-03   6.0561398e-04   2.3290442e-04
  -4.2954361e-02   3.7442330e-02  -2.0847360e-01   7.3251136e-03   1.8754777e-03   1.5865774e-03
  -3.2165945e-02  -2.5182450e-02  -1.6335812e-01   7.8553738e-03   1.1478543e-03   5.6366567e-04
  -3.1459258e-02   1.0451225e-02  -1.6214395e-01   7.9084783e-03   9.1399752e-04   4.9011425e-04
  -2.1905842e-02  -3.6870727e-03  -1.4350917e-01   8.3165355e-03   8.3278080e-04   2.6036060e-04
  -1.4224492e-02   1.7007300e-02  -1.0768733e-01   8.7169888e-03   1.1207221e-03   6.2983394e-04
  -2.2712291e-02  -2.7306698e-02  -1.1717845e-01   7.8772480e-03   7.7723728e-04   1.8708244e-05
  -3.5036135e-02  -1.6299049e-02  -1.3729062e-01   1.0028762e-02   4.8915446e-04   8.8984830e-04
  -2.8150474e-02   4.2776066e-03  -1.2106045e-01   8.1519363e-03   5.4427434e-04   5.7356039e-04
  -2.9633309e-02  -7.7213852e-03  -1.2449742e-01   8.3363766e-03   6.3171417e-04   8.6204642e-04
  -2.6477577e-02  -9.8593623e-03  -1.2895964e-01   9.0069005e-03   5.5218212e-04   7.2930060e-04
  -2.6854746e-02  -4.7794407e-03  -1.3128691e-01   9.1570414e-03   5.2053985e-04   7.4995249e-04
  -3.1787576e-02  -1.3697717e-03  -1.3612086e-01   8.4254213e-03   6.7051894e-04   5.3365686e-04
  -2.8423519e-02   1.3974397e-02  -1.3628536e-01   9.0067892e-03   3.4864305e-04   8.1224816e-04
  -3.1081843e-02  -3.5927671e-03  -1.4174985e-01   9.1465839e-03   6.7709869e-04   6.4707623e-04
  -2.7759464e-02   9.4467960e-04  -1.3993416e-01   8.5110203e-03   6.6512382e-04   7.0496634e-04
  -2.7499350e-02   6.1023693e-03  -1.4977274e-01   9.3938152e-03   8.1374076e-04   5.5329980e-04
  -2.5881370e-02   1.9036476e-03  -1.4531992e-01   9.0734053e-03   5.9003754e-04   7.0541101e-04
  -2.5319120e-02   1.6224260e-02  -1.4194333e-01   8.9639883e-03   5.5047850e-04   7.4132604e-04
  -2.8566760e-02  -1.1132473e-03  -1.3985954e-01   8.5893740e-03   7.1238416e-04   6.6703127e-04
  -2.9608307e-02   1.6170559e-03  -1.3761311e-01   8.7696441e-03   7.0032257e-04   7.6255148e-04
  -3.2578463e-02   1.4044641e-02  -1.3729111e-01   8.6103645e-03   7.8482396e-04   5.9275354e-04
  -3.3396260e-02   2.2563467e-02  -1.4081122e-01   8.7174078e-03   7.3771696e-04   6.3202864e-04
  -3.0839880e-02   1.4402669e-02  -1.3639308e-01   8.6833010e-03   7.1476041e-04   5.6777502e-04
  -2.9819168e-02  -3.2639190e-03  -1.2812350e-01   8.0512303e-03   7.9200905e-04   4.6431195e-04
  -2.9917457e-02   1.8206137e-03  -1.2952072e-01   9.0177021e-03   7.0781575e-04   7.7974822e-04
  -3.3777356e-02   1.1222907e-02  -1.4059705e-01   8.5955913e-03   8.3988054e-04   6.7625593e-04
  -2.9755187e-02   1.9850026e-02  -1.3565416e-01   7.9320906e-03   6.1559477e-04   7.9586691e-04
  -3.2168312e-02   1.4964313e-02  -1.4485259e-01   8.2987876e-03   6.6944881e-04   7.7798441e-04
  -3.5612874e-02   9.9024421e-03  -1.3976530e-01   8.3259025e-03   6.9011806e-04   5.2570929e-04
  -2.1335000e-02  -6.7755921e-03  -1.9918814e-01   7.2736059e-03   1.1390488e-03   1.4649925e-03
  -7.0542991e-02   2.2050433e-02  -2.1678929e-01   1.0940872e-02   2.5550275e-03   2.6496672e-04
  -6.1245807e-02   6.4572506e-04  -1.8062773e-01   1.0121122e-02   1.9534307e-03   1.0847062e-03
  -1.6869873e-02   3.1799274e-03  -1.2093277e-01   5.9926018e-03   5.0581415e-04  -7.1476427e-04
  -2.6180195e-02  -3.3643976e-02  -1.2408342e-01   6.9843925e-03   7.7784573e-04  -1.5478950e-05
  -3.8964436e-02  -4.2597235e-03  -1.3545772e-01   8.5566099e-03   1.4121373e-03   8.3041766e-04
  -1.9630294e-02   9.2967342e-03  -1.1213508e-01   6.2599618e-03   2.8778659e-05   8.4255802e-04
  -2.1129597e-02  -1.2549004e-02  -1.2524500e-01   8.7736632e-03   6.5656266e-04   2.9043519e-04
  -3.2598005e-02   1.8960848e-02  -9.2735563e-02   8.7363751e-03   4.5869895e-04   7.8843567e-04
  -3.7140930e-02   7.6815774e-04  -1.1380462e-01   8.7562225e-03   9.9661583e-04   1.0037112e-03
  -3.7583733e-02   2.2167363e-02  -1.2280341e-01   8.5087289e-03   7.0626483e-04   4.3275385e-04
  -3.1891525e-02   1.2287075e-02  -1.3168803e-01   8.4218761e-03   7.7724940e-04   5.8196887e-04
  -3.5177630e-02   1.8026103e-02  -1.4622560e-01   8.3956904e-03   8.2117218e-04   5.2634369e-04
  -3.1595870e-02   6.0636757e-03  -1.3108693e-01   8.7238684e-03   6.9531087e-04   5.0532743e-04
  -3.4328534e-02   2.6190299e-03  -1.2502513e-01   8.6502806e-03   6.7103897e-04   6.6110012e-04
  -3.3365296e-02  -7.8979631e-04  -1.1776685e-01   8.4390152e-03   6.5999092e-04   6.2651268e-04
  -3.3537213e-02  -6.5421882e-03  -1.2244422e-01   8.9181219e-03   6.4498931e-04   6.3812856e-04
  -4.0546653e-02   6.8942630e-03  -1.2175949e-01   8.6356129e-03   6.3202121e-04   7.4837214e-04
  -3.9754075e-02  -1.8202978e-03  -1.3726106e-01   9.4657422e-03   5.6447223e-04   6.3369941e-04
  -3.9429840e-02   2.0120517e-03  -1.3895884e-01   8.5735120e-03   6.4883731e-04   5.9325719e-04
  -3.9426957e-02  -1.5920157e-02  -1.3455861e-01   9.1235196e-03   8.6187449e-04   5.1311465e-04
  -3.3538388e-02   8.3732350e-03  -1.2367974e-01   8.5081432e-03   7.3933519e-04   5.8588994e-04
  -3.2173579e-02   2.5872045e-03  -1.3365361e-01   8.8244628e-03   6.8931628e-04   6.2556634e-04
  -3.1181380e-02   9.9437963e-03  -1.3377960e-01   7.7567568e-03   6.8259986e-04   5.5579115e-04
  -2.1940990e-02  -1.8806670e-02  -1.2883668e-01   8.3369698e-03   4.4825685e-04   3.1260654e-04
  -3.5925236e-02   2.6108729e-03  -1.3182705e-01   8.6264453e-03   6.3328497e-04   7.6627916e-04
  -3.9356558e-02   2.1379777e-02  -1.3498206e-01   8.5439776e-03   6.5602721e-04   7.6083381e-04
  -4.0033099e-02   1.8525073e-02  -1.3840808e-01   8.2356464e-03   6.9366285e-04   5.5866637e-04
  -3.4575397e-02   1.0377323e-02  -1.3111565e-01   8.5159241e-03   6.0206010e-04   7.2054040e-04
  -3.6898342e-02  -1.7630177e-03  -1.2525901e-01   8.3168665e-03   6.4661320e-04   7.4360654e-04
  -3.5271420e-02  -2.7041625e-03  -1.2505203e-01   8.7190003e-03   6.5406246e-04   6.6307734e-04
  -4.0045178e-02   1.2225432e-02  -1.3255640e-01   8.5378685e-03   6.5436678e-04   6.7287844e-04
  -3.4648956e-02  -6.3269630e-03  -1.2676906e-01   8.8071636e-03   6.0293998e-04   6.2484364e-04
  -3.8091163e-02   1.5202291e-03  -1.3757430e-01   8.8686487e-03   6.1606605e-04   7.8908249e-04
  -3.5684991e-02  -3.0837988e-03  -1.3187160e-01   8.6252251e-03   6.4437943e-04   7.1550357e-04
  -3.7527745e-02   8.9481079e-03  -1.3557138e-01   8.5413890e-03   8.1131959e-04   6.9391389e-04
  -3.2353936e-02  -6.4008491e-03  -1.2748646e-01   8.2425199e-03   6.9687951e-04   6.8751968e-04
  -2.9433171e-02   1.5135599e-02  -1.3304017e-01   8.3464605e-03   7.6644287e-04   5.1734809e-04
  -3.0391768e-02   4.3178808e-03  -1.3553708e-01   9.0464736e-03   7.9022624e-04   5.5741893e-04
  -2.8674127e-02   1.0544681e-02  -1.2393362e-01   8.8651572e-03   7.9129892e-04   6.1352464e-04
  -3.0744370e-02   1.3962772e-02  -1.2936167e-01   8.0293365e-03   6.9527879e-04   3.4705960e-04
  -3.4264465e-02  -3.6253472e-05  -1.2643673e-01   8.0515896e-03   7.2109927e-04   6.6739905e-04
  -3.5310705e-02   2.0344094e-02  -1.2676387e-01   8.3459564e-03   6.1609261e-04   6.3905300e-04
  -3.5814154e-02   7.9405829e-03  -1.2790895e-01   8.1051088e-03   8.0419487e-04   5.7553691e-04
  -3.5843876e-02   7.1957321e-03  -1.2583339e-01   7.8444555e-03   7.5620254e-04   5.0159228e-04
  -3.6988441e-02   8.3232016e-03  -1.2999784e-01   8.1659353e-03   7.0714527e-04   6.8412268e-04
  -3.9889498e-02   8.1357478e-03  -1.2592054e-01   7.8085588e-03   8.8788225e-04   5.6700814e-04
  -3.9063000e-02   3.0156295e-03  -1.2305319e-01   7.7196574e-03   8.5980708e-04   4.1299785e-04
  -4.0536406e-02   6.4223021e-03  -1.2552850e-01   7.6445526e-03   9.0759779e-04   4.2137249e-04
  -3.9289234e-02   9.8758395e-03  -1.3498093e-01   7.4905838e-03   7.8064095e-04   5.4393737e-04
  -3.5800806e-02   4.4045301e-03  -1.3362854e-01   7.3543680e-03   7.1712060e-04   5.0201818e-04
  -4.4354077e-02  -3.1477289e-03  -1.6238170e-01   8.8816433e-03   1.4029809e-03   5.0126459e-04
  -4.7197881e-02   2.6159640e-02  -1.9257442e-01   8.8203721e-03  -7.8669344e-04   2.1528316e-03
  -2.9177266e-02   1.6879232e-02  -1.4450358e-01   6.2788278e-03  -2.5153344e-04   1.4717068e-03
  -3.3669128e-02   2.3064106e-03  -1.4499373e-01   7.4925444e-03   1.2136700e-03   4.0390368e-04
  -2.9099605e-02   7.1631505e-03  -1.3381738e-01   7.9902614e-03   1.0173485e-03   8.6844836e-04
  -2.7495462e-02   6.3875056e-04  -1.3160182e-01   7.6242909e-03   1.0735244e-03   4.9922873e-04
  -2.5351038e-02   3.7615725e-03  -1.1769057e-01   7.6197295e-03   9.2334747e-04   3.7462404e-04
  -2.5833833e-02   1.0583842e-02  -1.2050780e-01   7.8514763e-03   8.9595706e-04   6.2835819e-04
  -2.8110856e-02  -1.0223760e-03  -1.1908819e-01   7.8475070e-03   8.2640841e-04   6.0419776e-04
  -3.0965503e-02   8.4346178e-03  -1.2639725e-01   7.9053794e-03   8.9049291e-04   6.2998427e-04
  -2.7896836e-02  -5.4464258e-04  -1.1484967e-01   7.7003945e-03   5.4793379e-04   5.3895112e-04
  -4.4779056e-02  -2.5776144e-02  -2.0733408e-01   9.0887973e-03   1.2622563e-03   2.1534032e-04
  -5.6662004e-02   2.2296906e-02  -1.2708299e-01   7.0192018e-03  -4.8146068e-04  -1.2624911e-03
  -1.8159880e-02  -3.0211462e-02  -1.0385469e-01   3.8109431e-03   4.1253556e-03   4.8323877e-04
  -1.9030605e-02  -5.8515741e-03  -1.2465162e-01   8.7855054e-03   1.4965402e-03   3.5393652e-04
  -2.6928672e-02  -1.8274500e-02  -1.1595602e-01   7.4198184e-03   8.7507981e-04   6.2970383e-04
  -3.0583441e-02  -2.3531478e-03  -1.1203509e-01   7.6991494e-03   8.7420629e-04   4.6923078e-04
  -3.3736700e-02   1.1194747e-02  -1.0581603e-01   7.6123338e-03   1.1348772e-03   3.0557807e-04
  -3.6347568e-02   1.0082240e-02  -9.6322749e-02   7.6216398e-03   1.3294019e-03   3.7652475e-04
  -3.7067167e-02  -2.8349802e-03  -1.0951534e-01   7.4481946e-03   1.0618210e-03   5.1769457e-04
  -3.6248119e-02  -1.8909931e-03  -1.1544296e-01   7.2327981e-03   1.2287441e-03   4.9004134e-04
  -3.4990820e-02   3.8588097e-03  -1.3242982e-01   7.2165358e-03   1.1401573e-03   5.8355685e-04
  -3.4687837e-02   6.0687465e-03  -1.4409352e-01   7.3986126e-03   1.3246635e-03   6.1620934e-04
  -2.8189381e-02  -5.8069261e-03  -1.5175090e-01   8.2268722e-03   1.4109044e-03   2.1133598e-04
  -4.1365276e-02  -1.8571148e-02  -1.6112642e-01   9.0330096e-03   1.4154712e-03   3.1832720e-04
  -3.5495561e-02   2.9513279e-03  -1.4399822e-01   6.7977827e-03   1.3771645e-03  -1.3975443e-04
  -3.9514364e-02  -1.0277565e-03  -1.5443813e-01   8.4884186e-03   1.3888037e-03   6.6672473e-04
  -3.1781729e-02   5.2450572e-03  -1.4965914e-01   8.5252176e-03   1.1670799e-03   4.9810209e-04
  -2.4884283e-02  -1.3227755e-02  -1.3931818e-01   8.1876955e-03   1.1875338e-03   5.9367535e-04
  -2.6874811e-02  -8.0510186e-03  -1.3674211e-01   8.6110777e-03   1.1340394e-03   2.1995922e-04
  -2.7836613e-02   5.2437838e-04  -1.3493309e-01   8.5191088e-03   1.1451295e-03   4.8030214e-04
  -3.0141904e-02   5.0387486e-05  -1.2838792e-01   8.5689870e-03   1.1059017e-03   5.3302834e-04
  -3.2653939e-02   7.0485601e-03  -1.2674529e-01   8.7404924e-03   1.1900585e-03   4.8897071e-04
  -2.6894897e-02  -1.7539587e-02  -1.1572197e-01   8.4806904e-03   1.1114263e-03   5.2421349e-04
  -2.9084260e-02  -1.0728825e-02  -1.1215214e-01   8.3103181e-03   1.1876509e-03   5.5444143e-04
  -2.8519897e-02  -9.8698541e-03  -1.2291118e-01   8.5660095e-03   1.2392350e-03   6.0253164e-04
  -3.2326915e-02  -1.0258432e-02  -1.2333197e-01   7.5911357e-03   2.2166490e-03   6.0905234e-04
   3.1049246e-02  -7.4436492e-02  -1.1964349e-01   5.9164435e-03   1.5592913e-03  -1.9675038e-03
  -4.2982422e-02   5.1068395e-02  -2.1733940e-01   2.0249802e-02   1.1859550e-03   1.7499051e-05
  -1.7384313e-02   6.0920796e-02  -8.0307260e-02   7.5978184e-03   6.4983477e-04   1.0911358e-03
  -3.5186200e-02   3.2943071e-02  -1.3469636e-01   8.2534717e-03   1.2876627e-03  -2.7809808e-04
  -2.5776255e-02   1.5278732e-02  -1.4994484e-01   8.8915357e-03   1.5182538e-03  -8.2877750e-05
  -2.8756138e-02   4.2677018e-02  -1.3866530e-01   8.2950568e-03   1.5720818e-03  -1.9943159e-04
  -2.6700123e-02   1.5305048e-02  -1.3565342e-01   9.0026583e-03   1.8684822e-03   1.7526111e-04
  -2.8461211e-02   1.7641122e-02  -1.3847241e-01   8.2017571e-03   1.5585193e-03   7.3910975e-04
