   0.0000000e+00   0.0000000e+00   0.0000000e+00   5.5511151e-17   0.0000000e+00   0.0000000e+00
  -5.7435821e-04  -1.0210919e-02   4.7186595e-03   1.2605235e-04   1.2845417e-04  -1.1786367e-04
  -3.6841408e-03  -9.3713156e-03   3.9616039e-03   1.8506742e-04   9.3219013e-05  -1.4261712e-04
  -2.4011350e-03  -4.2040162e-03  -1.1555871e-02   1.9927343e-04   9.6502043e-05  -1.8911051e-04
  -3.0420952e-03  -4.9807946e-03  -4.0475390e-03   2.6220702e-04  -5.6359157e-05  -9.6198204e-05
  -6.5980507e-03   6.3802310e-03   1.7127834e-03   2.6667327e-04   2.7201276e-04  -6.3953856e-05
  -1.5881138e-03   9.6451432e-03  -1.0817869e-02   5.1876186e-04   2.1244269e-04  -1.3962483e-06
  -4.9630875e-03   9.2122133e-03  -3.4857934e-03  -6.6764943e-05   4.9006650e-04  -1.8870431e-04
  -3.6807917e-03   1.0522569e-02   2.0295356e-03   2.5732380e-04   1.8159024e-04  -7.1554693e-05
  -7.2378238e-03   7.0718210e-03   1.2194596e-02   1.1262048e-03   1.4275023e-04  -6.2273177e-05
  -2.0756192e-03   3.6711009e-03   4.6481985e-03   5.1286864e-04   8.0898144e-05  -1.3078618e-04
  -2.0012841e-03   7.1572415e-03   1.6114943e-03   2.3165540e-04   2.7697732e-04  -2.0848465e-04
  -8.4664522e-04   8.2865762e-03  -1.8929003e-03   3.7770020e-04   1.8483968e-04  -2.0543003e-04
  -1.0912347e-03   7.9066013e-03  -1.4022921e-03   3.5952835e-04   1.9294576e-04  -1.5502825e-05
  -3.7258377e-03   5.7442774e-03  -4.4092775e-03   2.7490689e-04   3.0324049e-04  -1.6061962e-04
  -3.2006642e-03   1.3664218e-02   2.9155921e-03   4.5704704e-04   1.4178248e-04   1.2822469e-04
  -6.9054005e-03   2.4479783e-03  -9.3251666e-04   4.2564650e-04   5.8126759e-05   2.3365769e-05
  -6.4537982e-03  -5.8011372e-04   9.8118388e-03   4.6712872e-04   2.2646373e-05  -1.3209499e-04
  -6.8206467e-03   4.0525160e-03   3.7920168e-03   3.9974729e-04   2.3606412e-05  -2.9655931e-05
  -8.1744425e-03   7.2994635e-03   1.2210396e-02   5.3779397e-04   7.7315169e-05   4.2269066e-05
  -5.9092482e-03   3.0150181e-04   8.9034790e-03   3.9200301e-04   7.8321559e-05  -1.6833074e-05
  -5.5197567e-03  -8.5672087e-03   7.2375374e-03   3.4099986e-04   8.5818577e-05  -4.5375126e-06
  -6.3996655e-03   1.6914703e-03   9.1756279e-03   4.5945413e-04   9.7432067e-05   1.2406925e-04
  -3.7539448e-03   9.4703320e-03  -3.2559794e-03  -1.0620159e-04   4.4635556e-04  -2.5343283e-05
  -6.8616248e-03   6.4098920e-03  -9.6209629e-03   4.0347464e-04   2.2154622e-04  -4.4709615e-05
  -6.8201689e-03   1.0770936e-02   4.3903920e-03   3.4795226e-04   5.5604205e-05   5.5117695e-05
  -1.0323772e-02   1.5134750e-02   9.7867509e-03   5.5887249e-04   1.4939781e-05  -1.3670636e-06
  -1.0617222e-02   9.6088971e-03   4.0473614e-03   5.3028780e-04   1.2699565e-04  -1.1678797e-05
  -1.0048216e-02   4.1788685e-03   1.0292556e-02   3.7369922e-04  -1.8159060e-05   1.2828461e-06
  -1.0256165e-02   3.2968741e-03   1.6742276e-02   4.9267552e-04   8.0858642e-05   1.2992759e-05
  -1.0551018e-02   1.6081145e-02   6.8259154e-03  -1.5699616e-04   2.8439988e-04  -3.6491942e-05
  -1.0301734e-02   1.2504101e-02  -8.2810809e-04   2.2203401e-04   1.9705806e-04  -4.8995451e-05
  -9.0517729e-03   4.2581499e-03   9.5352762e-03   5.3301476e-04   6.2787615e-05  -2.1869886e-05
  -7.6667017e-03  -3.1095614e-03   6.8930355e-03   4.1608329e-04   6.8261580e-05  -9.2183720e-06
  -9.8124951e-03  -3.1469991e-03   6.4589690e-03   5.1140890e-04   1.4307228e-04  -8.9016691e-05
  -1.1681492e-02   2.4616171e-03  -2.5902688e-03   3.8354238e-04   1.0036263e-04   9.3472209e-06
  -1.2450370e-02  -3.5845365e-03   3.5465458e-03   4.7925288e-04   2.2993358e-04  -9.5414210e-05
  -9.7686036e-03   8.5271195e-03  -4.0107115e-03   5.1986386e-04   1.2816708e-04  -4.5778545e-05
  -1.1834089e-02   1.0447151e-02  -7.1991498e-03   3.2471602e-04   1.8063338e-04  -5.6931345e-05
  -1.2552050e-02   3.4032401e-02  -1.8029689e-02  -2.9051174e-04   3.3920915e-04  -9.1968612e-05
  -1.4878335e-02   3.5750474e-02  -1.1710709e-02   2.5923493e-04   3.8804315e-04  -1.5983512e-04
  -1.0339061e-02   6.7302764e-02  -3.5395941e-03   5.5332880e-04   3.5956066e-04   2.8041092e-05
  -9.7948431e-03   4.8769397e-02  -3.1281569e-02   5.9121162e-04   3.1973258e-04  -9.5419638e-05
  -6.4321905e-03   4.5167350e-02  -2.9330100e-02   2.6654963e-05   4.4252261e-04  -7.7964721e-05
  -3.5584808e-03   1.5932292e-02  -1.6307244e-02  -2.5974127e-04   2.0683124e-04  -4.0234645e-05
  -1.5326509e-03   8.9687770e-04  -8.8647175e-03   1.5078297e-04   2.3108613e-04  -1.6479524e-04
  -6.7831473e-03  -2.1967546e-03  -1.3653182e-02   2.8711409e-04   3.0036716e-04  -1.6889787e-04
  -3.6451874e-03   4.2147024e-03  -1.3407958e-02   2.7805690e-04   2.4220039e-04  -1.0500299e-04
  -4.4993319e-03   1.8849659e-02  -1.3521530e-02  -2.8492619e-04   2.7324257e-04  -4.9066810e-05
  -2.8817149e-03   1.4202986e-02  -1.4293273e-02   3.1398378e-04  -1.7757692e-04   4.0737651e-05
  -5.2228410e-03   1.1165674e-02  -2.2730852e-02   2.5475481e-05   2.8521644e-05  -6.1299083e-05
  -9.2377435e-03   1.3104511e-02  -2.9969686e-02  -5.0398993e-04   2.4827018e-04   9.0025708e-05
  -5.8541031e-03   1.1553705e-02  -3.4948463e-02  -4.4053204e-04   2.7420771e-04  -1.4889556e-04
  -1.9353081e-03   2.3404312e-02  -5.0743311e-02  -5.4875789e-04  -6.0377370e-04  -4.2566077e-05
  -6.9208080e-03  -2.1390191e-03  -5.7054677e-02  -7.7964336e-04   2.5649736e-04  -2.2802452e-04
  -7.1979362e-03   1.9754926e-02  -4.9479714e-02  -1.0213076e-03  -4.9783330e-04  -1.7097875e-04
  -1.2734668e-02  -1.4795456e-02  -4.4111297e-02   3.2322395e-04  -1.3871856e-04  -3.7910413e-04
  -1.5000271e-02  -3.2305780e-02   2.3588251e-03   6.4798651e-04  -5.5777845e-04   1.5378459e-04
  -1.3382116e-02  -9.4991925e-03   2.1731672e-03  -3.9952384e-04  -6.7301583e-04   1.2564534e-04
  -1.7265748e-02  -1.6198614e-02   1.3091336e-02  -6.4707272e-04  -1.8893492e-04   1.0213061e-04
  -1.2041352e-02  -3.1529595e-02   8.6324507e-03   1.4203127e-04  -3.4309813e-04   2.8790452e-05
  -1.2175614e-02  -1.3915953e-02   1.1074960e-02  -6.2934504e-04  -1.9225171e-04   3.0838286e-04
  -1.6305835e-02   8.1833755e-03  -2.5879236e-02  -9.1101448e-04   1.2950004e-04  -8.0103814e-05
  -1.2855487e-02   1.4010820e-02  -2.1590674e-02  -7.9031215e-05   6.2514164e-04  -3.8733192e-04
  -1.0228459e-02  -2.7807084e-03  -1.8193406e-02  -2.7351974e-04   4.1672939e-04  -1.2597721e-04
  -3.4297605e-03  -8.4549925e-05  -3.0852512e-02  -1.0827873e-04  -1.6100633e-04   1.9228011e-04
  -1.4609170e-02   5.9812026e-03  -4.3437126e-02  -3.8483818e-04   2.7512781e-04  -7.6503043e-05
  -1.2905021e-02   1.6591190e-02  -3.4354650e-02  -3.0818581e-04  -4.7591498e-05   1.6883392e-04
  -1.4663103e-02   2.1967340e-03  -1.5209055e-02  -3.1238387e-04   2.5419392e-04  -8.6010730e-05
  -9.5160863e-03   8.1675202e-03  -2.9506913e-02  -3.5247030e-04   1.6797298e-04   4.3993402e-05
  -8.0013195e-03   4.4028965e-03  -2.6081026e-02  -3.4357712e-04   3.2863582e-04  -1.3616119e-04
  -1.1325976e-02  -1.5817463e-03  -2.8376877e-02  -4.9177325e-04   1.6155890e-04   1.3173096e-04
  -1.3279854e-02  -5.6963407e-03  -2.3796463e-02  -5.9430369e-04   1.9927907e-04   2.2515241e-04
  -1.4512605e-02  -1.3747047e-02  -2.8408369e-02  -4.6042513e-04   1.8735894e-04   2.0869820e-04
  -1.7842260e-02  -2.1656614e-02  -3.9134138e-02  -3.4388124e-04   2.1571343e-04   2.2578811e-04
  -1.5171336e-02  -1.8898345e-02  -3.0452317e-02  -3.8184919e-04   1.8930522e-04   1.9138491e-04
  -1.5388844e-02  -1.4845863e-02  -3.2966800e-02  -5.2021789e-04   2.5754244e-04   3.1100112e-04
  -1.9621267e-02  -1.5921330e-02  -3.6452091e-02  -3.9197312e-04   3.4006404e-04   2.3752375e-04
  -1.4151503e-02  -2.0848728e-02  -3.4464298e-02  -4.2295472e-04   1.9958700e-04   2.0629166e-04
  -1.4990777e-02  -2.8500366e-02  -2.3151361e-02  -2.6088140e-04   2.2553912e-04   9.2394414e-05
  -1.7216099e-02  -1.8053240e-02  -2.5829114e-02   5.4806510e-04  -3.2279586e-05   2.9231437e-04
  -6.8200470e-03   1.4028271e-02  -3.3214596e-02   1.6040853e-05  -5.8644072e-04   2.8292861e-04
  -1.6537867e-02   3.1527312e-02  -3.6758166e-02  -2.7806617e-04  -2.3251126e-04   2.1726560e-04
  -1.5415651e-02   4.4167933e-03  -1.5118187e-02  -1.1304321e-04  -2.1032922e-04   6.5398760e-05
  -1.0372023e-02   1.0001204e-02  -4.3772178e-02  -9.4068204e-04  -4.1405926e-04   3.5051399e-05
  -9.4253388e-03   8.5475898e-03  -2.1339234e-02  -9.4800937e-04  -3.2533016e-04   1.3446262e-04
  -1.7120047e-02   1.9421956e-02  -1.5029246e-02  -4.7253203e-04  -2.4475447e-04   1.1420191e-04
  -1.8200854e-02  -2.3899618e-02  -1.8739019e-03  -9.1104331e-04  -6.9637097e-06  -4.1227184e-05
  -1.5512818e-02  -1.6823394e-02   1.3918039e-04  -8.0491585e-04  -2.3163625e-05   1.2030743e-04
  -1.4265421e-02  -1.5917583e-02  -1.9207543e-02  -8.7578600e-04  -7.1239170e-05   9.3212294e-05
  -1.7247831e-02  -1.6871716e-02  -7.5870061e-03  -8.0939897e-04   7.5232533e-05  -2.2148944e-05
  -1.6337638e-02  -1.2811660e-02  -9.1952559e-03  -1.0830743e-03   1.3177090e-04  -6.5616308e-05
  -1.7703413e-02  -1.1735945e-02  -1.1858385e-02  -8.1164890e-04  -9.1011986e-06   6.6603273e-05
  -2.1414095e-02   1.3724185e-02  -2.1913039e-02  -1.0869109e-03   4.1292082e-04  -9.8264609e-05
  -1.0571506e-02  -2.8767021e-02  -1.6702579e-02   3.9813640e-05   9.2245571e-05  -5.8277285e-05
  -1.3271588e-02   5.4074122e-03  -1.0772792e-02  -1.3732051e-04   1.6064390e-05   1.0472943e-04
  -1.2325829e-02   5.9369240e-03  -4.6991306e-03  -8.0354814e-05   1.7626526e-04  -5.4930704e-05
  -1.6362810e-02   1.3485329e-02  -1.0216636e-02  -4.7376991e-05   9.6939570e-05   1.5899030e-04
  -1.8024902e-02   9.9468206e-03  -1.2420662e-02   3.2350408e-05   8.3213407e-05   1.8252647e-04
  -1.8917717e-02   4.1420480e-03  -9.7567135e-03  -6.5826414e-05   1.4088371e-04   1.5397068e-04
  -1.7137550e-02   1.3500040e-03  -1.0684005e-02  -6.1801624e-05   9.7328542e-05   1.5130698e-04
  -1.7310113e-02   6.0562663e-03  -1.8379722e-02  -1.1835372e-04   6.4535778e-05   1.8166294e-04
  -2.1173542e-02   1.4795698e-02  -2.4884239e-02  -4.7833363e-05   2.1795158e-04   1.1464228e-04
  -1.8441607e-02   5.3501909e-03  -1.1969377e-02  -2.3273290e-05   1.9231910e-04   1.3135223e-04
  -1.6566679e-02   1.1423554e-02  -3.8491267e-03  -1.9541997e-04   3.4930442e-04   5.3103202e-05
  -1.7214175e-02   3.8176380e-04  -1.5809323e-02   3.3499167e-05   2.4799216e-04   6.9823542e-05
  -1.6523241e-02   1.0406293e-02  -2.5171061e-02  -2.5665582e-04   2.1943970e-04   1.8922260e-04
  -1.5851394e-02   4.0031197e-02  -1.9690993e-02  -4.7154822e-04   1.5097831e-04   3.8270228e-04
  -1.9266216e-02   1.3600384e-02  -7.7197082e-03  -5.1993345e-04   4.0326206e-04   1.2102026e-04
  -1.2760834e-02   2.4733801e-03  -1.7843610e-03  -2.1377502e-04   9.4984473e-05   1.9382417e-04
  -1.2567877e-02   8.6205337e-03  -1.0104500e-02  -8.7492779e-05   1.4080137e-04   1.0238249e-04
  -1.7539570e-02   2.4595210e-02  -5.8746880e-03  -5.1792028e-04   4.2368335e-04  -1.6425469e-05
  -1.6101896e-02   3.9557800e-03  -1.0962294e-02  -3.1265624e-04   1.1151799e-04   1.6403271e-04
  -2.0419593e-02   1.2051932e-02  -3.3340027e-03  -2.4952568e-04   5.3018358e-04  -1.2511516e-04
  -1.7409897e-02   9.3543151e-03  -6.3415839e-03  -1.7152394e-04   1.0438439e-04   1.9111233e-05
  -2.0478648e-02   1.7397205e-03  -7.2329738e-03   9.5969403e-05   8.7949825e-05   1.8677536e-04
  -2.0343181e-02   1.6313296e-02  -1.8226969e-03   2.0773514e-04   3.2685634e-05   2.3653809e-04
  -1.9169431e-02  -1.4117994e-03  -1.6958132e-02  -1.1298543e-04   3.5078731e-05   2.0281400e-04
  -1.6593441e-02   1.6935669e-03  -1.3231160e-02   3.8467350e-04   9.8486730e-05   1.9833341e-05
  -1.8462028e-02   8.8372636e-03  -1.3542358e-02  -3.2827669e-04   3.4432908e-04  -4.0411714e-05
  -1.6149580e-02  -1.2587422e-03  -3.5973712e-03  -2.3617629e-04   4.4776734e-04  -2.5689748e-05
  -9.0311363e-03   8.1564368e-03  -1.8416671e-02  -2.9472899e-04   1.2421528e-04   9.0579193e-05
  -1.5368996e-02  -6.6044180e-03  -1.0147086e-02   3.0891186e-04   4.6688979e-04  -3.0634891e-04
  -1.4716825e-02   9.0770981e-03  -6.6521188e-03  -4.7427925e-06   2.8606670e-04   1.0957962e-05
  -1.8342934e-02   2.1105781e-02  -1.8867225e-02  -3.5712252e-04   4.8709433e-04   5.1327754e-05
  -1.2618880e-02   1.9977513e-02  -8.2634322e-03  -5.4008794e-04   3.6668841e-04   9.3415560e-05
  -1.3635800e-02   6.5094768e-03  -6.2884263e-03  -2.5643360e-05   2.1250131e-04   1.1828860e-04
  -1.4707738e-02   1.1062615e-02  -1.2095053e-02  -5.0927045e-04   5.3561498e-04  -3.8947768e-05
  -1.3812140e-02  -1.0553905e-02  -8.3527360e-03  -2.4215103e-04   2.3368791e-04   1.1392471e-04
  -1.4560130e-02  -2.5267722e-03  -7.9260172e-03  -2.2468757e-04   2.8880644e-04   1.0651294e-04
  -1.1310376e-02  -9.7832993e-03  -1.2340584e-02  -5.2840788e-05   2.1080891e-04   1.0317198e-04
  -1.3524691e-02  -5.6410816e-03  -2.4603093e-02  -3.6703619e-04   2.5039166e-04   2.6594477e-05
  -1.4249242e-02  -2.3772702e-03  -2.8487231e-02  -4.0121599e-04   2.6412138e-04   1.5719048e-04
  -1.6317207e-02  -3.1708074e-03  -6.6995607e-02  -8.2283624e-04  -1.9566682e-04   8.2451647e-04
  -1.3959155e-02  -8.6396298e-04  -2.5433686e-02  -5.3512533e-04   1.6685126e-04   2.2399591e-04
  -1.8276102e-02  -8.3860540e-03  -3.4360794e-02  -1.1521208e-05   3.1247086e-04   2.4999073e-04
  -1.3841552e-02  -7.5378556e-03  -3.1061683e-02  -2.6304529e-04   2.2920381e-05   2.0679947e-04
  -1.5126581e-02  -1.2971665e-02  -1.7991850e-02  -3.1734856e-04   1.0568350e-04   1.4601247e-04
  -1.8877631e-02  -2.0943766e-03  -1.1795448e-02  -6.7697063e-04   2.3881713e-04   3.1106082e-04
  -1.7256149e-02  -5.4965818e-03  -1.5730450e-02  -5.0586554e-04  -2.4362661e-06   3.3669427e-04
  -1.6666290e-02  -1.1915192e-02  -1.7036754e-02  -2.9738501e-04   2.1922177e-04   1.7771668e-04
  -1.9277494e-02   1.9552154e-02  -2.1572927e-02  -3.3266348e-04   2.8076768e-04   3.6109742e-04
  -1.5293106e-02  -9.9825952e-03  -1.0811984e-02   1.3430221e-04   5.3005968e-05   2.1012525e-04
  -1.6091448e-02  -2.8053913e-04  -2.1127368e-02  -1.4621936e-04   1.6900393e-04   1.7730637e-04
  -1.5557920e-02   1.0335702e-02  -2.7909794e-02  -8.8581442e-05   1.3809784e-04   2.2704479e-04
  -1.6229225e-02   2.2229168e-03  -2.5882709e-02   1.7005010e-05   4.2537569e-05   2.6673487e-04
  -1.5291160e-02   2.8499689e-03  -1.1892731e-02   8.6013895e-05   1.1377021e-04   1.9637189e-04
  -1.6544257e-02  -3.3279544e-03  -8.9349005e-03  -1.3925535e-04   5.7119005e-07   1.6700852e-04
  -1.6737873e-02  -1.3789510e-04  -2.0543288e-02  -8.7949611e-05   1.0997068e-05   2.2435139e-04
  -1.7857654e-02  -7.7709564e-03  -1.4614185e-02  -2.0443080e-05   1.3596528e-04   1.2614512e-04
  -1.9610100e-02  -5.4294152e-03  -2.4537298e-02  -3.8062473e-04   1.6998964e-04   1.2517012e-04
  -2.0390335e-02  -8.6421943e-03  -1.1447359e-02   1.3938566e-04   9.2621158e-05   6.2685541e-05
  -1.5429155e-02  -5.1467143e-04  -2.5549598e-02   3.8922756e-05  -1.0932442e-04   9.6860176e-06
  -2.0629954e-02   4.7758368e-03  -2.9113280e-02  -6.8416865e-05   1.5685292e-04  -8.6736797e-06
  -2.0383286e-02   3.9570801e-03  -1.4231225e-02  -9.6068509e-05   1.6098299e-04   9.7566767e-05
  -2.0225447e-02   3.6358103e-03  -2.5501455e-02   2.3270743e-04   3.2262254e-04  -3.5446131e-05
  -1.3262713e-02   5.3707805e-03  -2.1244578e-02   8.2220571e-05   2.5051713e-05   1.8627418e-04
  -2.1260533e-02  -8.7916482e-03   5.9219046e-03   8.3291297e-05   1.7858892e-04   1.5671016e-04
  -2.2895721e-02   1.8946366e-02  -7.0020508e-03  -6.7348272e-04   5.3753062e-04   1.4212585e-04
  -1.6697988e-02   2.5740885e-02  -2.0217614e-02  -2.9036882e-04   1.8767753e-04   2.2852180e-04
  -2.0188426e-02   2.5821497e-02  -2.1631536e-02   5.5403170e-05   3.2210447e-04   2.4572193e-04
  -1.6801951e-02  -1.9113776e-02  -3.5682881e-02  -1.3533194e-03   3.7646572e-04   2.9385643e-04
  -3.9103533e-03  -8.4083245e-03  -3.8767579e-02  -2.6173272e-04   3.6109085e-05   1.1749401e-04
  -7.6398954e-03  -1.7220315e-03  -3.7675422e-02  -1.9466470e-04   2.9451191e-04  -3.0314394e-05
  -7.2213998e-03   3.7440093e-04  -2.7065832e-02  -2.0426158e-04  -2.7290764e-05   1.3121866e-04
  -1.3658280e-02   2.7338004e-02  -2.4380190e-02  -1.5721257e-04   1.8946846e-04   4.6877532e-05
  -1.2933101e-02   1.2701692e-02  -3.0394532e-02  -2.8883479e-04   2.2260025e-04  -9.2598039e-05
  -1.1748927e-02   7.8201780e-03  -1.7840479e-02  -2.4799733e-04   2.2496459e-04  -1.3145007e-04
  -1.2712157e-02  -1.4107910e-03  -1.5788992e-02  -9.0237324e-05   1.9345202e-04   1.8362012e-06
  -1.1113789e-02   3.3909662e-03  -3.2382940e-02  -4.6678072e-04   3.8725676e-04  -2.2307414e-04
  -1.3359412e-02   1.7564965e-03  -3.1588794e-02  -2.2425198e-04   9.9958534e-05   3.4330780e-05
  -1.4840856e-02  -3.1457255e-03  -2.0521316e-02  -1.5011791e-04   3.1644978e-04  -9.7613258e-05
  -1.5450510e-02   6.9758718e-03  -2.2385997e-02  -2.1119635e-04   3.1903560e-04   3.0833763e-05
  -1.5631974e-02  -8.8035136e-06  -2.8430707e-02  -1.3701764e-04   3.1953803e-04   1.7182323e-05
  -1.3985495e-02   3.4394086e-03  -3.4686463e-02  -3.6071997e-04   3.7347204e-04  -3.7493880e-06
  -1.4584420e-02   3.3696442e-03  -2.6864102e-02  -1.9871118e-04   2.6809518e-04   1.2176000e-04
  -2.0041382e-02   1.7465185e-03  -1.8105218e-02  -5.4792053e-04   4.3019631e-04   1.6754300e-04
  -1.6784168e-02  -2.8306961e-03  -1.6329616e-02  -4.5172273e-04   4.0318543e-04   2.7050062e-05
  -1.7863401e-02  -1.3805691e-03  -8.2457744e-03  -2.1441622e-04   2.3977153e-04   1.6727873e-04
  -1.9197623e-02   1.4582614e-02  -6.5244650e-03  -5.0335124e-04   4.6531158e-04   3.6412841e-05
  -2.1377384e-02   1.3310270e-02  -1.1375956e-02  -4.3045800e-04   5.1110005e-04   9.5384296e-05
  -1.8173383e-02   8.5266793e-04  -8.9879975e-03  -7.1752618e-04   5.6629327e-04  -5.4671694e-05
  -1.5864380e-02  -4.9100493e-03  -1.5379317e-02  -3.6162045e-04   3.1398379e-04   2.1832287e-05
  -1.9597014e-02   2.7979168e-03  -1.9788412e-02  -2.5721677e-04   3.0833586e-04   1.1226089e-04
  -1.6170537e-02   1.1908825e-02  -1.5988192e-02  -2.9400052e-04   2.6854069e-04   1.9484066e-04
  -2.2613676e-02   1.1250290e-02  -1.4047021e-02  -4.6248417e-04   6.9315136e-04  -8.6948298e-05
  -1.6636408e-02   1.4333678e-02  -2.0331879e-02  -4.5937167e-04   4.9162966e-04   1.9196037e-04
  -1.9167227e-02   1.4410217e-02  -1.8257383e-02  -5.2903862e-04   5.8673021e-04  -2.5092623e-05
  -2.1300906e-02   4.1753850e-03  -1.9141505e-02  -7.1429030e-04   6.4025902e-04  -2.4911706e-05
  -1.5519224e-02   6.7163175e-03  -2.8255348e-02  -4.4176920e-04   4.0671585e-04   1.0188367e-04
  -2.0047626e-02   1.5674443e-02  -3.3152204e-02  -7.2894916e-04   6.7532972e-04   3.7361925e-05
  -2.0139806e-02   1.7531866e-02  -2.7689619e-02  -3.6567802e-04   5.7833910e-04   1.1921885e-04
  -1.9277638e-02   1.3329609e-02  -2.2999496e-02  -5.0037869e-04   5.4048198e-04   1.0999004e-04
  -1.9074328e-02   2.0086941e-02  -3.0049515e-02  -7.0323546e-04   5.9211006e-04   2.8534595e-05
  -2.0139826e-02   4.1985152e-03  -2.6316863e-02  -5.0452704e-04   6.0164321e-04  -5.4391910e-06
  -1.7316138e-02   1.8055858e-02  -3.0771417e-02  -6.9668375e-04   5.0215842e-04   1.4013642e-04
  -1.6656271e-02   9.7780370e-04  -2.4628975e-02  -2.3771721e-04   3.6381335e-04   1.0740428e-04
  -1.7859833e-02   8.0454748e-04  -2.6600183e-02  -1.6233964e-04   3.4627292e-04   1.3459729e-04
  -1.7604474e-02  -1.6150063e-03  -2.0576927e-02  -1.3656577e-04   3.5532218e-04   1.0712917e-04
  -9.9685884e-03  -1.5745425e-03  -2.6425844e-02  -1.8232706e-05   8.1875418e-05   8.2068247e-05
