   0.0000000e+00   0.0000000e+00  -3.5527137e-15   6.9388939e-18   0.0000000e+00   0.0000000e+00
   2.7145513e-03  -3.9672256e-03   3.1387671e-03   1.0238527e-04  -1.9861393e-05   5.1573528e-05
   3.2167740e-03   4.3776326e-04   1.8107600e-02   2.3252107e-04  -9.8316621e-05   1.0708699e-04
  -2.3714635e-03  -4.5899689e-03   9.9301605e-03   3.9032400e-05   6.5382634e-05  -3.7371133e-05
   7.3017947e-03  -1.7388358e-02   1.3861869e-02   4.0903817e-04  -1.7173454e-04  -1.1584109e-04
   9.5289388e-03  -2.3917476e-02   1.7510904e-02   1.9330742e-04  -1.8602801e-04  -1.3553467e-04
   6.5579378e-03  -2.2412111e-02   1.4952420e-02   2.4804476e-04  -9.4197073e-05  -8.9177529e-05
   7.3975927e-03  -2.0364437e-02   1.4221872e-02   2.2499289e-04  -2.1151265e-04   1.0987941e-04
   8.0886147e-03  -1.4277528e-02   8.7200033e-03   2.5262920e-04  -2.2043070e-04   2.4652073e-05
   1.2739960e-02  -3.2365952e-02   1.8299665e-02   2.8162345e-04  -1.8825783e-04   3.6707370e-05
   1.4198043e-02  -3.5398790e-02   3.2933081e-02   3.2185944e-04  -2.2303273e-04  -1.1192605e-05
   1.2697822e-02  -2.3819718e-02   1.1002214e-02   2.9288258e-04  -1.9308331e-04  -9.2386772e-05
   1.3728444e-02  -3.2362726e-02   1.6536657e-02   4.8459917e-04  -4.1544668e-05  -1.5509689e-04
   1.6600698e-02  -3.4143519e-02   2.6937500e-02   2.4022682e-04  -9.9229746e-05  -1.6810307e-04
   2.3917147e-02  -3.3387517e-02   3.3830855e-02   1.8566848e-04  -3.5724989e-04  -3.0255154e-05
   2.1498431e-02  -2.3859000e-02   6.0341915e-03  -4.9309085e-05  -1.2989847e-04  -4.8022500e-04
   2.2875482e-02  -2.1451679e-02   1.0527246e-02   1.6791836e-04  -2.5973630e-04  -2.9801112e-04
   1.6544413e-02  -3.3265551e-02   3.1881448e-02   7.1739731e-04  -2.0262214e-04  -1.7399627e-04
   2.2719993e-02  -1.1143066e-01  -8.7161696e-03   2.1831647e-03  -1.9476899e-04  -4.2282833e-04
   1.6033366e-02  -3.2532292e-02  -1.2246982e-02   2.4675306e-05  -8.2646470e-05  -7.4938499e-05
  -1.6356444e-04   6.7976675e-03   8.6791044e-03  -5.5985415e-04   2.7430014e-04  -2.1046092e-05
   4.5555976e-03  -4.7261078e-03  -4.8482237e-03  -7.0140305e-05  -1.7055257e-04   1.3449774e-04
   5.5610943e-03  -1.1490693e-02  -9.1021290e-03  -5.1834001e-05   1.4483209e-04  -1.4802996e-04
   1.3028671e-02  -1.6833251e-02   7.3394662e-03  -5.3320429e-05  -2.5350215e-04   6.8229652e-05
   1.2049350e-02  -2.9233856e-02   4.1569366e-02   1.2443104e-04  -8.3475714e-05  -5.9126975e-05
   2.1350107e-02  -3.8365331e-02   3.7432411e-02   2.4712208e-04  -3.3803335e-04   3.2513138e-05
   2.1019668e-02  -2.7318123e-02   1.8363355e-02   2.8453774e-04  -1.1713884e-04  -1.9731146e-04
   2.2359620e-02  -3.2849181e-02   3.4753488e-02   2.2726404e-04  -2.0298340e-04   2.2615986e-04
   2.5321851e-02  -4.0604260e-02   2.7202262e-02   3.4795903e-04  -5.2923763e-05  -1.5562959e-04
   2.2702624e-02  -2.2040806e-02   2.9747980e-02   3.0837769e-04  -2.0949589e-04   9.2294144e-07
   1.9630956e-02  -2.8111706e-02   1.6232667e-02   2.6349563e-04  -2.6628541e-04  -1.5427472e-04
   1.5848542e-02  -2.4176344e-02   1.1495821e-02   5.3413505e-04  -1.4686179e-04  -2.4315626e-04
   1.1018682e-02  -1.2166470e-02   1.9399042e-02   3.4680947e-04  -1.9829060e-04   8.4381439e-05
   2.0376732e-02  -2.3827046e-02   1.1287492e-02   3.4033432e-04  -2.4062584e-04  -2.6821086e-04
   2.1363573e-02  -2.9403654e-02   9.8461576e-03   3.2785269e-04  -1.5856990e-04  -2.5514961e-04
   1.8568472e-02  -1.8327295e-02   1.2232065e-02   6.0634725e-05  -3.6361773e-04  -5.4522215e-05
   7.0446015e-03  -6.9772080e-03   8.4953910e-03   2.7914846e-04   1.0261414e-04  -3.2279566e-04
   7.9307926e-03   3.4826418e-03   7.2395657e-03  -1.5022551e-04  -1.7732715e-04   2.2995144e-05
   9.0094115e-03  -3.5569492e-03   1.3917055e-03  -1.3116995e-04  -3.3351874e-04  -1.2139511e-04
   3.7166721e-03  -6.9210838e-03   8.6972970e-03   1.1704646e-04   4.4153675e-05  -2.6724152e-04
   1.1958912e-02  -1.6674445e-02   5.8452305e-03   1.0358653e-04  -2.6482651e-04  -2.3181929e-04
   1.5495484e-02  -6.8226933e-03  -1.1511948e-03   9.0936255e-05  -3.8412698e-04  -8.3195890e-05
   3.4657509e-03  -7.7955406e-03   2.3062680e-02   1.3289062e-03  -2.8157101e-04  -9.6398555e-05
   5.1769348e-03  -2.0105828e-02  -1.6165057e-02  -2.3126208e-03  -3.5231952e-04   2.5260228e-04
   4.1230537e-03  -4.2035232e-02   3.1610910e-02   7.0015829e-06  -1.2616269e-04   6.5584937e-05
   7.3786221e-03  -4.2873819e-02   9.4084111e-03   2.0911844e-05  -1.6353544e-04  -1.9666275e-05
   1.3054786e-02  -4.8750582e-02   1.7152624e-02   2.2613359e-04  -1.0574357e-05  -1.7742359e-04
   2.0656086e-02  -2.7906933e-02   2.8832643e-02  -6.2219260e-05  -3.1905578e-04   2.7733158e-04
   1.5867809e-02  -3.2781439e-02   9.6327448e-03  -3.4960172e-05  -1.5812824e-04   2.9832325e-05
   2.3202192e-02  -3.1937722e-02   3.0182663e-02  -8.0292419e-05  -3.4069254e-04   2.2233726e-04
   2.1012003e-02  -3.5642914e-02   2.8514983e-02   1.2169424e-04  -2.2586474e-04  -4.9689670e-05
   2.8791289e-02  -2.6394023e-02   3.7621493e-02   1.0881289e-04  -4.4821962e-04   3.9369343e-05
   2.2378303e-02  -2.0943785e-02   2.5698099e-02   3.3193706e-04  -3.3657732e-04  -1.5766957e-04
   2.3317288e-02  -2.3613073e-02   4.2284819e-02   3.4990440e-04  -4.1820233e-04  -5.7130402e-05
   2.1599635e-02  -2.7031558e-02   3.0541294e-02   2.8875303e-05  -4.4615690e-04  -7.3536465e-06
   2.4917701e-02  -2.7317209e-02   7.9571602e-03   1.5892386e-04  -1.9467213e-04  -3.5277069e-04
   1.7450959e-02  -1.4466524e-02   1.4843872e-02  -1.1915838e-04  -2.7563004e-04  -1.8461974e-05
   1.5937025e-02  -2.8201265e-02   1.4092539e-02  -8.4010586e-05  -1.9155503e-04  -2.8018553e-04
   1.8245360e-02  -3.2471662e-02   3.4810936e-02   1.0939441e-04  -1.8065621e-04  -3.3056677e-04
   1.9626134e-02  -1.6391534e-02   1.9899474e-02  -1.5738104e-04  -4.0943595e-04  -2.2703228e-04
   1.4038646e-02  -1.0679181e-02   1.3121590e-02   3.0052964e-04  -1.6161081e-04  -3.5127987e-04
   8.9006923e-03  -1.0751482e-02   8.3674006e-03   2.9858705e-04  -2.8535354e-04  -8.5494026e-05
   8.9500614e-03  -9.9850569e-03   2.2088799e-02   9.0984784e-05  -2.9230104e-04  -1.2503636e-04
   1.1098543e-02  -2.4233000e-02   2.7566440e-02   1.6937800e-04  -3.8427707e-04  -2.0634565e-04
   2.6494329e-02  -7.1797442e-02   5.6190639e-02   3.4825470e-03  -5.5663735e-04  -3.2796785e-04
   1.3154655e-02  -1.9007920e-02  -7.5769700e-03  -9.1581374e-04  -5.8324931e-05  -1.4045121e-04
   1.6298948e-02  -2.7227624e-02   3.3021953e-02  -3.0611931e-05  -2.2794605e-04   1.2294904e-04
   1.2437026e-02  -1.7001238e-02   2.6691179e-02  -4.7461471e-04  -1.9199993e-04   3.3902159e-05
   1.2872675e-02  -7.2058964e-03   8.4391605e-03  -8.5755776e-05  -1.0560969e-04  -1.9837305e-04
   1.2740168e-02  -1.6089874e-02   1.2594146e-02   6.7477148e-05  -3.0090354e-04   7.5781502e-05
   6.9597904e-03  -2.6092300e-02   1.9628729e-02   2.2515801e-05  -7.7990330e-05  -1.4585330e-04
   1.3644917e-02  -5.5801773e-02   3.4539835e-02   2.1925719e-04  -1.6934052e-04  -5.0408237e-05
   2.0236764e-02  -5.6833228e-02   2.7658498e-02   3.2745896e-04  -2.0783305e-04  -3.0785741e-04
   1.8588561e-02  -3.6553989e-02   2.8078480e-02   2.9252318e-04  -2.5047281e-04  -2.1314406e-04
   2.0696240e-02  -5.0104671e-02   3.5203446e-02   1.2367440e-04  -4.0217673e-04  -9.9440413e-05
   2.0046211e-02  -3.8659017e-02   2.8416674e-02   2.1907755e-04  -2.5818113e-04  -2.3097510e-04
   2.6424037e-02  -4.0558019e-02   2.9580708e-02   6.5472848e-05  -5.0300142e-04  -1.3900832e-04
   2.1323146e-02  -4.6210133e-02   3.1486370e-02   4.4624547e-04  -3.5567373e-04  -1.4524614e-04
   2.0360593e-02  -4.1395256e-02   2.0028827e-02   4.0360806e-04  -3.5757791e-04  -7.5919387e-05
   2.1480918e-02  -3.7350713e-02   3.3683344e-02   4.5916453e-04  -2.6367646e-04  -2.0635574e-04
   2.0050254e-02  -3.7174407e-02   2.5120172e-02   3.8338092e-04  -3.8194488e-04  -8.6170889e-05
   1.4243120e-02  -2.6796059e-02   2.0821346e-02   3.5814069e-04  -1.7182970e-04  -2.8192409e-04
   1.6192946e-02  -3.6490308e-02   1.6430030e-02   3.2208137e-04  -3.6882808e-04  -1.3762715e-04
   1.6414431e-02  -3.0417984e-02   9.5333204e-03   4.3140460e-04  -2.2432724e-04  -3.1203949e-04
   1.3210201e-02  -3.2523191e-02   1.3646825e-02   2.8669886e-04  -1.8560524e-04  -8.4083267e-05
   1.2240021e-02  -2.6823457e-02   8.5636444e-03   4.3567197e-04  -1.3330098e-04  -2.6620557e-04
   1.1622027e-02  -1.6901665e-02   1.1088027e-02   2.9003884e-04  -2.3471796e-04  -4.6832104e-05
   1.2286625e-02  -2.5508185e-02   1.0248556e-02   1.6895692e-04  -3.9074839e-04   1.1516286e-04
   1.1717040e-02  -2.7292445e-02   3.6593371e-03   5.2702778e-04  -2.2473978e-04  -2.1272713e-04
   1.5325606e-02  -2.7126734e-02   2.3687157e-02   2.4332979e-04  -4.3753571e-04   1.0140677e-04
   1.0450954e-02  -3.3006490e-02   1.1326895e-02   2.2947635e-04  -2.0285923e-04  -2.8387342e-04
   1.4412974e-02  -3.1534557e-02   2.7415118e-02   4.1584288e-04  -4.1285951e-04   1.0828414e-04
   1.3358920e-02  -2.5476003e-02   1.3669617e-02   3.7862830e-04  -2.1056883e-04  -1.7057348e-04
   1.6660490e-02  -2.4830156e-02   1.4411292e-02   5.5326058e-04  -3.9412493e-04  -1.0601842e-04
   2.1531937e-02  -2.1146719e-02   2.8612477e-02   3.1567329e-04  -4.1392735e-04  -3.9242880e-05
   1.7364574e-02  -1.1133548e-01  -3.3571977e-02   1.6508364e-03  -4.0146371e-04  -1.2561710e-04
   1.2177957e-02  -5.2862426e-03  -6.6920519e-03  -5.8259108e-04  -4.1163987e-04   2.6698045e-04
   5.7252152e-04  -2.0031806e-02   2.0087845e-02  -1.6366113e-04   8.2915469e-06  -4.7876803e-05
   8.4481513e-03  -2.9332423e-02   2.5663218e-02  -2.8021569e-06  -2.7998615e-04   1.7998704e-04
   8.3470266e-03  -1.7798526e-02  -5.8340227e-03  -6.6179669e-04  -2.6887381e-04   2.7171926e-05
   4.3340215e-03  -3.6889227e-02   4.0573164e-03  -3.7076787e-04   1.0936987e-05  -1.4346596e-04
  -1.4235434e-03  -2.5154669e-02   9.7738609e-03  -4.1487060e-04   5.2931982e-05  -8.1433818e-05
   1.3894812e-02  -3.3717024e-02   3.7039321e-02  -1.8438071e-04  -3.9839445e-04   1.7606711e-04
   1.8386642e-02  -2.5199055e-02   1.8467499e-02  -1.5057421e-04  -3.5977366e-04  -1.7734690e-04
   1.6503758e-02  -2.8589622e-02   2.2921925e-02   3.1692606e-04  -3.1906716e-04  -3.5668781e-04
   8.9806042e-03  -3.7172777e-02   2.1005177e-02   1.3420484e-04  -2.7552648e-04  -9.3874563e-05
   1.4951150e-02  -2.6732251e-02   2.5512864e-02   1.5166034e-04  -3.7866586e-04   1.0987518e-04
   1.1491686e-02  -2.0867120e-02  -2.2720192e-03   2.2140401e-04  -3.2049086e-04  -1.3604198e-04
   1.1337364e-02  -2.4205485e-02   1.6701983e-02   2.6148580e-04  -2.3914777e-04  -3.8398047e-05
   8.7012228e-03  -2.0170569e-02  -4.1832309e-03  -1.6481530e-05  -2.3616538e-05  -1.5676637e-04
   1.3248448e-02  -4.1573509e-02   1.4286205e-02   7.9969582e-06  -1.0186608e-04  -1.4810234e-05
   2.3646792e-02  -4.4536678e-02   1.7991517e-02  -1.4839186e-06  -4.7695268e-04  -5.5231772e-05
   2.3113949e-02  -4.3205422e-02   1.6769714e-02   2.9136622e-04  -3.6133837e-04  -9.1384495e-05
   2.0001617e-02  -2.1660335e-02   3.1795346e-03  -3.3307136e-04  -3.1416774e-04  -8.0113720e-06
   2.2478099e-02  -2.3973956e-02   2.6614373e-02  -7.2559831e-04  -3.1853140e-04  -7.1224192e-06
   2.7538138e-02  -2.8043398e-02   2.3851839e-02  -3.5010470e-04  -5.5616894e-04  -1.8604725e-04
   2.9065396e-02  -3.1294447e-02  -9.6937717e-03  -1.2165917e-04  -4.9172243e-04  -2.6012611e-04
   1.7701245e-02  -9.5616271e-03  -3.4275898e-03   3.0934694e-05  -4.2317550e-04   1.4992538e-04
   2.2067255e-02  -1.3307707e-01  -4.5488259e-02   2.7558836e-03  -7.0372006e-04  -2.1923970e-04
   1.6688085e-02  -3.2124517e-02   9.7477883e-03  -2.6353035e-04  -6.2887091e-04   4.0628388e-04
   1.3547830e-02  -3.8034225e-02   2.7469862e-02  -1.7950011e-04  -4.1151329e-04   4.3032922e-06
   1.2292992e-02  -3.8233948e-02   2.6030239e-02  -1.7832782e-04  -3.1175446e-04   2.1456970e-04
   1.1342740e-02  -2.8308561e-02   1.0348242e-02   8.0911592e-05  -3.6641594e-04   7.8352648e-05
   8.9592313e-03  -3.3084709e-02   2.1463186e-02   4.0015411e-04  -2.1050137e-04   3.6171195e-05
   1.1418945e-02  -2.7442043e-02   2.3157233e-02  -1.6253795e-04  -4.4968639e-04   2.4194824e-04
   1.0813615e-02  -4.2518848e-02   2.3077342e-02   1.2489261e-04  -2.1796297e-04  -3.0410108e-05
   1.5477453e-02  -3.7084228e-02   2.3232996e-02   7.3022101e-05  -3.9359254e-04   2.2971766e-05
   1.9368191e-02  -4.3698630e-02   2.4229617e-02  -3.1981808e-04  -2.9406702e-04  -2.1947903e-04
   2.0486497e-02  -4.4892628e-02   3.5638851e-02   6.5545815e-05  -5.1121477e-04   4.4525789e-05
   1.4721535e-02  -4.8001227e-02   2.8249666e-02   1.2688216e-04  -2.7826850e-04  -2.7750059e-04
   2.1725747e-02  -4.2055416e-02   2.3790662e-02  -1.2703285e-04  -3.8002538e-04  -1.8750037e-04
   2.1142388e-02  -4.2553047e-02   1.7258045e-02  -7.9352196e-05  -3.3186857e-04  -1.3513684e-04
   2.3644158e-02  -5.6474104e-02   2.7366246e-02   2.7888683e-05  -3.5713553e-04  -1.7304085e-04
   2.8507589e-02  -4.3118275e-02   3.0487800e-02  -2.9291489e-04  -4.8495133e-04  -8.9250295e-05
   2.1657346e-02  -2.9013763e-02   1.3722063e-02   1.0599916e-04  -4.1734117e-04  -6.4697059e-05
   1.2616153e-02  -2.1629202e-02   9.2372996e-03   2.2785296e-04  -3.6142378e-04   4.9866603e-05
   1.2162386e-02  -2.5503898e-02   1.8496014e-02   3.0434421e-04  -3.6550376e-04  -4.6956903e-05
   1.6811430e-02  -3.9152372e-02   1.3859131e-02  -1.1285517e-04  -3.4680647e-04  -1.8546407e-04
   1.6868184e-02  -2.5543734e-02   4.6541022e-03   9.4490373e-05  -3.7243406e-04  -1.6894627e-04
   1.5640361e-02  -9.1730181e-02  -2.3671747e-02   2.7216007e-03  -4.9633752e-04  -2.5263975e-04
   2.2507087e-03  -2.1552834e-02   5.1079214e-03  -4.0133218e-04  -1.7597127e-04  -9.0039768e-05
   1.9159945e-04  -1.7974239e-02   2.7784035e-02  -3.6946683e-04  -1.1484100e-05   7.5564064e-06
   6.9501571e-03  -2.0539274e-02   2.6157420e-02  -6.2041490e-04  -1.6926352e-04  -1.4023389e-04
   9.7693315e-03  -2.9212322e-02   1.1746030e-02  -1.8583866e-04  -1.1546517e-04  -2.7242442e-04
   1.7924833e-02  -3.1872297e-02   1.4168312e-02  -2.5089490e-04  -4.3972693e-04   6.2683575e-05
   1.6503541e-02  -3.6848413e-02   1.8518996e-02  -8.4329909e-05  -3.0041389e-04  -1.4687968e-04
   2.1670713e-02  -3.5996075e-02   2.4200606e-02  -9.4258434e-06  -4.1590267e-04  -6.5351264e-05
   2.1683323e-02  -4.0137680e-02   1.6130147e-02  -2.2506479e-05  -2.7839944e-04  -2.7827791e-04
   2.2595971e-02  -3.1934483e-02   1.0589119e-02  -3.4239007e-04  -2.4158297e-04  -3.4961958e-04
   2.9886748e-02  -2.7289140e-02   1.4843092e-02  -3.7874987e-04  -5.4483017e-04  -5.2584101e-05
   2.4005493e-02  -2.7754004e-02   7.4929253e-03  -3.8061621e-04  -1.4271504e-04  -3.9016573e-04
   2.9012480e-02  -4.7751901e-02   6.4188302e-03  -2.8795896e-05  -4.9579390e-04  -1.4956738e-04
   2.1655077e-02  -3.1530922e-02  -6.2942162e-03  -7.7826210e-05  -2.7693094e-04  -3.2269634e-04
   1.9643725e-02  -6.9559753e-03   9.7726586e-04  -3.8861973e-04  -2.6832307e-04  -4.9765812e-05
   1.6598828e-02  -7.7184857e-03  -8.2454969e-03  -7.6984170e-04  -2.6853112e-04  -1.1977094e-04
   1.7673874e-02  -2.3734745e-02   4.1923761e-03  -6.3113194e-04   2.2597082e-05  -4.2566089e-04
   2.5117523e-02  -2.2838478e-02   1.2544712e-03  -4.7586286e-04  -4.3451245e-04  -4.1083940e-04
   2.0960373e-02  -3.0489177e-02  -1.1107143e-02   9.3445645e-05  -3.8805477e-04  -2.4983566e-04
   1.4170620e-02  -2.3608220e-02  -1.2859176e-02   5.2132211e-05  -3.0437320e-04  -2.1104297e-04
   1.3897014e-02  -3.3353136e-02   3.2582868e-02   3.6995659e-05  -4.3647861e-04   6.3845859e-05
   2.0273075e-02  -5.3624441e-02   2.7911727e-02  -9.9003753e-05  -3.8196403e-04  -2.3780224e-04
   2.3814820e-02  -5.3292870e-02   3.4489828e-02   1.5744616e-04  -5.5110337e-04   1.2295189e-05
   2.2651672e-02  -4.7194702e-02   2.5208540e-02   1.1327469e-04  -3.4457935e-04  -2.8385820e-04
   2.7316462e-02  -3.5007016e-02   5.8300972e-02   4.0530970e-04  -5.4555730e-04   6.3725076e-05
   1.8828360e-02  -8.7521798e-02   5.6007588e-06  -1.6700191e-03  -1.8415899e-04  -1.0727968e-04
   2.6524141e-02  -4.4097015e-02   2.3813605e-02  -3.1494351e-04  -4.4507529e-04   7.4108203e-05
   1.8524391e-02  -3.6521292e-02   2.9238682e-02  -5.3625720e-05  -3.0686111e-04  -8.5445914e-05
   1.7925960e-02  -3.1361357e-02   3.0340373e-02  -2.0010622e-04  -5.5465525e-04   2.3360422e-04
   1.3416410e-02  -3.5438641e-02   2.7073042e-02   6.0044132e-05  -4.4213659e-04   9.0270248e-06
   1.2127409e-02  -3.5150803e-02   3.1727130e-02   3.5482624e-05  -3.9486464e-04   5.4999798e-06
   5.7304618e-03  -3.4516825e-02   1.9015485e-02   1.4851667e-04  -2.7026752e-04  -4.9406922e-05
   7.9092774e-03  -3.9672953e-02   2.2079996e-02   1.4350442e-04  -2.8835847e-04  -1.1497266e-04
   9.8805220e-03  -3.7213498e-02   2.9755114e-02   1.6363018e-04  -4.5600869e-04   1.3627521e-05
   1.5435289e-02  -4.1663320e-02   1.8501448e-02   2.3275089e-04  -4.6375568e-04  -2.6859456e-04
   1.2798339e-02  -4.8006802e-02   2.0843760e-02   2.6950502e-04  -2.8243396e-04  -2.2200778e-04
   1.6719814e-02  -4.4406495e-02   1.3813618e-02   2.4894703e-04  -4.1221674e-04  -4.1973795e-06
   1.4063920e-02  -4.9439849e-02   4.5287570e-03   4.5073524e-04  -1.5472120e-04  -2.7333178e-04
   1.6160834e-02  -3.0621043e-02   1.3668653e-02  -8.0353749e-05  -2.9916023e-04  -7.5297775e-06
   2.2102079e-02  -4.4190611e-02   8.6231863e-03   3.6211197e-04  -3.5778840e-04  -1.6824802e-04
   2.6224472e-02  -3.3368654e-02   1.4471571e-02   9.5339115e-05  -4.7342194e-04  -1.8534446e-05
   2.2290320e-02  -4.1239654e-02   1.0937170e-02   3.0777262e-04  -3.1145436e-04  -1.6354435e-04
   2.4248265e-02  -4.6460315e-02   1.4027858e-02   2.8938539e-04  -5.3949011e-04   1.7129087e-05
   2.5017688e-02  -5.0467749e-02   1.6770326e-02   3.4620419e-04  -3.9151883e-04  -2.8709129e-04
   2.3598518e-02  -3.9088495e-02   1.9049877e-02   2.7415755e-04  -4.6359123e-04   1.1824670e-04
   2.0106395e-02  -4.5519709e-02   1.0972533e-02   4.5084490e-04  -1.7149367e-04  -2.4777224e-04
   2.5376622e-02  -3.1667476e-02   2.0900521e-02   1.5790866e-04  -5.2079597e-04   1.8414425e-04
   2.5344545e-02  -3.7965680e-02   1.7539467e-02   3.0367971e-04  -4.2268498e-04  -1.4209251e-04
   2.6012504e-02  -3.8889551e-02   1.8149994e-02   3.7488211e-04  -3.7553145e-04  -1.0797386e-05
   2.5813887e-02  -3.5967079e-02   1.3522808e-02   3.7595280e-04  -5.0977395e-04   1.2303798e-04
   1.6034518e-02  -3.9981436e-02   1.0502562e-02   1.7811761e-04  -1.0569706e-04  -2.5556101e-04
   2.3850828e-02  -4.5003211e-02   2.4663352e-02   2.6840559e-04  -4.3095659e-04   3.6539889e-05
   2.3510551e-02  -4.7159054e-02   2.5799515e-02   4.4204242e-04  -3.1383220e-04  -1.2935423e-04
   3.0777682e-02  -4.6878275e-02   2.7836464e-02   2.4155801e-04  -4.6899989e-04  -5.8439623e-06
   2.4599073e-02  -3.6384560e-02   3.1711400e-02   2.6452261e-04  -4.9668538e-04   6.4025489e-05
   2.2831011e-02  -4.2623647e-02   8.0123541e-02   2.7970355e-03  -3.9811325e-04   7.3837869e-06
   1.5774195e-02   3.1642795e-03  -3.0673424e-02  -2.1590019e-03  -3.8724071e-04   2.8749873e-04
   1.0309645e-02  -2.7481782e-02   1.1784754e-02  -6.2574223e-04   2.2257629e-04   4.2580463e-04
   3.2053485e-03  -6.9369937e-02  -5.3049346e-03   9.9358700e-04   8.3487967e-05  -2.2753405e-04
   2.1201845e-02  -4.3430666e-02   7.2492279e-03  -4.2296748e-05  -4.5423684e-04   1.4996633e-04
   1.0040819e-02  -4.9199431e-02   2.4983570e-02  -4.0203730e-04   8.5047552e-05  -2.1393168e-04
