   0.0000000e+00   0.0000000e+00   0.0000000e+00  -2.7755576e-17  -1.7347235e-18  -6.9388939e-18
  -1.7786806e-03   3.5815453e-04  -1.4168917e-02  -2.6264699e-04   7.7239805e-06   1.6785165e-04
  -6.0802887e-04   1.2386308e-02  -2.1288964e-02  -7.6945332e-04  -5.8890244e-05   2.5841562e-04
  -7.6476863e-03   2.0450961e-02  -3.5308695e-02  -4.7218019e-04   1.9172432e-04   3.4198483e-04
  -7.2440311e-03   1.6753699e-02  -3.7832379e-02  -9.1347454e-04   5.7068307e-05   3.2968906e-04
  -2.0162511e-03   1.0596362e-02  -3.8430422e-02  -7.3203370e-04   1.9554255e-05   2.3813955e-04
  -5.1524357e-03   7.7156314e-03  -3.8815244e-02  -6.7611064e-04   7.6439163e-05   2.1225125e-04
  -7.5459725e-03   1.2592507e-02  -3.2900663e-02  -4.8235011e-04   9.4383295e-05   3.7888885e-04
  -7.1538427e-03   1.7991731e-02  -2.0703942e-02  -9.3622834e-04   5.5498335e-06   3.1328091e-04
  -6.5129592e-03   5.9452345e-03  -3.4062164e-03  -2.7160734e-04   3.1741502e-05   2.5503106e-04
  -7.5454264e-03   6.3979233e-03  -1.5565734e-02  -3.9745023e-04   1.3630964e-04   1.7628996e-04
  -5.6443577e-03  -6.5729478e-03  -3.9542177e-03  -2.6792082e-04   8.9070257e-05   1.4949207e-04
  -3.2998753e-03  -5.7214618e-03   1.1890142e-02  -3.1369894e-04   6.8884911e-05   2.6429745e-04
  -7.3341983e-03  -6.5348399e-03   1.4482997e-02  -7.6424708e-05   1.3009823e-04   2.0559100e-04
  -2.6750534e-03  -4.8139900e-03   1.6737716e-02   1.4328169e-04   1.9462753e-04   2.7458538e-04
  -9.9136526e-04   7.1084628e-03   5.4838306e-03  -3.5671058e-04   1.6832942e-04   2.7195274e-04
  -1.3618973e-03  -2.9033769e-03   1.3259124e-03  -5.5218575e-04   1.2938761e-04   3.3385253e-04
   1.7508344e-03   4.5179833e-03   7.4759880e-04  -3.7016178e-04   3.7694744e-05   1.7200938e-04
  -1.6685559e-03   4.6166352e-03  -7.8338743e-03  -5.5066415e-04   1.4294430e-04   2.4903949e-04
   1.0330647e-03   2.8557838e-03  -8.0601858e-03  -1.9588101e-04   9.4485883e-05   2.0409060e-04
  -9.7282463e-04   5.2945718e-03  -5.2702491e-03  -3.7387153e-04   1.7046920e-04   2.9673987e-04
  -1.2060536e-03   9.3625674e-03  -5.7943733e-03  -5.3987638e-04   1.0833713e-04   4.2845474e-04
   4.6088990e-03   2.0826225e-02  -1.7863648e-02  -9.4175034e-04  -2.9694991e-06   1.5344572e-04
  -1.7988329e-03   8.7608610e-03  -2.3426165e-02  -6.9705888e-04   8.4545569e-05   3.7428418e-04
   3.2547542e-03   1.1140213e-02  -2.2979971e-02  -8.4910236e-04  -9.7047645e-05   2.8839605e-04
  -1.5890893e-03   8.8331794e-03  -2.7674568e-02  -8.6481074e-04   3.6719265e-05   4.3985910e-04
   9.4341375e-04   1.1934393e-02  -2.6429204e-02  -7.9557837e-04   5.4665374e-07   3.8751536e-04
   1.5387872e-03   2.1169916e-02  -2.0879755e-02  -8.2962130e-04   9.5916859e-06   3.3758206e-04
  -3.7601145e-03   1.8634006e-02  -2.0571275e-02  -8.3221438e-04   7.4772674e-05   4.4495530e-04
  -2.2545127e-03   1.2689581e-02  -1.5307326e-02  -8.3354053e-04   4.2693894e-05   3.6286612e-04
  -1.0018457e-03   1.4595761e-02  -3.0037295e-02  -8.1464304e-04   4.3693354e-05   4.4798017e-04
   3.9438445e-03   8.4971805e-03  -3.1229615e-02  -8.4884393e-04  -7.3024068e-05   4.9810015e-04
  -6.6036292e-04  -2.1732286e-03  -1.1064727e-02  -8.6384332e-04  -2.7702355e-06   4.2494743e-04
  -4.1028654e-03   7.9923243e-04  -5.1606962e-03  -9.6407142e-04   8.0918957e-05   3.6151578e-04
  -2.1645196e-04   5.4381304e-03  -6.8015385e-03  -8.1409235e-04   1.4865979e-04   3.3953873e-04
  -3.5277612e-04   7.2925722e-03  -2.2906859e-02  -1.1599359e-03  -4.6680188e-05   5.0339819e-04
   7.2993478e-03   4.1676856e-03  -2.8062427e-02  -1.3364582e-03  -2.5754898e-04   5.5030488e-04
   5.9297969e-03   9.3358506e-03  -2.4164987e-02  -1.4558366e-03  -1.9517500e-04   6.1608924e-04
   1.0392050e-02   2.1603845e-02  -1.8825799e-02  -1.7234544e-03  -4.3636405e-04   6.1106235e-04
   8.5458541e-03   2.6494451e-02  -4.4547777e-02  -2.1104997e-03  -4.0342934e-04   5.1163693e-04
   1.1767091e-02   1.8743778e-02  -4.6293557e-02  -2.3816028e-03  -4.7976332e-04   4.5658553e-04
   6.5369478e-03   2.4916487e-03  -2.1538329e-02  -1.9360572e-03  -2.3405566e-04   3.6024159e-04
   1.9432381e-03   7.9530861e-03  -3.6488119e-02  -1.6553906e-03  -1.2882564e-04   3.1499341e-04
  -2.2627037e-03   2.0853617e-02  -4.9870474e-02  -1.4466281e-03  -5.2427631e-05   3.1532511e-04
  -3.6698296e-03   1.3357338e-02  -3.1259431e-02  -1.3151034e-03  -1.0587802e-05   2.6439912e-04
   3.5443278e-03   1.4075926e-02  -1.0734867e-02  -1.5177510e-03  -2.9252407e-04   3.1542132e-04
  -3.0735022e-03   3.0702476e-03   1.0781372e-03  -9.9422290e-04  -1.3002514e-04   3.2279789e-04
  -7.5904115e-03   2.4877397e-03   6.1801915e-03  -9.5504900e-04  -6.5725580e-05   3.6899583e-04
  -5.3551378e-03  -9.1117652e-03   7.0005143e-03  -9.0946129e-04  -1.2079200e-05   3.8519781e-04
  -2.8984090e-03  -9.4281244e-03   5.5027171e-03  -9.7500158e-04  -7.8181991e-05   3.7430760e-04
  -4.5796778e-03  -1.0887537e-02   2.9730482e-03  -1.0292988e-03  -9.0971077e-05   3.2083520e-04
   6.0567874e-04  -1.5581844e-02   4.1588798e-03  -1.0705076e-03  -1.0851387e-04   3.5326556e-04
  -7.2004295e-04  -9.4816322e-03   3.1971212e-03  -1.1724050e-03  -1.5607285e-04   3.9983300e-04
  -3.7440647e-04  -2.8081252e-03   3.3200153e-03  -1.0821792e-03  -1.5732012e-04   4.2478724e-04
   5.3967935e-03  -2.7105034e-04  -2.1457290e-03  -1.1079615e-03  -2.5180718e-04   4.0592354e-04
   5.5207600e-04   5.4257353e-03  -1.4809852e-02  -1.3780388e-03  -8.9712574e-05   2.9296175e-04
   8.2186356e-03   1.3153395e-03  -1.9145073e-02  -1.4633575e-03  -3.0410788e-04   3.7180262e-04
   7.0015910e-03  -3.4228567e-04  -2.2978464e-02  -1.5362531e-03  -2.9930680e-04   4.3343601e-04
   7.4724418e-03   1.1177060e-03  -2.6277092e-02  -1.6191603e-03  -2.8366553e-04   3.1385513e-04
   3.0019258e-03   8.2179370e-03  -1.7322532e-02  -1.5528786e-03  -1.5700990e-04   4.0333260e-04
   6.0596943e-03   1.3141533e-02  -3.7370871e-02  -1.5527284e-03  -2.5607665e-04   4.3505140e-04
   4.3062738e-03   1.7114339e-02  -5.6962965e-02  -1.8028503e-03  -1.4933049e-04   3.2035138e-04
   5.7946818e-03   1.4839219e-02  -6.4072592e-02  -1.8968442e-03  -3.0784646e-04   5.2633362e-05
   4.4480560e-03   1.6184667e-02  -5.5398045e-02  -1.7122581e-03  -1.7177052e-04   2.4968301e-04
  -2.4442531e-03   1.8662296e-02  -3.4494871e-02  -1.5612925e-03  -1.0487557e-04   4.2767491e-04
   3.8247238e-03   9.4528168e-03  -3.8810451e-02  -1.6267649e-03  -1.7685016e-04   2.2649184e-04
   6.2969325e-04  -1.2004515e-03  -3.7727560e-02  -1.8256413e-03  -2.2296916e-04   3.5163869e-04
   4.1947635e-03   6.6837888e-04  -3.3643226e-02  -1.8804208e-03  -2.8868279e-04   2.5613161e-04
   7.7234116e-03   1.2480184e-02  -2.5334204e-02  -1.7627148e-03  -3.4464515e-04   3.2246523e-04
   4.3340017e-04   2.1869111e-02  -3.2666841e-02  -1.8880596e-03  -2.0767600e-04   2.8318346e-04
   9.0336098e-03   1.0004589e-02  -3.9430106e-02  -1.9415064e-03  -5.0941652e-04   3.4408779e-04
   8.0276743e-03   1.3082610e-02  -2.5384986e-02  -2.0546424e-03  -5.7196701e-04   5.9357449e-04
   6.3691075e-04   7.5730442e-03  -4.1165847e-02  -2.0642143e-03  -2.9931575e-04   3.4219917e-04
  -3.9798630e-03   1.2179577e-02  -4.8988956e-02  -1.9861267e-03  -2.2079384e-04   3.1793488e-04
  -3.4952968e-03   1.9766684e-02  -4.3676308e-02  -1.8908591e-03  -2.5945049e-04   1.9248912e-04
  -3.6428905e-03   8.4905621e-03  -2.7513229e-02  -1.7648027e-03  -2.6532264e-04   2.1473399e-04
   1.9192833e-03   1.0353802e-02  -1.6379143e-02  -1.8685039e-03  -3.7098319e-04   4.3118576e-04
   9.2055166e-03   4.4423308e-03  -3.8941031e-02  -1.8368021e-03  -4.5266709e-04   5.4069253e-04
   1.1823571e-02   4.2553485e-03  -3.6282895e-02  -2.1998834e-03  -5.9778565e-04   4.9183742e-04
   1.2957113e-02   2.1786427e-02  -2.2468655e-02  -2.4065771e-03  -6.1019065e-04   5.9235070e-04
   4.4602905e-03   1.5976256e-02  -4.1120589e-02  -2.3692681e-03  -3.4217922e-04   3.8139546e-04
  -2.0554726e-03   2.5852815e-02  -4.9321697e-02  -2.3321427e-03  -3.4389632e-04   3.2050658e-04
  -2.4729047e-03   2.1289189e-02  -2.9882045e-02  -1.9675081e-03  -2.7234200e-04   2.9122903e-04
   7.5407337e-04   1.4318366e-02  -1.9760145e-02  -2.0100319e-03  -4.4982560e-04   2.9798182e-04
  -4.6595063e-03   1.2500629e-02  -2.7222776e-02  -1.9738279e-03  -2.2318005e-04   3.0276054e-04
   4.1573688e-03   2.0829667e-03  -4.4434833e-02  -2.1077782e-03  -4.8146836e-04   2.6845587e-04
  -4.1112562e-03   5.8335672e-03  -2.1654649e-02  -2.0665835e-03  -2.6679562e-04   2.7689270e-04
   1.2594315e-03   1.2062724e-02  -3.0288618e-02  -2.3975794e-03  -4.2452842e-04   3.1991215e-04
  -6.8617018e-05   7.1709900e-03  -3.4073206e-02  -2.2384315e-03  -4.5097978e-04   3.3067588e-04
  -9.0538608e-03   4.1122091e-03  -1.7606590e-02  -2.0700824e-03  -2.6793639e-04   1.9826313e-04
   5.4583172e-04   1.0696255e-03  -9.5224148e-03  -2.1546041e-03  -5.5319181e-04   3.8353708e-04
   6.4699600e-03   1.1874082e-02  -2.0478273e-02  -2.2238927e-03  -5.9784228e-04   4.5252881e-04
   4.0299979e-03   7.5978943e-03  -2.8325676e-02  -2.3402116e-03  -6.3746778e-04   4.3572986e-04
   4.4843707e-03   1.2978982e-02  -2.1402549e-02  -2.4933672e-03  -5.9987324e-04   3.5660177e-04
   4.2796002e-03   1.8938122e-02  -3.8862390e-02  -2.4266515e-03  -5.6913304e-04   3.8482693e-04
  -2.3478073e-03   1.1179533e-02  -3.8342178e-02  -2.2008523e-03  -3.2662471e-04   1.5296464e-04
  -9.5262020e-04   1.9787710e-02  -3.9058582e-02  -2.2376326e-03  -3.2585932e-04   2.7017942e-04
   5.6948139e-04   3.8697951e-02  -4.3653145e-02  -2.0035811e-03  -2.8777732e-04   2.4245656e-04
  -7.9972344e-05   2.7582667e-02  -4.2416403e-02  -1.8915570e-03  -3.3023381e-04   2.6899098e-04
  -5.6727890e-03   9.5669059e-03  -2.1812960e-02  -1.7483976e-03  -2.2630955e-04   2.1948790e-04
   2.6155202e-04   8.2105356e-03  -7.2457568e-03  -1.6631608e-03  -3.9508728e-04   1.6401619e-04
   3.2361165e-03   2.0969622e-02   5.6358919e-03  -2.1095803e-03  -3.0329053e-04   4.4386968e-04
   7.8786859e-03   8.5951872e-03   1.2397832e-02  -1.5834065e-03  -4.6740494e-04   5.5439958e-04
  -1.8658397e-04  -3.4869176e-02   4.0272488e-03   6.6594781e-04  -3.7256872e-04   4.4029633e-04
  -5.3751972e-03  -2.2174405e-03   2.1095186e-02   1.2985090e-04   9.2047771e-05   3.9037196e-04
   8.2366572e-04   1.0951266e-03   8.0455274e-03  -1.7775758e-04  -2.4229959e-04   4.8324386e-04
   1.7310359e-03   3.9591172e-03  -1.2131829e-02  -4.8893455e-04  -2.7489635e-04   5.0753672e-04
   1.4940729e-03  -1.3729839e-03   5.2223960e-04  -5.4722962e-04  -1.9980116e-04   5.8482110e-04
   9.7096116e-03  -4.9002579e-03   1.0004119e-02  -4.0762673e-04  -1.7930256e-04   5.6273112e-04
   5.7813142e-03  -6.1074884e-03   7.1383400e-03  -4.5645401e-04  -1.3799090e-04   5.3462844e-04
   9.8466584e-03  -2.6268894e-03   2.9075114e-04  -4.6245628e-04  -2.3579432e-04   5.2513051e-04
   6.2219721e-03  -3.2918832e-03  -8.0628295e-03  -7.3748503e-04  -2.0102807e-04   5.8875622e-04
   8.3438323e-03  -3.4797439e-03  -1.5797199e-02  -9.2989089e-04  -2.5407521e-04   5.9671285e-04
   4.0364045e-03   4.3628420e-03  -2.3135480e-02  -9.2987010e-04  -9.0414578e-05   4.0666193e-04
   1.3932975e-02  -2.7601884e-03  -1.7017277e-02  -1.1383033e-03  -3.5778110e-04   6.3271168e-04
   7.4238975e-03   5.2354332e-03  -1.6266550e-02  -1.2342733e-03  -1.4921891e-04   5.7444026e-04
   9.2327218e-03   1.2922415e-02  -3.1663222e-02  -1.3688107e-03  -1.8801674e-04   5.6485066e-04
   7.7204598e-03   8.6508870e-03  -4.5703359e-02  -1.3313687e-03  -2.2334699e-04   5.1332779e-04
   1.3056495e-02   9.6768350e-03  -4.5092713e-02  -1.4305325e-03  -2.8782069e-04   4.2460916e-04
   7.5748244e-03   1.9317291e-02  -3.3293275e-02  -1.4447958e-03  -1.9565163e-04   5.0250774e-04
   9.1840079e-03   1.6851570e-02  -2.8420615e-02  -1.4012985e-03  -3.1037353e-04   5.3740883e-04
   3.9225661e-03   2.0204331e-02  -4.6073395e-02  -1.6027100e-03  -3.0092175e-04   4.9012715e-04
   3.7499966e-03   1.0693150e-02  -3.4785282e-02  -1.5395943e-03  -3.4596043e-04   4.8688076e-04
   2.8417120e-03   3.8180244e-03  -2.2142444e-02  -1.6483430e-03  -2.4943914e-04   4.2779138e-04
   2.3155591e-03  -1.0004125e-02  -1.6973398e-02  -1.7662811e-03  -3.3135320e-04   5.1643368e-04
   8.5135768e-03  -6.5537204e-03  -2.1165126e-02  -1.7641638e-03  -4.9565197e-04   5.7513869e-04
   8.2092796e-03  -3.0496777e-05  -3.9508580e-02  -1.9033635e-03  -4.3742987e-04   5.7025260e-04
   1.2425880e-02   3.6777976e-03  -3.9259101e-02  -2.0154488e-03  -6.4288374e-04   7.5561761e-04
   1.1726622e-02   5.8798679e-03  -4.3424642e-02  -2.4235695e-03  -6.4753546e-04   6.7760612e-04
   1.2623801e-02   7.3199917e-03  -3.0934736e-02  -2.3884186e-03  -5.5320041e-04   4.2670234e-04
   5.8154912e-03   5.1879338e-03  -4.8766486e-02  -2.3160835e-03  -4.3511943e-04   5.6125530e-04
   9.5530051e-03   1.2668156e-02  -5.6481858e-02  -2.2042112e-03  -5.6541483e-04   7.2553827e-04
   1.0613468e-02   1.6927366e-02  -5.2282842e-02  -2.1969843e-03  -5.1149640e-04   6.9056344e-04
   9.2325673e-03  -2.2756413e-02  -2.8471853e-02  -7.7794309e-04  -3.4767412e-04   5.0719761e-04
   1.2246764e-02   2.1642106e-02  -3.8139631e-02  -1.3474245e-03  -1.7798344e-04   5.2351220e-04
   2.5234972e-03   3.2751937e-03  -2.2893336e-02  -9.1704056e-04  -1.2149758e-04   4.2414298e-04
   8.8094826e-03   7.1720919e-03  -1.5731917e-02  -1.3021780e-03  -3.2004643e-04   4.9664934e-04
   1.7535316e-04  -1.3496724e-02   8.5069544e-03  -1.1827310e-03  -1.9570843e-04   6.4904506e-04
   2.5494392e-03  -1.9669632e-02   2.8903239e-02  -1.3242064e-03  -2.6877533e-04   6.5656438e-04
   7.5003516e-03  -2.7614412e-02   3.3156692e-02  -1.1493593e-03  -3.8648390e-04   5.4210723e-04
   7.4036723e-03  -2.4672585e-02   3.2138189e-02  -1.3516984e-03  -4.3703959e-04   5.6316234e-04
   1.1659871e-02  -1.3917449e-02   2.1260894e-02  -1.1059923e-03  -4.4568757e-04   4.3858182e-04
   9.0481888e-03  -1.4069040e-02   7.2212118e-03  -1.2472381e-03  -4.5903895e-04   4.6043263e-04
   1.0291301e-02  -1.2594862e-02  -2.0195891e-03  -1.3016386e-03  -4.9221964e-04   5.4291540e-04
   1.2621414e-02  -1.4935807e-02   1.0736485e-03  -1.2014970e-03  -4.8070543e-04   4.6772158e-04
   1.1656190e-02  -1.0717986e-02  -1.8871986e-02  -1.4616447e-03  -4.4233373e-04   5.5494542e-04
   1.5822079e-02  -1.0499046e-02  -2.0194251e-02  -1.7259107e-03  -6.6006236e-04   5.2338328e-04
   1.2532165e-02  -9.7669354e-03  -2.1730844e-02  -1.8413165e-03  -4.8350342e-04   3.7688270e-04
   1.3069189e-02   6.9225534e-03  -3.3697582e-02  -2.0859642e-03  -5.4454353e-04   4.9326049e-04
   1.7390811e-02   1.2317796e-02  -5.4164328e-02  -2.2040416e-03  -8.3449817e-04   7.3920946e-04
   1.3677422e-02   5.3365555e-03  -6.1631931e-02  -2.0825392e-03  -5.5728677e-04   3.3197847e-04
   6.5007772e-03   3.4571707e-02  -7.3610098e-02  -2.5794295e-03  -4.0685228e-04   2.6685071e-04
   6.8660616e-03   1.0686217e-02  -5.9577861e-02  -1.9969238e-03  -4.8349275e-04   3.4120887e-04
   7.8828889e-03   1.8854860e-02  -4.2663666e-02  -2.2069068e-03  -6.5747238e-04   5.5472394e-04
   8.4672962e-03   1.0380342e-02  -3.4363623e-02  -2.1053256e-03  -5.7975154e-04   5.0348866e-04
   1.4744165e-02   1.7758094e-02  -2.5765004e-02  -2.0126965e-03  -7.0104810e-04   7.1494129e-04
   1.4950555e-02   1.9530589e-02  -3.5697084e-02  -2.2552904e-03  -7.2926387e-04   7.3663040e-04
   1.2491614e-02   8.1453701e-03  -4.5955803e-02  -2.4167736e-03  -6.9467539e-04   5.0582230e-04
   1.0334523e-02   6.1361014e-03  -3.1140373e-02  -2.2174533e-03  -5.1877207e-04   3.7543295e-04
   1.0343405e-02   1.8596311e-02  -2.2737268e-02  -2.1768298e-03  -5.0579925e-04   3.1294468e-04
   1.3074278e-02   1.1099811e-02  -5.7287167e-02  -2.2051640e-03  -7.1303924e-04   7.3519761e-04
   1.3772107e-02   1.1035677e-02  -3.9537967e-02  -2.2794967e-03  -7.0461939e-04   5.0939060e-04
   1.7085729e-02   7.1230414e-03  -4.0359606e-02  -2.3762276e-03  -8.5794703e-04   5.1363953e-04
   1.0354323e-02   1.2579681e-02  -4.1604965e-02  -2.4824442e-03  -6.7331020e-04   4.4071958e-04
   1.0117991e-02   2.2706761e-02  -6.1216543e-02  -2.4172997e-03  -6.3951325e-04   3.5017025e-04
   3.4599206e-03   2.9280578e-02  -6.3859310e-02  -2.3586621e-03  -5.3618416e-04   3.0302857e-04
   5.6315693e-03   8.1668988e-03  -4.8316752e-02  -2.2233641e-03  -5.5975851e-04   1.1484592e-04
   6.8745510e-03  -6.0426333e-03  -2.6114146e-02  -2.1569509e-03  -6.5376646e-04   2.8962589e-04
   7.9165366e-03   6.2570914e-03  -3.0291574e-02  -2.3494782e-03  -7.5640641e-04   4.7327824e-04
   1.5917269e-02   1.0974325e-02  -4.0774029e-02  -2.5216931e-03  -9.1607727e-04   5.1941699e-04
   1.0968646e-02   1.0171649e-02  -5.1774046e-02  -2.6686035e-03  -7.4823470e-04   5.6636417e-04
   8.8463879e-03   2.9885164e-03  -5.3153323e-02  -2.6398288e-03  -7.5572270e-04   5.5190484e-04
   1.2196530e-02  -7.7630560e-04  -2.8674700e-02  -2.4357993e-03  -7.8225595e-04   3.9380075e-04
   1.2128771e-02   1.0852271e-02  -4.6878628e-02  -2.4373449e-03  -6.1848926e-04   3.4771875e-04
   9.4341664e-04   1.7211135e-02  -4.9800272e-02  -2.2928290e-03  -4.8636553e-04   3.9060140e-04
  -2.9055022e-03   2.1134033e-02  -3.8373425e-02  -2.2442922e-03  -4.2334313e-04   2.6391879e-04
   2.0979509e-03   8.6656222e-03  -2.8334829e-02  -2.2906816e-03  -5.7260266e-04   4.8761325e-04
   1.1053433e-02   1.1867786e-02  -2.6503623e-02  -2.4696091e-03  -8.5453532e-04   5.3722649e-04
   4.7653751e-03   1.7551306e-02  -4.4532670e-02  -2.6614473e-03  -6.7145211e-04   4.3335557e-04
   3.8415851e-03   2.4201921e-02  -4.2617488e-02  -2.3285791e-03  -6.4841453e-04   3.6192562e-04
   1.2360318e-03   1.5383723e-02  -1.9010367e-02  -2.1179917e-03  -6.6526131e-04   3.0096709e-04
   4.8247473e-03  -1.9830478e-03  -1.8041845e-03  -2.0515583e-03  -6.2839678e-04   3.2394265e-04
   8.6430505e-03  -4.9129288e-03   8.6424099e-03  -1.9824910e-03  -7.9894315e-04   4.4701671e-04
   6.7406683e-03  -4.6201579e-03  -6.5612356e-03  -2.2505887e-03  -6.8419076e-04   4.1167244e-04
   1.5330433e-02  -1.5324828e-02  -1.0908614e-02  -2.1394455e-03  -8.3211123e-04   4.2285388e-04
   1.4870901e-02  -5.5583658e-03  -4.5588545e-03  -2.1776058e-03  -9.0806294e-04   5.6728786e-04
   2.8916115e-03  -4.7226870e-04  -2.6028206e-02  -2.2306030e-03  -6.3799208e-04   4.1941406e-04
   8.4501509e-03  -2.8854072e-03  -1.6634160e-02  -2.2428557e-03  -6.7471707e-04   2.8390388e-04
   1.2321171e-02  -8.3686010e-03  -1.9005976e-02  -2.3895164e-03  -8.6617340e-04   3.5885545e-04
   4.5504632e-03  -2.5880501e-03  -5.3678192e-02  -2.4490757e-03  -6.9313686e-04   3.7363353e-04
   1.0861739e-02   1.7368157e-02  -4.0556700e-02  -2.5359155e-03  -8.1784962e-04   4.3425347e-04
   9.2168559e-03   2.0922810e-02  -2.8807119e-02  -2.5432651e-03  -7.8822109e-04   6.4824711e-04
   1.4179698e-02   1.2825070e-02  -4.3901733e-02  -2.2882598e-03  -8.1613830e-04   3.9881996e-04
   1.4325915e-02   1.5380029e-02  -1.4217424e-02  -5.1441320e-04  -8.0166277e-04   4.2187054e-04
  -6.2957861e-04   3.7922284e-02  -6.5638649e-02  -1.5922420e-03  -3.7159322e-04   4.3970584e-04
   5.2358285e-03   2.8202464e-02  -4.3088545e-02  -1.5607375e-03  -6.0975919e-04   5.7098840e-04
  -3.7788743e-03  -3.1575943e-03  -2.5753540e-03  -1.3748684e-03  -5.0609129e-04   6.6066617e-04
  -1.3705490e-03  -1.3772824e-02   2.2076447e-02  -1.5519379e-03  -5.8969939e-04   5.1112115e-04
   8.6629983e-03  -2.4852110e-02   1.9626863e-02  -1.3720110e-03  -6.6897534e-04   4.8604245e-04
   1.0861223e-02  -1.7599550e-02   1.5215887e-02  -1.1189252e-03  -5.8835339e-04   5.4274351e-04
