   0.0000000e+00   0.0000000e+00   0.0000000e+00   0.0000000e+00   0.0000000e+00   0.0000000e+00
  -9.9607975e-03  -1.5572609e-02  -2.0386739e-02   8.8831897e-04   2.3285409e-04   1.8001827e-04
  -6.5320429e-03  -1.0588040e-02  -3.3217517e-02   5.5273833e-04   2.1468407e-04   2.6932639e-04
  -4.0083420e-03  -1.6467423e-02  -1.1548712e-02   5.1279088e-04   9.5808258e-05   4.1821975e-04
   5.6714100e-03  -2.6591929e-02  -8.3224177e-03   8.3268362e-04   3.6635108e-05   2.9502420e-04
  -1.9863783e-03  -2.7815802e-02   2.5872728e-03   5.3139255e-04   1.1139822e-04   2.9176636e-04
  -7.9276430e-03  -2.0588016e-02  -6.2390623e-03   3.6781891e-04   1.3279178e-04   2.4652691e-04
  -8.2373983e-03  -2.3381282e-02  -7.0091885e-03   5.6005184e-04   1.5275879e-04   7.0575315e-05
  -5.6343700e-03  -1.3447407e-02  -1.5459484e-02   9.4408404e-04   1.4879517e-04   1.5753176e-04
  -1.6474724e-03  -3.7499711e-02   8.9907825e-04   9.9918153e-04   3.1079412e-05   3.1742079e-04
   1.2598079e-02  -1.8273446e-02  -1.0101217e-03  -2.2872448e-04  -3.1497655e-04   4.1986181e-04
  -1.3565159e-02  -1.4774113e-02   8.6112623e-03   4.3528702e-04   3.1336904e-04   4.6415051e-04
  -4.4183467e-03  -1.1374829e-02   7.7891377e-03   4.3980517e-04   1.4326222e-04   2.6243391e-04
  -6.3853879e-03  -3.7955099e-02  -6.8854820e-03   8.9663544e-04   1.8769845e-04   2.1402267e-04
  -3.3251750e-03  -2.4198656e-02   1.4169966e-02   7.4383187e-04   1.1534680e-04   2.0853741e-04
  -3.9312239e-03  -3.2626917e-02   7.1615456e-03   6.7461480e-04   1.3059591e-04  -5.8306245e-06
  -2.3107861e-03  -3.3869421e-02   5.4171277e-03   7.9722414e-04   8.5252032e-05   1.6056661e-04
  -7.6522591e-03  -4.2919033e-02  -9.9182865e-03   1.0591693e-03   2.8315267e-04   1.1558018e-04
  -2.1324922e-03  -2.6691216e-02  -1.5573670e-02   9.6058143e-04   7.1891242e-06   5.1069364e-05
  -5.7490655e-03  -1.8273836e-02  -1.7017731e-02   9.0168417e-04   9.5105165e-05   1.7734752e-04
  -1.4168445e-03  -2.6189688e-02  -2.0909189e-02   7.8373006e-04   7.4768028e-05   2.9104525e-04
  -3.7877951e-03  -3.0398035e-02  -1.2288279e-02   6.1074338e-04   1.4499821e-04   2.7664552e-04
   6.9237377e-04  -2.9191621e-02  -1.4628463e-03   6.9714589e-04   6.9641706e-05   1.5551042e-04
   5.8676265e-03  -3.4347993e-02  -6.0572605e-03   1.1716092e-03  -4.7848641e-05   9.8513351e-05
   1.3738517e-03  -3.7024652e-02  -1.5277734e-02   9.2276172e-04   2.6046238e-05   2.0729616e-04
  -2.2719062e-03  -3.3705311e-02  -4.6156741e-03   7.1185135e-04   1.0997374e-04   1.4177136e-04
   3.9829626e-03  -2.1673288e-02   2.5219238e-03   5.4551833e-04   8.8161317e-05   1.0538962e-04
  -2.5838406e-03  -2.3135416e-02  -8.0791903e-03   7.3445875e-04   1.5738532e-04   3.1528861e-04
  -7.1240048e-03  -2.2725524e-02  -3.8880455e-03   7.3547069e-04   9.1179994e-05   3.2571460e-04
  -2.2322364e-03  -3.3334528e-02  -6.1766842e-03   7.1128522e-04  -6.0647733e-06   1.2316084e-05
  -6.7614538e-03  -1.9416291e-02  -1.3128440e-02   7.2602157e-04  -6.4802762e-05   1.4941073e-04
  -1.0905422e-02  -1.8194955e-02  -8.3466549e-03   4.8966551e-04   3.1599403e-05   2.1994745e-05
  -1.3937958e-02  -2.9592875e-02  -8.6614083e-03   7.5297719e-04   9.2977099e-05   1.7776820e-04
   5.4225895e-03  -4.6950474e-02  -1.0662714e-02   1.3785451e-03  -1.5638752e-04   3.2676853e-05
  -4.3139281e-03  -2.3950592e-02  -8.2047205e-03   7.7941284e-04   3.8531405e-05   6.3570772e-05
  -2.3540763e-03  -3.0197103e-02  -1.1474092e-02   6.7337742e-04  -1.4090888e-04   3.7602909e-04
   4.9990358e-04  -1.7501867e-02   1.8278238e-03   3.2241492e-04  -1.0479746e-04   3.1192776e-04
  -1.3078911e-02  -1.9811762e-02  -3.5455467e-03   5.0520199e-04   7.8114153e-05   1.2543367e-04
  -1.1843321e-02  -3.6431821e-02  -5.1249778e-03   9.3238737e-04   1.6083017e-04   1.2391057e-04
  -9.8256744e-03  -3.9648312e-02  -4.7087262e-03   7.7015670e-04  -1.0907955e-05   2.1042335e-04
  -9.6353026e-03  -2.2381099e-02  -4.1148620e-03   7.1049616e-04   1.4115059e-04   1.3871818e-04
  -1.9791632e-02  -2.2113676e-02  -1.6486522e-02   8.6444034e-04   2.0703314e-04   8.1767208e-05
  -1.5266101e-02  -3.4050265e-02  -8.5234239e-03   6.1448948e-04   1.2958939e-04   1.7632958e-04
  -2.2198553e-03  -1.7778437e-02  -6.4477106e-03   1.0165063e-03   6.0869214e-06   3.1800769e-05
   9.9568369e-06  -2.2980129e-02  -1.8781513e-02   8.8977139e-04   1.5456486e-05   2.1476558e-04
   3.6709655e-03  -2.8044073e-02  -1.7196046e-02   7.6853043e-04  -7.4852421e-05   3.2927901e-04
  -8.7074836e-04  -2.8659504e-02  -1.8014564e-02   9.7122959e-04   3.4991802e-05   1.0219633e-04
  -5.7455924e-03  -3.4660489e-02  -1.1850654e-02   6.6747922e-04   9.1650206e-05   1.0532705e-04
  -9.1696484e-03  -3.1011613e-02  -1.2822488e-02   7.7374209e-04   1.3681291e-04   1.8240181e-04
  -6.9267979e-04  -5.1847989e-02  -1.2075096e-02   9.6418721e-04  -7.6485515e-05   2.4764098e-04
  -8.9196492e-03  -3.9964205e-02  -8.3193658e-03   6.8179120e-04   8.2024931e-05   1.2097386e-04
   1.3583096e-03  -3.8933695e-02  -9.6468233e-03   8.3159722e-04  -7.0680022e-05  -3.2170475e-05
  -3.6339110e-02  -2.1525815e-02  -1.1924545e-02   5.5690368e-04   1.6744045e-03   3.6852613e-04
  -7.8462842e-03  -6.6512889e-02  -1.1595493e-02   1.1532889e-03   2.2308964e-04  -9.6355090e-05
  -5.7703162e-03  -3.5440255e-02  -2.3826408e-02   1.1548196e-03   1.1823757e-04   3.2297020e-04
  -9.0955077e-03  -3.6256592e-02  -1.9445265e-02   8.4273880e-04   1.6737117e-04   1.3898926e-04
  -2.3012523e-03  -3.9344253e-02  -1.2550004e-02   9.0519649e-04   9.4203697e-05   1.2736403e-04
  -7.5952668e-03  -6.2415178e-02  -1.9949481e-02   9.9366613e-04   1.0170196e-04   9.4946957e-05
  -1.1321219e-02  -5.3374150e-02  -1.3137357e-02   8.9281056e-04   2.1865589e-04   3.5935422e-05
  -7.1587271e-03  -6.1262450e-02  -1.6520884e-02   9.3828977e-04   7.0576876e-05   5.1248555e-05
   1.8272401e-03  -5.5052449e-02  -1.6657390e-02   8.8534987e-04  -4.8112639e-05   8.7546654e-05
  -9.4278394e-03  -7.2849371e-02  -2.2117733e-02   9.8426443e-04   1.4784645e-04   8.9375584e-05
  -6.3179549e-03  -6.1290798e-02  -2.6681927e-02   1.1996641e-03   1.4552944e-04   1.6417575e-04
  -5.6223513e-03  -3.6434833e-02  -2.2400191e-02   8.0723352e-04   1.8777995e-04   6.0150997e-05
  -7.3488820e-03  -4.6236335e-02  -2.5220413e-02   8.5343143e-04   4.0807521e-05   6.3783154e-05
  -7.8522773e-03  -5.4971187e-02  -1.9742833e-02   7.6253420e-04   1.2636459e-04  -4.0905280e-05
  -7.2595961e-03  -6.4358329e-02  -1.3985563e-02   8.4769157e-04   1.1756511e-04   2.6079992e-05
  -2.7164018e-03  -5.7191660e-02  -1.3850629e-02   7.6973856e-04   6.7858300e-05  -2.3167217e-06
  -2.9087815e-03  -6.2548513e-02  -1.3310257e-02   8.6855864e-04   1.2318248e-04  -8.6623306e-05
  -4.8743479e-03  -8.1396606e-02  -1.9927979e-02   1.1190780e-03   4.6688977e-05   8.5263004e-05
  -6.3586767e-03  -5.6650715e-02  -1.2637165e-02   8.2895712e-04   1.6187900e-04   6.3129345e-05
   5.7332898e-03  -5.6328377e-02   1.1776684e-05   7.6602568e-04   9.5912955e-06   2.1834550e-04
   4.4779513e-04  -1.1618988e-02  -1.5788484e-02   5.6978978e-04  -8.5526946e-05   3.2789058e-05
  -6.9494599e-03  -2.5265246e-02  -3.2291484e-03   8.7298652e-04   7.4725613e-04   3.1007356e-04
  -1.5296646e-02  -5.1187467e-02  -1.2461615e-02   1.2012542e-03   4.7346501e-04   4.2518484e-04
   5.1310457e-03  -5.3372204e-02   7.5473224e-04   5.4065004e-04   1.2968616e-04   1.7919369e-04
   5.5559327e-03  -5.9307134e-02  -2.7222763e-03   7.8258651e-04   1.3049110e-04   2.9581038e-04
   3.8643358e-04  -6.8555288e-02   2.2275536e-02   9.1009764e-04   2.2901625e-04   4.4075713e-04
   5.3229711e-03  -4.5162994e-02   2.6095467e-02   6.9638380e-04   1.4621870e-04   3.1905825e-04
   4.1024877e-02  -6.5924401e-02  -8.1010993e-03   3.6761595e-03  -1.6357284e-03   1.1389411e-03
   1.4917785e-02  -3.7029647e-03   4.2241883e-03  -9.1385364e-05  -6.8595574e-05   8.4798476e-05
   1.0044615e-02   6.8072532e-03  -4.1839846e-03  -1.9920674e-04  -1.4817356e-05   3.2381300e-04
   1.0276602e-02   1.3819908e-02  -7.2910628e-03  -2.1703888e-04  -1.0349536e-04   3.1937993e-04
   5.9317448e-03   2.1773793e-02  -1.5057666e-02  -1.1808805e-04  -1.5582770e-04   2.9115041e-04
   4.4089279e-03   2.9728805e-03  -1.7256347e-02  -4.8941599e-05  -1.8196195e-04   6.0097646e-05
   3.5798575e-03  -5.1676320e-03  -3.3633644e-02   8.3783466e-05  -3.0792740e-04   2.8850526e-04
   5.3754410e-03   6.2729161e-03  -1.6074110e-02  -1.4750831e-04  -1.7824116e-04   5.5635532e-05
   2.9983759e-03  -3.6928078e-03  -1.4910457e-02  -1.5049107e-04  -1.5929454e-04   7.2090693e-05
   1.1952217e-02  -1.1565286e-02  -1.2888818e-02  -6.3469091e-05  -3.1457937e-04   1.4315205e-04
   3.1928404e-03   5.5569678e-03  -2.3721552e-02   5.2246277e-04  -1.7794109e-04   7.9426655e-05
   3.2679954e-03  -7.7192242e-03  -4.6890069e-03  -1.8627120e-04  -3.3543326e-04   3.0377752e-04
   1.7165664e-02   1.1799076e-02   1.2027253e-02  -7.4587792e-05  -2.0193849e-04   3.8030878e-05
  -4.8065242e-03   1.8901758e-02  -4.5145577e-02  -4.4747067e-04  -2.2644858e-04   1.7355162e-04
  -7.1507212e-03   2.6278808e-03  -2.3679689e-02   3.6797738e-04   2.4405119e-04   4.3934776e-04
  -3.1228060e-03  -1.6280439e-03  -2.6288470e-02   1.0500656e-04  -2.0574884e-04   2.4229603e-04
  -1.3085525e-03  -2.7703202e-02  -2.4645748e-02   4.4913252e-04  -1.7517651e-04   9.9498981e-06
  -2.7830359e-04  -1.9322072e-02  -1.5533628e-02   2.8837378e-04   1.8223586e-05   1.7362149e-04
  -3.8693493e-03  -1.7711759e-02  -2.4844413e-02   3.5437704e-04   1.7417088e-04   7.5955313e-05
   4.2118167e-03  -1.6715014e-02  -3.6128227e-02   5.1950613e-04  -7.6951246e-05   3.9288118e-04
   6.8932822e-04  -2.9815944e-03  -2.8872900e-02   3.9771878e-04  -3.1422036e-05   3.8316732e-04
   1.1749833e-03  -1.4260980e-02  -2.6435615e-02   8.5398957e-04  -1.0047900e-04   3.8761920e-04
  -4.3686622e-03  -8.0132071e-03  -3.5216593e-02   8.1819165e-04  -7.5187487e-05   2.5147773e-04
  -7.5811007e-03  -1.2337918e-02  -3.6158592e-02   9.5082704e-04   1.5125821e-04   1.7743385e-04
  -1.3893425e-02  -1.7836804e-02  -3.4952260e-02   7.9202016e-04   2.7276203e-04  -8.6375835e-05
  -1.0602030e-02  -7.7545966e-03  -3.5370000e-02   9.8780903e-04   6.6360660e-05   1.0923894e-04
  -4.3649471e-03  -3.2640188e-02  -8.7248822e-03   5.5321967e-04  -2.7979292e-05   1.0960265e-04
  -1.1743432e-02  -7.5086110e-03  -3.7487518e-02   8.0519051e-04   1.4770380e-04   3.3284796e-05
  -7.6768388e-03  -2.2977681e-02  -3.7393070e-02   1.0589702e-03   7.5891940e-05   1.4393040e-04
  -1.0833910e-02  -1.9857013e-02  -3.6463604e-02   8.2832900e-04   1.6641587e-04  -8.7413720e-05
  -1.4326495e-03  -2.0320501e-02  -3.7751257e-02   1.0740649e-03  -2.5059792e-05   2.0850232e-04
  -1.7476372e-03  -1.2316727e-02  -3.5381217e-02   9.8459404e-04   5.4865037e-05   1.6471568e-04
  -1.1396515e-02  -2.4447743e-02  -1.9148230e-02   6.0562903e-04   6.6036270e-06   2.2374693e-04
  -9.8763049e-03  -1.0725606e-02  -2.6839046e-02   8.8531012e-04   1.0895409e-04   8.6377816e-05
  -1.6428558e-02  -1.7392994e-02  -2.6732080e-02   8.3128503e-04   2.3681370e-04   5.9928239e-05
   5.7673314e-03  -4.3113465e-02  -1.8882975e-02   7.3253360e-04  -2.3779582e-04   2.8873508e-04
  -2.0962761e-02  -3.9427352e-03  -3.9058422e-02   6.7196897e-04   4.5902085e-04  -7.7065357e-05
  -1.1218591e-02  -2.3048289e-02  -5.1538605e-02   1.1352095e-03   2.1809244e-04   1.6014904e-04
   2.6738079e-03  -5.7827197e-03  -5.8538590e-02   9.4892192e-04   6.3021177e-05   1.4623857e-04
   1.4177961e-05   1.0409847e-03  -5.6540061e-02   8.3665371e-04   8.4474570e-05   1.5606499e-04
  -9.1155094e-03   7.6436555e-03  -5.7015518e-02   6.6462020e-04   5.9609294e-05   1.6072074e-04
  -2.5775640e-03   1.0983537e-02  -7.0263146e-02   7.5747510e-04  -1.0998147e-04   2.6910440e-04
  -9.3273349e-03   2.9888442e-03  -4.6857698e-02   9.5702564e-04   5.0542462e-05   7.1394478e-05
  -6.2773856e-03   2.8968940e-03  -4.7793388e-02   1.0921445e-03   1.1217432e-04   1.4689272e-04
  -9.9331785e-03  -7.9553019e-03  -3.7995741e-02   8.3097442e-04   1.6666873e-04  -1.3616728e-06
  -1.9727939e-02  -2.3199602e-02  -3.0990520e-02   6.2510666e-04   3.8399459e-04  -6.0738620e-06
  -8.9272946e-03  -2.5480231e-02  -2.1952554e-02   8.0803109e-04   2.3231473e-05   1.3702828e-04
  -4.5353005e-03  -3.8853156e-02  -1.1000305e-02   8.2545089e-04   1.5201179e-04  -5.8566380e-06
  -2.6985981e-03  -1.1525776e-02  -1.2002528e-02   8.2751372e-04   1.1258613e-04  -8.7958500e-05
  -1.3278182e-02  -5.0111893e-03  -1.6988630e-02   4.4742134e-04   2.6552925e-04   4.6166489e-05
   7.2797038e-03  -2.8218309e-02  -2.2671234e-02   9.8263646e-04  -2.7942346e-04   2.9764994e-04
  -2.1986966e-03  -3.4011716e-02  -2.7342002e-02   8.6871292e-04  -1.5912106e-05   1.8350160e-04
  -5.3703804e-03  -1.9835806e-02  -4.2092876e-02   9.3453842e-04   3.4037754e-05  -3.8424926e-05
  -1.1488591e-02   1.2914708e-02  -3.9734352e-02  -1.4336441e-04   2.6585251e-04   9.0544381e-05
  -3.2514923e-05  -1.7008919e-02  -4.9700247e-02   1.0856600e-03  -1.0104777e-04   4.9665093e-04
  -1.4780135e-02  -1.6923727e-02  -5.5392595e-02   4.3812371e-04   2.0888801e-04   1.4658979e-04
  -1.4908609e-02  -2.5626652e-02  -5.9416569e-02   1.0882914e-03   2.2660283e-04   1.4733645e-04
  -1.0669287e-02  -8.2384384e-03  -6.1970124e-02   5.9342849e-04   3.8683632e-04   2.4571816e-04
   4.8009416e-03  -2.4333859e-02  -5.9758893e-02   1.4326342e-03  -3.1794488e-05   6.0899747e-04
  -1.2990408e-02  -3.6750287e-02  -4.4681061e-02   1.2789618e-03   2.5464567e-04   1.6326753e-04
  -3.0999378e-03  -2.9772025e-02  -4.1534053e-02   1.0517436e-03   2.9184657e-05   3.0636291e-04
  -1.6700512e-02  -1.4039566e-02  -4.1839134e-02   1.3412795e-04   4.7298613e-04   1.5316580e-04
  -6.3872482e-04  -3.4857490e-02  -4.7801004e-02   1.4092693e-03   1.5562653e-04   5.0506866e-04
  -1.2665958e-02  -5.2104399e-02  -3.0310852e-02   5.3350340e-04   3.8883129e-04   9.2723701e-05
  -2.2239340e-02  -2.3316389e-02  -4.2726021e-02   6.7739055e-04   5.3834062e-04   1.9258570e-04
  -1.1593572e-02  -5.9323716e-02  -4.5130140e-02   1.4548910e-03   3.6549024e-04   7.0137633e-05
  -1.0347486e-02  -1.9466670e-02  -4.9903118e-02   7.3787576e-04   3.7184325e-04   9.3110076e-05
  -4.2264577e-03  -2.5788253e-02  -6.0835173e-02   6.7893858e-04   2.3307198e-04   3.7760082e-04
   2.4544036e-03  -4.9090791e-02  -7.0397180e-02   1.2975024e-03  -3.8346063e-05   3.4051061e-04
  -1.1693544e-02  -6.0214437e-02  -5.5834336e-02   1.7606623e-03   3.8946874e-04   2.0136142e-04
  -2.3425244e-03  -4.5866380e-02  -5.8362020e-02   1.3457910e-03   1.9975231e-04   5.2212109e-05
  -2.4446794e-03  -1.0215654e-02  -6.4024543e-02   4.3102856e-04   2.5995597e-04  -1.5158967e-05
  -5.2413825e-04  -7.3375155e-02  -6.6205206e-02   1.3399740e-03   1.3227089e-04   2.0119480e-04
  -8.7801033e-04  -5.7737468e-02  -6.2851167e-02   1.2589678e-03   1.8391580e-04   2.9870696e-04
   3.1722083e-03  -3.8340691e-02  -5.3011449e-02   1.0507469e-03   1.8149359e-04   1.1439899e-04
   5.2662190e-03  -3.7706217e-02  -5.1814138e-02   1.0822679e-03   1.0984356e-04   2.5895394e-04
   7.0520590e-04  -1.5419165e-02  -4.8044534e-02   3.0789441e-04   1.9929831e-04   2.8422583e-04
  -5.1417502e-03  -5.0061369e-02  -5.7069293e-02   1.0764713e-03   1.6542052e-04   3.1069679e-04
   1.1296597e-02  -7.8387874e-02  -6.5147289e-02   1.1951861e-03  -3.0690745e-04   3.6473853e-04
  -7.2135944e-03  -2.6330366e-02  -6.0685784e-02   6.6142180e-04   3.1586812e-04   2.4198574e-04
  -2.7152901e-03  -2.5816305e-02  -6.0616854e-02   6.1457009e-04   6.9604139e-05   4.5184065e-05
  -4.8209286e-03  -8.6092585e-02  -9.2837335e-02   2.4278709e-03   2.2107477e-04   1.2878063e-04
  -7.0155187e-03  -4.8400206e-02  -6.9816310e-02   1.1514647e-03   8.6037056e-05  -1.6445286e-05
  -2.9166206e-03  -1.8215461e-02  -7.0280259e-02   1.0125487e-03   5.3403321e-05   1.1885110e-04
  -4.9226241e-03   1.3752168e-04  -6.1313585e-02   7.3312537e-04   1.2085573e-04   2.7303389e-04
   3.4988240e-04  -3.6578769e-02  -6.0006960e-02   6.1772435e-04   6.6190881e-05   3.0896287e-04
   4.3045865e-03  -4.5398617e-02  -5.3444229e-02   7.4407250e-04   1.1795697e-04   3.0281583e-04
   1.0017880e-02  -5.4000839e-02  -5.8208830e-02   1.1299888e-03  -1.2635379e-04   3.1585501e-04
  -4.3532059e-03  -3.3098024e-02  -5.1167740e-02   7.2866164e-04   2.5824495e-04   7.5801991e-05
   4.5532691e-03  -4.5032837e-02  -5.9514191e-02   1.0878655e-03   8.1677072e-05   8.8110185e-05
   4.8279788e-05  -3.9476101e-02  -6.0571006e-02   6.0611230e-04   5.8925437e-05   7.2081984e-05
  -1.2613514e-02  -4.6013945e-02  -8.3366787e-02   1.2481000e-03   4.5855529e-04   1.6875898e-04
   1.5092868e-03  -7.3091585e-02  -7.7926621e-02   2.2723031e-03   1.0688010e-04   3.3773738e-04
  -9.8287284e-03   3.9411311e-03  -7.5355886e-02  -2.8305692e-04   3.5588294e-04  -7.1559231e-05
  -1.3344100e-02  -1.2498717e-01  -8.3328227e-02   2.7255206e-03   1.2493533e-04   4.1111205e-04
  -7.0117588e-03   1.9797966e-02  -8.2047623e-02  -3.0000650e-05   3.6094697e-04   3.1046482e-04
   5.9845421e-07  -3.2405542e-02  -8.0317428e-02   1.6268108e-03   8.9022084e-05   4.3315094e-04
  -4.3330937e-03  -3.0538826e-02  -5.0919302e-02   9.7228451e-04   1.0986686e-04   4.3873508e-04
  -8.9066289e-03  -2.0139319e-02  -4.5317232e-02   8.3597641e-04   2.6995863e-04   1.6618476e-04
  -1.0333973e-02  -2.9039940e-02  -3.1862747e-02   7.5647069e-04   2.4197342e-04   1.2404795e-04
  -2.3664442e-03  -3.9931210e-02  -2.5230424e-02   8.2347931e-04   1.4930417e-04   1.5938649e-05
  -9.2841650e-03  -5.8450012e-02  -5.5109807e-02   1.2849903e-03   1.2799508e-04   2.2925112e-04
  -7.2137623e-03  -4.2221994e-02  -6.1549327e-02   9.5724519e-04   1.0927816e-04   1.8154790e-04
  -8.5859477e-03  -6.0897327e-02  -6.4427723e-02   1.3128830e-03   1.5688554e-04   1.8201781e-04
  -7.9215094e-03  -3.2822519e-02  -7.3074174e-02   6.0045343e-04   1.6395536e-04   1.0962616e-04
  -3.1621101e-03  -7.1309020e-02  -9.2373055e-02   1.0763598e-03   1.1969555e-05   2.2117930e-04
  -1.2098288e-02  -1.1520090e-02  -9.1577682e-02   2.3274353e-04   1.8941895e-04   2.5048987e-04
  -1.1563846e-02  -6.6251616e-02  -8.9948268e-02   2.3950433e-03   3.1437711e-04   2.7371364e-04
  -6.7669200e-03  -5.3417076e-02  -7.1807743e-02   6.7179502e-04   1.8404637e-04   8.1210013e-05
  -1.6241653e-02  -3.9236518e-02  -8.5613531e-02   1.5168703e-03   4.8633469e-04   1.9351736e-05
  -1.0293270e-02  -1.7129711e-02  -7.5368985e-02   6.3942925e-04   2.3056263e-04   1.2558914e-04
  -4.5402748e-03  -5.6268164e-02  -6.4119569e-02   1.1564593e-03   7.1412287e-05   1.5103220e-04
   3.9098393e-05  -2.0174427e-02  -6.3615060e-02   4.1344630e-04  -3.2234879e-05   2.0228801e-04
  -1.2143085e-02  -4.3726825e-02  -8.0768803e-02   1.7521939e-03   2.2671559e-04   3.2785379e-04
  -6.9426161e-04  -2.2973414e-02  -5.5589937e-02   4.5850215e-04  -4.6310016e-05   3.3261728e-04
  -4.5074692e-03  -5.4474692e-02  -6.4338495e-02   1.5064253e-03   8.5926161e-05   2.5650796e-04
  -2.4663462e-03  -2.3148248e-02  -5.4609441e-02   5.4496621e-04   7.3128693e-05   8.6040089e-05
  -5.7771783e-03  -4.5030096e-02  -7.9517512e-02   1.1558210e-03   1.5657027e-05   1.1164976e-04
  -9.4936011e-03  -4.3709272e-02  -6.5547341e-02   1.3420695e-03   1.0821689e-04   1.2358351e-04
  -1.8395928e-03  -5.8476964e-02  -7.4576319e-02   9.0189022e-04  -8.6189475e-06   1.8680473e-04
  -8.4925382e-04  -4.3381666e-02  -7.9497034e-02   1.3118735e-03   1.3379331e-04   2.6795367e-04
