   0.0000000e+00   0.0000000e+00   0.0000000e+00   0.0000000e+00   0.0000000e+00   0.0000000e+00
  -1.5850708e-02   7.6695526e-03  -7.3891715e-03  -2.1245149e-04   6.5368717e-04  -2.8323227e-06
  -2.9674640e-02   4.2288335e-02  -1.2111500e-02  -6.3514963e-04   7.6521586e-04   1.4863407e-04
  -2.3664462e-02   5.2764110e-02  -1.5354386e-02  -1.0195177e-03   5.8183643e-04   1.9583404e-04
  -1.6995829e-03   4.8692118e-04  -1.1374033e-02   6.1442156e-04   9.8291130e-05  -1.2116182e-05
  -1.7907551e-02   3.4247217e-02  -9.0056282e-03  -9.6007199e-04   5.3655521e-04   1.0807576e-04
  -1.8630880e-02   4.8767891e-02  -3.1238125e-02  -6.0022481e-04   2.7919555e-04   2.4957845e-05
  -2.2762558e-02   3.4862103e-02  -1.8515051e-02  -4.9854417e-04   5.7813602e-04  -1.9541783e-04
  -5.6539925e-02  -2.8109295e-02   7.2365915e-02   5.8116408e-03   1.4621325e-03   7.2638124e-04
  -5.2206029e-02   1.4247593e-01  -6.5308541e-03  -2.2273441e-03   1.1107245e-03   3.3491311e-04
  -4.9864734e-02   1.0260764e-01  -1.1452531e-02  -1.6590626e-03   1.3537124e-03   6.5234766e-05
  -2.7390154e-02   3.7725921e-02  -5.4157123e-04   3.6721280e-04   6.8585559e-04  -1.3115687e-05
  -4.4927882e-02   9.1661149e-02   1.7279043e-02  -1.4081981e-03   1.3417615e-03   1.0061281e-04
  -2.4178580e-02   6.5083477e-02   2.6161484e-02  -1.3763641e-03   9.3604262e-04   1.5888221e-05
  -9.5250630e-03   4.6844917e-04   3.8699480e-02   3.9044098e-04   3.1104257e-04   1.2377245e-04
  -2.2537497e-02   3.9929765e-02   2.3946453e-02  -1.0777806e-03   9.0266599e-04  -2.7549640e-05
  -3.1156265e-02   3.5867095e-02   1.1492349e-02  -6.5596217e-04   1.1971851e-03  -4.5229518e-05
  -2.2664812e-02   1.9285911e-02   2.5018683e-02  -1.0005326e-03   1.1790997e-03  -7.2911376e-05
  -2.0140176e-02   2.9992051e-02   4.4780092e-04  -7.4525216e-04   8.7520547e-04  -6.3049926e-05
  -1.8257113e-02   3.8100479e-02   5.1392032e-03  -9.3377383e-04   8.2046965e-04   1.0782644e-04
  -1.7255969e-02   4.6689741e-02  -7.1253443e-03  -1.1660117e-03   5.6116155e-04   4.2284293e-04
  -2.0811363e-02   3.8431087e-02  -1.3036930e-02  -7.1658129e-04   5.4690853e-04   2.7455462e-04
  -3.0692036e-02   6.9102896e-02  -3.1168606e-02  -1.5967250e-03   8.8104612e-04   3.5530165e-04
  -2.4594547e-02   7.1970252e-02  -3.3273508e-02  -1.2331323e-03   4.9767916e-04   5.6838317e-04
  -3.7486829e-02   8.8865873e-02  -3.7188970e-02  -2.0358290e-03   9.4429092e-04   5.6854148e-04
  -2.8149402e-02   9.0139298e-02  -4.2249072e-02  -1.6478646e-03   3.1076269e-04   4.6258950e-04
  -2.6005710e-02   4.1942937e-02  -2.7495729e-02  -3.1761261e-04   6.1108930e-04   2.2181850e-04
  -2.1881846e-02   4.7708732e-02  -3.3534072e-02  -2.3351277e-04   6.5207447e-04   2.5111463e-05
  -2.9583972e-02   6.8484882e-02  -1.9986801e-02  -9.7004986e-04   8.8477400e-04   1.2861590e-04
  -2.5315557e-02   4.8195897e-02   1.0013283e-02  -1.0897961e-03   9.2270839e-04   2.2084405e-04
  -2.3556437e-02   6.7394773e-02  -1.1977131e-02  -1.9266041e-03   7.1179174e-04   2.4720303e-04
  -1.1287895e-02   4.3642148e-02  -1.0554850e-02  -1.3783793e-03   4.1524458e-04   2.4900345e-04
  -4.1125854e-02   7.3375972e-02  -3.4951693e-02  -1.9094718e-03   1.1298986e-03  -1.7006719e-04
  -7.3552820e-03   5.3197454e-02  -1.9874510e-02  -1.5314710e-03   6.9629585e-05   2.2483592e-04
  -2.6407712e-02   1.9966402e-02  -4.8511252e-03  -5.5872114e-04   6.4563412e-04   7.2726270e-05
  -2.2860757e-02   6.8823998e-02  -5.5167083e-02  -1.3331234e-03   3.1865431e-04   3.3899796e-04
  -2.8583738e-02   4.5513025e-02   6.1428742e-03  -1.6987153e-03   6.4336777e-04   4.1192173e-04
  -2.3645631e-02   5.0945254e-02  -3.3011221e-02  -9.4502731e-04   5.3714160e-04   5.0161269e-04
  -1.7147355e-02   4.3364206e-02  -1.3715855e-03  -1.5258188e-03   4.5055069e-04   5.4275085e-04
  -2.9685358e-02   2.1312127e-02  -1.9390440e-02   7.5731060e-04   5.6248654e-04  -1.6508994e-04
  -2.3152122e-02   3.8552606e-02  -3.4356475e-02  -2.4220751e-04   4.0418724e-04  -1.5087087e-04
  -1.5110834e-02   2.9035557e-02  -1.1934188e-02  -1.9606402e-04   3.5196193e-04  -5.9434731e-05
  -1.9652659e-02   4.6621637e-02  -2.4730952e-02  -1.5743320e-04   3.7705976e-04  -3.3618656e-05
  -1.3055847e-02   2.3855975e-02  -3.3666167e-03  -8.5915756e-05   3.3699196e-04  -1.4787004e-04
  -2.7081488e-02   1.2423678e-02   6.5866669e-04   2.9128823e-04   8.4509228e-04  -3.4043665e-04
   1.3114948e-02   9.5390159e-03  -1.1380312e-02   3.7983595e-04  -3.9414231e-04   7.5433625e-05
  -2.1698738e-02   3.6723693e-02  -1.6045269e-02  -1.3725492e-04   3.7275442e-04  -3.2806060e-04
  -2.8033069e-02   3.2757602e-02  -7.7511949e-03  -2.6238900e-04   7.9353469e-04  -3.8717905e-04
  -2.6572755e-02   4.9033119e-02  -1.6948333e-02  -3.8200157e-04   4.6146665e-04  -2.2334127e-04
  -1.1389160e-02   1.6149728e-02  -9.2367777e-03  -6.6349899e-04   3.2399070e-04  -6.0483162e-05
  -2.3540036e-02   2.4634219e-02  -1.1877279e-02   1.1736385e-03  -1.4560396e-04  -4.3799016e-04
  -2.2210060e-02   3.9606327e-02  -3.3645460e-02  -5.8917161e-04   3.1704218e-04  -4.2811274e-05
  -3.4141344e-02   4.2991412e-02  -2.0318793e-02  -7.4260302e-04   7.3094815e-04   5.9862988e-05
  -2.6102824e-02   4.0006444e-02   7.3667840e-03  -9.1230811e-04   6.0383113e-04  -1.5952554e-06
  -2.9896542e-02   3.6958777e-02   1.4254771e-02  -1.1236716e-03   7.6245918e-04   1.4763304e-04
  -2.2907866e-02   2.2318546e-02   1.7059733e-02  -8.9678694e-04   5.4025957e-04   3.0066022e-05
  -2.4379197e-02   3.4642572e-02   8.4846073e-04  -1.2665264e-03   4.6936826e-04  -1.1887895e-04
  -9.7605648e-03   4.6927514e-02  -1.0087001e-02  -1.5379059e-03   2.6243463e-04  -1.2167035e-04
  -2.3483345e-02   4.9015000e-02  -1.0885108e-02  -1.5209680e-03   6.1785241e-04   4.7938413e-04
  -2.4548153e-02   7.0254093e-02  -6.0989550e-02  -1.5211465e-03   6.5846139e-04   4.2614265e-04
  -1.4954714e-02   3.7010802e-02  -3.1155623e-02  -1.1199230e-03   1.6411150e-04   6.0311196e-04
  -2.5895566e-02   5.2936606e-02  -5.5042663e-02  -1.0692895e-03   2.8610722e-04   2.4845254e-04
  -3.0836932e-02   6.7256868e-02  -6.0691598e-02  -7.0016445e-04   4.1158452e-04   2.3174969e-04
  -3.0129786e-02   6.0040717e-02  -2.0839753e-02  -1.3041505e-03   5.1004337e-04  -1.2030163e-04
  -3.7224677e-02   8.3802275e-02  -6.8848209e-02  -2.0025316e-03   6.8354867e-04  -3.1865468e-05
  -3.8175508e-02   5.8278062e-02  -2.5198125e-02  -1.5507458e-03   7.8912717e-04   2.0109256e-05
  -3.3149348e-02   2.6893410e-02  -2.9855843e-02   5.1054954e-04   3.9434696e-04  -3.2395356e-04
  -2.8743311e-02   3.7785921e-02  -1.6691841e-02  -4.9635585e-04   5.7312545e-04  -2.8608423e-04
  -2.2835543e-02   2.6677712e-02  -9.5832878e-03  -4.9293417e-05   4.2092195e-04  -2.5996999e-04
  -2.2489389e-02   2.7981426e-02  -8.6533872e-03  -1.0797675e-03   7.8522895e-04  -8.6784386e-05
  -7.3550459e-03  -1.0072998e-02  -1.9227029e-02   1.0406573e-03   1.3466329e-04  -2.7799088e-04
  -4.0648018e-02   1.7302214e-02   3.6430245e-02  -2.3900197e-03   1.0576698e-03   2.5870929e-04
  -4.3706302e-02  -4.0687487e-02  -1.1593820e-02   2.9705339e-04   6.6312051e-04  -6.3770872e-06
  -5.4588029e-02  -3.2452357e-02   1.3843695e-03  -1.8661633e-04   1.0984924e-03  -7.9644883e-05
  -6.0637978e-02   1.2172865e-03  -3.6118520e-03  -9.6199914e-04   1.1608510e-03  -1.9744667e-04
  -4.2104041e-02  -1.5321955e-02  -3.2379514e-03   1.3745024e-04   6.0331235e-04  -3.5760878e-04
  -4.5642982e-02  -3.4062963e-02  -4.4680217e-03   5.0763877e-05   9.4493479e-04  -3.6010981e-04
  -5.2472279e-02  -1.9300428e-02  -6.4396858e-03   1.2456525e-04   9.0512808e-04  -2.7004709e-04
  -4.4820547e-02  -1.5489913e-02  -6.1727568e-03  -3.9339301e-04   8.2389776e-04  -3.0486339e-04
  -4.9288934e-02   1.2321863e-02  -2.1955097e-02  -8.3610576e-04   7.3293924e-04  -1.9911788e-04
  -3.9864635e-02  -5.2665595e-02  -2.3578721e-02   1.3620846e-03   3.5125939e-04  -2.2277006e-04
  -2.7749017e-04  -9.9973637e-02  -2.0692020e-02   2.5515133e-03  -4.0877625e-04  -2.2067754e-04
  -5.3180722e-02   3.1782636e-02  -1.6598702e-02  -1.2889488e-03   7.3782301e-04  -1.0574974e-04
  -4.9179803e-02   2.3087556e-02  -5.2024554e-03  -1.2962986e-03   8.2830277e-04  -1.8640583e-04
  -4.4816873e-02   5.3218301e-02  -3.6066739e-02  -2.1277525e-03   7.4914502e-04   1.3421838e-04
  -4.2870001e-02   1.7259070e-02  -1.0102682e-02  -1.4131924e-03   9.8572609e-04   3.8644347e-04
  -5.5025212e-02   4.3002858e-02  -4.7648647e-02  -1.5422464e-03   9.7034609e-04  -1.1263251e-04
  -6.0985145e-02   1.2599825e-02  -3.7694982e-02  -2.3287033e-05   8.6107410e-04  -2.4633382e-06
  -5.6148311e-02   7.4196096e-03  -3.8152927e-02  -4.5056412e-04   1.0480806e-03  -2.8493605e-04
  -5.0724577e-02   2.3634876e-02  -1.5519859e-02  -6.8476848e-04   8.9104131e-04  -2.2810498e-04
  -4.2801761e-02   2.0048812e-02  -7.2793776e-03   1.9506218e-05   5.8335385e-04  -2.0543890e-04
  -4.6543746e-02   4.6299555e-03  -1.6420949e-02  -7.6293069e-04   8.5787546e-04  -2.9474621e-04
  -3.3890175e-02  -2.1062325e-02   9.6389819e-04   2.0826971e-04   5.8843107e-04  -1.4473768e-04
  -4.0821074e-02   5.3544339e-03  -6.9745092e-03  -1.1344605e-03   8.8370347e-04  -1.9360494e-04
  -4.5347239e-02  -2.7916205e-03   4.3940503e-03  -5.1193683e-04   7.5507415e-04  -2.1152739e-04
  -7.2053493e-02  -9.7090192e-02   1.4700047e-01   8.7892083e-03   2.1262588e-03  -1.3172511e-03
  -5.3856405e-02   1.0894063e-01   1.3044190e-02  -2.9667888e-03   1.2257611e-03   4.0340968e-05
  -4.7629739e-02   8.2530797e-02  -8.8436949e-03  -1.8066418e-03   1.0703307e-03  -9.5174103e-05
  -4.3134112e-02   7.4437437e-02   6.8041342e-03  -1.5873272e-03   8.0032983e-04   1.1491076e-04
  -5.7879777e-02   8.1122027e-02   1.2132397e-02  -2.7028297e-03   1.4671758e-03   2.9788958e-04
  -2.5265227e-02   9.2106577e-02  -5.9018099e-02  -2.2802544e-03   3.2691575e-04  -3.3193968e-04
  -4.1650032e-02   7.8225518e-02  -1.8192417e-02  -3.8578527e-04   5.1270898e-04  -1.5785987e-04
  -4.3503560e-02   8.2875823e-02   1.1429258e-02   4.4013689e-04   2.3910948e-04   5.3077186e-04
  -6.6200257e-02   5.1546816e-02  -1.4234664e-02  -5.1418275e-04   9.1809335e-04   2.3932934e-05
  -4.0291570e-02   4.7179795e-02   3.7548220e-03  -1.2072603e-03   5.3356014e-04   5.4246876e-04
  -4.9007617e-02   5.9512224e-02   1.0743580e-03  -1.4483766e-03   8.2769389e-04   1.6749951e-04
  -4.0885042e-02   7.4489359e-02  -1.8411505e-02  -1.1048204e-03   5.8281189e-04   8.0298056e-05
  -3.0686677e-02   8.3948001e-02  -3.8700811e-02  -1.9217905e-03   1.4896158e-04   3.2087297e-04
  -2.9133729e-02   5.8003498e-02  -2.9309019e-02  -7.7582227e-04   1.2937237e-04   3.8092988e-04
  -1.9867254e-02   7.8046041e-02  -5.4836404e-02  -2.8396912e-03  -4.9484771e-05   7.9168550e-05
  -3.5274534e-02   2.0598342e-02   7.7948008e-03  -8.2238002e-04   4.1751562e-04   4.4641075e-05
  -2.7667449e-02   2.5232520e-02  -1.3432489e-02  -1.1944169e-03   1.0704748e-04   3.0783410e-04
  -3.3544723e-02   2.1698002e-02  -1.4616364e-02  -1.0460580e-03   2.8737106e-04   2.5575066e-04
  -2.9322867e-02   2.1947806e-02  -2.0336770e-02  -1.1540040e-03   3.9887468e-04   1.9345795e-06
  -3.0231720e-02   3.2264549e-02  -4.0175278e-02  -8.9702421e-04  -1.9773343e-05   3.1657733e-04
  -5.3863924e-02   4.2875119e-02  -2.9577240e-02  -1.7799351e-03   9.0679698e-04   2.2698325e-04
  -3.9947837e-02   5.4202544e-02  -6.1077778e-02  -1.2645888e-03   3.9462223e-04   6.5015203e-04
  -6.4135166e-02   5.2763632e-02  -2.5242658e-02  -1.8369571e-03   1.2089414e-03   1.7473459e-04
  -4.3560398e-02   4.1384874e-02  -5.2259457e-02  -1.1092362e-03   5.5626232e-04   7.0080625e-04
  -7.8502307e-02   5.2440720e-02  -4.0746021e-02  -1.4824648e-03   1.8966723e-03   7.2084977e-05
  -5.2999762e-02   5.9693425e-02  -6.4977011e-02  -6.8900436e-04   1.0477557e-03   1.3718682e-04
  -5.0103669e-02   4.4505066e-02  -1.6707798e-02  -1.3843144e-03   6.1978910e-04   6.9915517e-04
  -4.3557304e-02   4.8047657e-02  -5.7256145e-02  -1.0739986e-03   8.6929498e-04   2.8563629e-04
  -6.0833462e-02   3.0409501e-02  -3.0651243e-02  -9.2359278e-04   1.2570800e-03  -3.0382687e-06
  -4.2463114e-02   3.0180422e-02  -3.5080362e-02  -6.3572874e-04   7.4387109e-04   1.6354599e-04
  -6.3637126e-02   3.5628714e-02  -1.9950388e-02  -9.4085972e-04   1.3602258e-03  -2.4695366e-04
  -5.8136296e-02   2.3871850e-02  -4.1693286e-02  -3.2863934e-04   9.4779663e-04  -2.0842463e-04
  -5.0099941e-02   1.7960545e-02  -1.6557332e-02  -8.8751726e-04   1.0105839e-03   5.9097472e-05
  -2.7756170e-02   3.7133091e-02  -4.0727837e-02  -1.0901835e-03   1.7300775e-04   6.2918903e-04
  -3.2234015e-02   1.3294060e-02   5.1991525e-03  -1.0420165e-03   2.8899852e-04  -6.2088400e-05
  -2.8019627e-02  -5.5352220e-02  -3.2860680e-02   2.5718984e-03  -1.8070624e-04  -2.8242370e-04
  -4.4362281e-02   1.2024198e-02  -1.9037453e-02   3.4066628e-04   6.8435061e-04  -1.6676006e-04
  -2.1312447e-02  -1.0784136e-03  -2.0975356e-03   2.0470466e-04   1.7924281e-04   2.8510825e-04
  -3.0051085e-02  -2.9238583e-02  -3.5498742e-03   1.1453884e-03   2.8119469e-04  -1.9072313e-04
  -3.8000182e-02   1.1373533e-02  -4.7018496e-03   3.9314587e-04   4.4036660e-04  -2.0315655e-04
  -3.0006352e-02  -5.8924894e-04   1.1431588e-03   2.8754496e-04   3.6853271e-04  -1.9856757e-04
  -3.6313805e-02   1.9194664e-02  -4.8360413e-03  -1.3307206e-03   7.2602776e-04  -1.5188581e-04
  -3.8235838e-02   1.3459179e-02  -3.7377795e-03   3.8421981e-04   4.2424536e-04  -1.3838446e-04
  -4.3227624e-02   8.1905033e-03  -6.5258384e-03   1.6550824e-04   5.9184262e-04  -2.0682740e-04
  -4.4012286e-02   1.2482549e-02  -8.7193674e-03   2.2672981e-04   5.3235950e-04  -2.3060665e-04
  -3.2651131e-02   3.3612800e-03  -4.2488792e-03  -3.9782453e-05   4.5804748e-04  -1.6932503e-04
  -4.2338627e-02   1.5887139e-02  -1.9058681e-02   1.3962142e-05   5.5587754e-04  -1.8959560e-04
  -3.9969727e-02   4.5355929e-03  -1.4707522e-02   1.6991437e-04   5.5884218e-04  -1.9332432e-04
  -4.4530684e-02  -8.1577867e-03  -8.4259903e-03  -2.2283453e-04   7.0275167e-04  -1.6744471e-04
  -2.3164586e-02  -8.3212084e-02   1.5744312e-02   2.7232364e-03   2.2994765e-04  -5.1516976e-04
  -4.2760793e-02   2.0111889e-02  -2.2195499e-02  -5.3170379e-04   5.2819574e-04  -2.8238692e-05
  -4.3618366e-02   3.3760910e-02  -1.9619661e-02  -9.4601897e-04   5.8463790e-04  -5.5013150e-05
  -4.4847355e-02   3.5874302e-02  -3.5944362e-02  -1.1334550e-03   4.3929990e-04   2.0644181e-04
  -4.0988537e-02   6.4842851e-02  -4.5554680e-02  -2.3932289e-03   5.4678249e-04   1.5931639e-04
  -5.0109797e-02   1.2915382e-02  -1.3108419e-02  -5.4850838e-04   7.5443305e-04   5.2654954e-04
  -5.7028191e-02   5.4201232e-02  -3.8743549e-02  -1.6855520e-03   1.1004136e-03   2.7489550e-04
  -5.8790047e-02   3.4180786e-02  -3.1024838e-02  -9.7968710e-04   1.4051649e-03   2.8677758e-04
  -7.6214596e-02   2.3313455e-02  -4.9205458e-02   9.1992286e-04   1.3385680e-03   2.4469433e-04
  -4.9177903e-02   1.1757099e-02  -5.9433808e-02   1.0698258e-03   4.6619891e-04   2.3092431e-05
  -5.2168835e-02   2.5121524e-02  -3.3767919e-02   7.8162081e-04   5.5936009e-04   2.3636195e-04
  -6.1294545e-02   3.8767405e-02  -2.6927193e-02   2.9655157e-04   9.1820991e-04   2.7342404e-04
  -4.5328820e-02   2.4689617e-02  -2.3217149e-02  -4.3958980e-04   6.9490261e-04   7.7549958e-05
  -4.6859407e-02   1.0429923e-02  -8.0931832e-03  -4.9460070e-04   8.5747778e-04   2.9766019e-04
  -4.9687117e-02   3.3830348e-02  -3.9056715e-02  -8.1625554e-04   9.2538259e-04  -6.5334426e-05
  -4.9090949e-02   1.6791521e-02  -1.1421156e-02  -1.0988958e-03   9.7201825e-04  -4.5918295e-05
  -5.1043845e-02   2.6518662e-02  -4.2070930e-02  -1.3000129e-03   1.3652640e-03   3.5562572e-05
  -4.0932606e-02   1.0206167e-02  -1.3403814e-02  -6.0610709e-04   7.5277110e-04  -3.8877530e-04
  -4.1690687e-02  -1.1421550e-02  -3.5172794e-02   1.1334355e-03   6.6449011e-04  -1.3221313e-04
  -3.7163199e-02   1.2696115e-02  -2.1344383e-02   3.8223023e-04   3.3914010e-04   1.1966664e-04
  -3.9562008e-02  -3.0439668e-03  -6.6707171e-03  -3.2512892e-04   1.0043223e-03  -1.5592364e-04
  -3.8933257e-02  -4.4878910e-03  -2.5089452e-02   1.3430917e-04   8.8608929e-04  -1.7575540e-04
  -4.3367950e-02   5.8273574e-03  -5.0584313e-03  -8.2758394e-04   1.0213565e-03  -3.2981433e-05
  -3.3949454e-02  -6.2486326e-03  -3.3497665e-02   4.1349249e-04   2.8618934e-04  -3.3359293e-04
  -4.0121257e-02   3.4393423e-03  -4.5758342e-03  -5.8873409e-04   7.3791313e-04   1.8084675e-04
  -3.3737649e-02   3.2354178e-02  -5.2607736e-02  -1.0374398e-03   3.7538174e-04   4.8959161e-04
  -4.1325880e-02  -7.2370760e-03   1.6287650e-03  -9.4713763e-04   1.3889013e-03   8.4619118e-05
  -6.0606606e-02   3.8554144e-02  -3.3862559e-02  -1.4502465e-03   1.4706599e-03   1.6555576e-04
  -4.1334708e-02   9.6266139e-03  -1.6169521e-02  -1.4647852e-03   1.1599092e-03   2.0783446e-04
  -5.2469804e-02   2.7740881e-02  -5.2355065e-02  -1.2505032e-03   1.1287679e-03   3.2751912e-04
  -4.6599782e-02   1.4544150e-02  -2.2576908e-02  -1.0319367e-03   1.2241436e-03   1.8482313e-04
  -4.6972466e-02   1.4728000e-02  -1.0191563e-02  -1.1059010e-03   1.1935862e-03   1.9259085e-04
  -5.5564269e-02   3.4353196e-02  -4.4429517e-02  -1.1145142e-03   1.1674955e-03   1.2641144e-04
  -5.0401313e-02   9.5769163e-03  -1.1360780e-02  -9.3713889e-04   1.1633607e-03   1.9277421e-04
  -3.9649919e-02   1.2552449e-02  -1.6758220e-02  -6.8624305e-04   7.9777780e-04  -1.5758280e-04
  -3.0915657e-02  -1.4555221e-02  -1.2144972e-02   5.9874212e-04   5.5214339e-04  -1.5740486e-04
  -3.9247588e-02  -6.8051380e-03  -1.7509589e-02   9.6939213e-04   7.3319175e-04  -2.3278674e-04
  -2.9371397e-02  -1.3502530e-02  -5.5595956e-03   9.0907909e-04   4.9242810e-04  -2.5324007e-04
  -3.9077284e-02  -1.1298267e-02   4.6399242e-04   6.5067579e-04   9.2153126e-04  -1.7714619e-04
  -3.9536077e-02  -8.6893481e-03  -9.9244669e-03   7.3874978e-04   8.3507290e-04  -1.8114394e-04
  -2.2423300e-02  -4.2202433e-02   6.8130245e-03   9.4245070e-04   4.6228865e-04  -3.3762101e-04
  -3.1309644e-02  -2.9680474e-02   5.2283663e-03   2.5260370e-04   6.7481475e-04  -3.0959374e-04
  -3.0901206e-02  -2.2305802e-02   2.4829574e-04  -4.4335107e-04   8.9262583e-04  -2.4383919e-04
  -3.1553370e-02  -2.9045061e-02   1.6904409e-03  -5.8707487e-04   9.0668704e-04  -1.5928336e-06
  -4.4957125e-02   5.4599080e-03  -2.7872059e-02  -1.1794602e-03   1.0881311e-03   4.9950311e-05
  -4.0026635e-02  -2.4546748e-03  -1.4281285e-02  -9.9237354e-04   1.0404074e-03   3.6194487e-04
  -5.6493097e-02   2.1489723e-02  -3.4995851e-02  -1.3061695e-03   1.2574556e-03   1.4295007e-04
  -4.7115211e-02   1.7212529e-02  -1.7147792e-02  -1.1349087e-03   1.0994468e-03   7.5518204e-05
  -5.9950511e-02   6.8334942e-03  -3.4344079e-02  -8.8143404e-04   1.1969118e-03   1.1159085e-04
  -5.4538762e-02  -9.5824997e-03  -4.9271608e-03  -7.8794241e-04   1.1824528e-03   1.3513576e-04
  -5.5015477e-02   1.3151788e-02  -3.2222559e-02  -8.1782672e-04   1.1977086e-03   1.9202286e-05
  -4.6026766e-02   1.1998469e-03   2.3627243e-03  -1.0371680e-03   1.1342573e-03   1.5418422e-04
  -5.1586846e-02   2.1098611e-03  -2.0175471e-02  -9.6178548e-04   1.2250822e-03   1.2816373e-04
  -3.9564590e-02  -1.2522851e-02  -1.5788748e-03  -5.2121847e-04   1.0398677e-03   1.9935211e-04
  -4.8165857e-02   1.1612249e-02  -1.9495089e-02  -1.0712621e-03   1.1619827e-03   1.1164035e-04
  -4.6517364e-02   1.3410642e-03  -8.8338317e-04  -9.4665198e-04   1.3410935e-03   1.6625558e-04
