   0.0000000e+00   0.0000000e+00   0.0000000e+00   0.0000000e+00   0.0000000e+00   0.0000000e+00
  -8.1031611e-03  -2.7541731e-02  -9.2134708e-03   2.2958004e-04   3.4764291e-04  -1.8004394e-04
  -4.7522347e-03  -4.4717677e-02  -6.4668706e-03   6.0786662e-04   2.8755127e-04  -5.0001595e-05
  -9.2835440e-03  -4.0251559e-02   1.9139836e-03   5.0005230e-04   4.1868282e-04  -5.8354110e-05
  -8.1872545e-03  -3.6719147e-02  -5.9672346e-04   3.0162624e-04   4.1917654e-04  -7.2466344e-05
  -2.3780397e-03  -2.6909111e-02  -2.5557088e-03   2.6660527e-04   2.8894848e-04  -3.9019460e-05
   1.1374494e-03  -3.8861186e-02  -3.2128208e-02   4.6634849e-05   1.3148718e-04  -3.6657172e-04
  -6.5318313e-03  -4.3702551e-02  -9.1375105e-03   2.8062369e-04   4.9994090e-04  -1.5498717e-04
  -1.0911164e-02  -2.9582149e-02   2.0919386e-03   2.2733607e-04   6.2339671e-04  -3.3217908e-04
  -1.4457081e-05  -3.5337232e-02  -1.9150348e-03   4.3487489e-04   3.5689110e-04  -8.0030206e-05
  -5.3335416e-03  -3.9954280e-02  -1.0132531e-02   3.2361392e-04   4.2819830e-04  -1.8199329e-05
  -1.2959738e-02  -4.2496340e-02  -6.8670569e-03   2.3205352e-04   7.2351396e-04  -2.6344728e-04
  -1.2310196e-02  -2.5432516e-02  -5.7842153e-03   3.6336217e-04   6.5644746e-04  -2.3051863e-05
  -9.0463490e-03  -3.0030562e-02  -4.7117899e-04   1.3599788e-04   5.8063538e-04  -4.0225623e-05
  -1.2396814e-02  -3.8333143e-02   8.4608107e-03   2.7881912e-04   7.2638124e-04  -4.8803857e-05
  -1.0202168e-02  -2.7348921e-02   1.2873323e-03   3.2152562e-04   6.8135441e-04  -5.0659904e-05
  -7.8099904e-03  -2.8322825e-02   7.1453891e-04   2.5231513e-04   6.2641721e-04  -4.1935046e-05
  -1.0827936e-02  -4.0250778e-02   3.4231778e-03   4.2348159e-04   7.5195474e-04   1.1414372e-04
  -6.2747476e-03  -3.4701233e-02   1.2571149e-03   2.7739228e-04   6.7281823e-04  -5.8187123e-05
  -4.4299731e-03  -3.0533559e-02  -5.2333520e-03   1.9216419e-04   7.3524303e-04   4.7014210e-05
  -1.0859977e-03  -2.0801649e-02  -1.4404567e-02   1.5529215e-04   6.0383837e-04   9.9002267e-05
  -5.5452441e-03  -3.2242296e-02  -1.4094583e-02   3.2561404e-04   6.2989850e-04   2.0842734e-05
  -1.4203201e-02  -3.3434351e-02   3.1188203e-04   1.9422153e-04   7.7966334e-04  -9.1912868e-05
  -1.1252522e-02  -3.0714937e-02  -6.5229192e-03   4.7657038e-04   5.7668357e-04   4.8286701e-06
  -1.2417843e-02  -3.0281307e-02  -1.3997638e-02   2.7869242e-04   6.0294071e-04  -1.2102998e-04
  -1.3107832e-02  -2.9931909e-02  -1.0447494e-02   2.7713979e-04   6.4552564e-04  -1.3137139e-04
  -1.2882244e-02  -3.8573583e-02  -4.7432808e-03   5.6232670e-04   6.5720133e-04   3.2086364e-05
  -8.8562183e-03  -3.4492277e-02  -2.3636382e-03   2.7092024e-04   7.6938716e-04  -8.8797212e-05
  -1.2212854e-02  -2.5193888e-02  -4.7753358e-03   4.0641040e-04   7.1106785e-04  -1.8043077e-05
  -8.5613566e-03  -2.6913684e-02  -1.1443410e-02   3.0552310e-04   5.5264282e-04   1.9512066e-06
  -1.4694686e-02  -3.8831455e-02  -2.6775356e-03   5.7846800e-04   7.1426231e-04  -2.9293244e-05
  -1.2614867e-02  -2.9323047e-02  -9.2505941e-03   3.1367756e-04   6.0322921e-04  -1.8565224e-05
  -1.1864945e-02  -3.3502268e-02  -2.9643226e-03   2.2488111e-04   6.1386619e-04  -8.0364477e-05
  -9.7321431e-03  -2.6493036e-02  -1.4981229e-02   3.8225367e-04   6.6890388e-04  -2.7885284e-05
  -4.2971620e-03  -2.7659066e-02  -1.7153533e-02   3.2997995e-04   5.9945151e-04  -1.4762960e-05
  -6.1534402e-03  -2.1055137e-02  -2.3582547e-02   3.9249145e-04   6.4272273e-04   1.6433511e-05
  -2.1893553e-03  -2.2627690e-02  -1.9822248e-02   2.9012238e-04   6.8663115e-04  -6.1300248e-06
  -3.1161323e-03  -2.3802799e-02  -1.6830492e-02   5.3494529e-04   7.3963646e-04   1.1593708e-04
  -8.1083719e-03  -4.2051829e-02  -1.1770568e-02   5.7633523e-04   9.2441928e-04   5.7139617e-05
  -1.0902131e-02  -3.3697105e-02  -1.1801550e-02   6.5773783e-04   9.0530074e-04   1.8191373e-04
  -7.3456375e-03  -4.3947251e-02  -1.0338077e-02   3.9508136e-04   7.7305361e-04   5.4179786e-05
  -5.7100087e-03  -2.6244793e-02  -1.8243230e-02   1.3251366e-04   6.0095615e-04   2.3757740e-04
  -8.3521966e-03  -2.7952268e-02  -5.7345544e-03   3.1378136e-04   6.0451083e-04  -1.4159090e-05
  -1.0763349e-02  -4.0903728e-02   1.1220586e-02   1.2048908e-04   8.8055142e-04   3.0669755e-05
  -7.3312657e-03  -3.4410279e-02   5.8050410e-03   3.7788785e-04   7.6127789e-04   1.5439182e-04
  -5.9049750e-03  -2.6837324e-02  -4.6000328e-03   1.5897142e-04   8.8031144e-04   1.4574803e-04
  -7.5669232e-03  -3.3486035e-02  -9.3909593e-03   4.3499955e-04   9.1142930e-04   1.1150265e-04
  -6.0649819e-03  -2.9010039e-02  -4.6815756e-03   1.8834274e-04   9.0989566e-04   1.0737034e-04
  -5.0540647e-03  -2.5650463e-02  -5.1244313e-03   5.8719218e-04   7.9183079e-04   2.7053776e-04
  -6.2672192e-03  -3.5164952e-02  -8.6088563e-03   4.5290447e-04   8.6349860e-04   1.8892369e-04
  -1.2814825e-02  -3.6472274e-02  -4.9714364e-03   4.6364368e-04   8.0861439e-04   1.7778068e-04
  -1.2193185e-02  -2.1474721e-02   5.5841089e-03   1.3081490e-04   7.5956165e-04   8.8467876e-05
  -1.2583833e-02  -2.7683625e-02  -1.3224082e-03   5.2514878e-04   7.6549191e-04   2.0214548e-04
  -8.7203656e-03  -4.0767196e-02  -4.5726997e-05   8.1119755e-05   8.3440933e-04   4.5304977e-04
  -1.3132031e-02  -3.1806216e-02  -1.9746893e-03   3.8209056e-04   8.4786635e-04   9.4994723e-05
  -1.0141756e-02  -2.8723400e-02   2.3338012e-03   4.0339439e-04   7.3536354e-04   1.7939087e-04
  -1.3352961e-02  -3.2766016e-02  -5.9177573e-04   4.3174793e-04   7.9317654e-04   2.6984248e-04
  -1.3925498e-02  -2.4479190e-02  -4.3268418e-03   3.4432284e-04   8.4541853e-04   4.6764787e-05
  -1.1219043e-02  -1.7738481e-02  -4.1308193e-03   2.6394287e-04   7.3337980e-04   1.5010033e-04
  -1.5212349e-02  -3.0945607e-02  -5.2783858e-03   3.5808217e-04   9.1067541e-04   1.3376609e-04
  -1.1325521e-02  -2.9863286e-02  -1.1192929e-02   4.3814169e-04   8.3718976e-04   2.6355184e-04
  -8.5585959e-03  -2.6270333e-02  -1.1044380e-02   3.3598409e-04   9.7531731e-04   1.8122068e-04
  -8.5718238e-03  -2.7891744e-02  -6.8586170e-03   2.4148076e-04   9.3705282e-04   1.9337115e-04
  -6.8273497e-03  -2.8748782e-02  -9.4279384e-03   5.4224436e-04   8.9978291e-04   2.0088646e-04
  -2.5775963e-03  -2.6288912e-02  -4.9002768e-03   2.1021532e-04   8.7505007e-04   2.3498938e-04
  -1.0084582e-02  -3.1624053e-02  -7.1138238e-03   4.8377083e-04   9.7587869e-04   2.5364886e-04
  -1.0903480e-02  -3.2497271e-02  -5.5542090e-04   3.2921067e-04   8.8919452e-04   1.7784212e-04
  -1.1374332e-02  -2.6017439e-02  -8.0417720e-03   5.3625580e-04   8.2270938e-04   1.5379036e-04
  -7.6547910e-03  -2.3306610e-02  -9.0472890e-03   1.4012341e-04   7.8602297e-04   1.1152289e-04
  -6.6980545e-03  -2.7960815e-02  -4.7950269e-03   3.8581203e-04   7.8401712e-04   2.5752479e-04
  -1.0922807e-02  -4.4895125e-02   6.6277080e-03   4.9044937e-04   1.0253203e-03   2.6480120e-04
  -1.0419473e-02  -2.8270203e-02   6.6486902e-03   4.2260956e-04   9.9276717e-04   2.2168934e-04
  -5.3457152e-03  -2.0929150e-02   2.8135206e-03   7.1479919e-05   8.8900538e-04   2.1188471e-04
  -7.7343494e-03  -2.2282821e-02  -1.7564773e-03   4.1547526e-04   9.2431138e-04   2.3129091e-04
  -1.0134966e-02  -3.4575001e-02  -2.0691623e-03   4.6540146e-04   1.0450076e-03   1.8165752e-04
  -7.2426122e-03  -2.9602862e-02   2.6655947e-03   3.0675330e-04   1.1055910e-03   2.7086976e-04
  -8.7688893e-03  -2.3032127e-02   5.2826172e-03   3.2056740e-04   1.0411818e-03   2.4906709e-04
  -8.3614132e-03  -2.5799351e-02   6.5306621e-04   2.1791744e-04   1.0067787e-03   3.3018516e-04
  -1.2636590e-02  -2.8829962e-02  -1.7447491e-03   2.4506657e-04   1.0547597e-03   1.8715086e-04
  -1.1831141e-02  -2.9228499e-02  -5.0234058e-03   1.9471350e-04   9.7856865e-04   1.0801759e-04
  -9.7780403e-03  -2.9671539e-02  -3.6211075e-03   4.0218697e-04   9.3312248e-04   3.3261776e-04
  -1.1861725e-02  -3.4749261e-02   3.0516756e-03   2.1885674e-04   1.0104494e-03   2.0719276e-04
  -8.8773155e-03  -1.9749343e-02  -8.9465124e-03   4.2383415e-04   9.0025009e-04   2.5425195e-04
  -8.3674640e-03  -2.1902159e-02  -1.0276983e-03   8.4698540e-05   8.7561299e-04   2.0585917e-04
  -1.5617280e-02  -3.3335245e-02   5.9532302e-03   5.1749649e-04   9.3709217e-04   2.4942515e-04
  -1.1399741e-02  -3.0462619e-02   7.0227480e-03   1.8537394e-04   8.7812199e-04   1.0260661e-04
  -9.9306389e-03  -2.8358758e-02   3.8391575e-03   4.4905106e-04   9.3141949e-04   2.6874570e-04
  -6.3861527e-03  -1.9913658e-02   3.0916862e-03   3.0305487e-04   8.4234645e-04   1.9694774e-04
  -7.8963977e-03  -1.8632030e-02  -2.0130871e-03   4.1247578e-04   8.0891338e-04   2.2986463e-04
  -9.5318182e-03  -3.5596085e-02  -7.1181311e-03   3.3048638e-04   9.9617985e-04   1.7091140e-04
  -5.2630155e-03  -3.2670657e-02  -2.1947485e-03   3.0435332e-04   9.9149703e-04   2.9217017e-04
  -3.0075345e-03  -3.7698593e-02   1.8317904e-05   2.9639662e-04   9.7429033e-04   4.4138990e-04
   6.1953270e-04  -2.2200646e-02  -4.7797741e-03   2.1306978e-04   9.4257848e-04   2.4252663e-04
  -9.4864887e-03  -3.4152575e-02  -6.8984555e-03   5.5410386e-04   1.1529425e-03   3.4227776e-04
  -7.0426408e-03  -3.3430966e-02  -2.8315170e-03   1.2114480e-04   9.5984178e-04   3.9353929e-04
  -6.2590850e-03  -2.1420475e-02   2.2480403e-04   4.7571589e-04   8.7550174e-04   9.4414996e-05
  -5.5327574e-03  -2.0331103e-02  -1.0201574e-02   9.5076768e-05   1.0197222e-03   2.8795759e-04
  -9.2208834e-03  -2.4471535e-02  -1.4522819e-02   4.3059430e-04   1.1389933e-03   2.8658430e-04
  -1.1325283e-02  -2.9850673e-02  -5.1119404e-03   4.4257290e-04   1.1086793e-03   7.6878627e-05
  -9.6380143e-03  -2.8771742e-02  -6.7016520e-03   5.2076273e-04   1.0214465e-03   1.8485041e-04
  -9.5251472e-03  -3.8167174e-02  -8.8045373e-03   6.7829195e-04   1.1408648e-03   1.1842537e-04
  -1.0440417e-02  -3.4025557e-02  -3.2723057e-03   2.3176653e-04   1.2268651e-03   1.5657452e-04
  -6.4526418e-03  -3.8245781e-02   5.1164619e-03   3.1469364e-04   1.0919477e-03   2.9137806e-04
  -5.7315069e-03  -2.2649517e-02   3.6855922e-04   9.4078862e-05   1.1249510e-03   2.1415900e-04
  -5.6456668e-03  -1.5288972e-02  -7.0117321e-03   2.9490198e-04   1.1217241e-03   2.6773881e-04
  -2.6987483e-03  -2.8236792e-02  -5.1406547e-03   3.6678652e-04   1.0868106e-03   2.8107464e-04
  -4.4467204e-03  -2.9402012e-02  -6.8443091e-03   6.6811841e-04   1.0855500e-03   3.0289634e-04
  -8.4482634e-03  -3.2039006e-02   5.7331996e-03   4.7693860e-04   1.1555616e-03   3.1386837e-04
  -8.9118445e-03  -3.4784629e-02   3.4521936e-04   6.8040333e-04   1.1566527e-03   3.7410374e-04
  -5.4525988e-03  -2.7357752e-02   8.6302290e-04   2.6022600e-04   1.2036215e-03   1.9858350e-04
  -7.3727271e-03  -2.0055648e-02  -1.0360402e-02   5.2901962e-04   1.1707013e-03   3.2986681e-04
  -6.6866435e-03  -2.5261105e-02  -4.0456710e-03   5.0886905e-04   1.1976638e-03   2.9545167e-04
  -5.2541746e-03  -2.1527217e-02  -6.5894874e-03   4.3966302e-04   1.1151518e-03   3.4620121e-04
  -4.1992512e-03  -2.7770443e-02  -1.9642996e-04   4.3271733e-04   1.0172379e-03   3.2160809e-04
  -6.6351998e-03  -1.8723098e-02   1.0151146e-03   2.4326588e-04   1.0450031e-03   2.3806653e-04
  -4.1149122e-03  -2.2101086e-02   4.1498480e-03   5.5577025e-04   1.0137827e-03   3.7702513e-04
  -5.1215496e-03  -2.5188556e-02   8.5162431e-03   3.3351133e-04   1.1166916e-03   3.2043068e-04
  -9.3482027e-03  -2.7762468e-02  -5.9981092e-05   4.8787792e-04   1.2581751e-03   3.4251979e-04
  -4.8441248e-03  -1.9039546e-02  -1.4676703e-03   1.5397795e-04   1.2014672e-03   3.1012510e-04
  -5.8800928e-03  -2.4589554e-02  -8.5182888e-03   4.6249878e-04   1.1822851e-03   3.5277130e-04
  -1.1682998e-02  -2.2941610e-02   4.9208946e-03   1.5828456e-04   1.2249805e-03   1.9754460e-04
  -5.8286959e-03  -1.0505782e-02   1.9074144e-03   5.8915370e-04   1.0587560e-03   3.6361970e-04
  -7.9439683e-03  -1.4125200e-02   2.5466999e-04   5.1108008e-04   1.0474690e-03   2.7021059e-04
  -1.4580032e-02  -2.3167408e-02  -4.0047647e-03   6.4779057e-04   1.0298407e-03   3.3327485e-04
  -1.0732316e-02  -2.4540795e-02  -1.5116178e-03   4.6532980e-04   9.9490947e-04   1.3502484e-04
  -1.0386497e-02  -2.8638743e-02   8.5239952e-04   6.4349078e-04   1.1321918e-03   2.9793794e-04
  -1.1928638e-02  -2.6388801e-02   1.3773507e-02   4.2533217e-04   1.0698927e-03   1.9229426e-04
  -8.3200213e-03  -2.3534113e-02   8.5700351e-03   5.7208786e-04   9.4334344e-04   2.4828228e-04
  -7.4438905e-03  -2.1975294e-02   2.6123797e-03   2.7203207e-04   1.0534066e-03   2.5061919e-04
  -1.3747049e-02  -3.0110771e-02   7.8959884e-04   5.7160417e-04   1.1052642e-03   3.5599068e-04
  -1.3041581e-02  -1.9856076e-02   5.4388623e-03   2.8774611e-04   1.1472993e-03   1.7288893e-04
  -1.0414177e-02  -1.9247659e-02   6.7661838e-03   4.7153529e-04   1.0082757e-03   2.1632341e-04
  -1.3340792e-02  -1.9262891e-02   1.0141412e-02   4.6829289e-04   9.5732115e-04   2.4345728e-04
  -1.4908588e-02  -2.2524741e-02   7.0765962e-03   3.8549636e-04   1.1242268e-03   2.2226875e-04
  -1.1509692e-02  -2.2334486e-02   3.5020484e-03   3.4586975e-04   1.0601065e-03   1.3045317e-04
  -1.0276472e-02  -1.7066439e-02  -1.4932222e-03   1.7637481e-04   9.2703241e-04   2.1211553e-04
  -1.5150785e-02  -3.1670339e-02   2.4904468e-03   6.0407772e-04   1.1805802e-03   2.2500570e-04
  -1.3487794e-02  -3.4416365e-02   4.9791209e-03   8.2048439e-05   1.2139079e-03   3.1362794e-04
  -7.0867269e-03  -1.7223403e-02  -4.8928951e-03   3.9244842e-04   1.0917088e-03   3.2381355e-04
  -3.5453034e-03  -1.6963684e-02  -1.2264542e-03   1.8570409e-04   9.7177703e-04   2.4105187e-04
   6.2009739e-03  -2.0889151e-02  -1.1890390e-02   7.4016594e-04   7.7109259e-04   5.0887684e-04
   1.3579806e-03  -3.1349077e-02  -1.6059367e-02   5.5024712e-04   1.1135396e-03   2.9969372e-04
   2.2533014e-03  -4.3475879e-02   2.2673495e-03   5.5715861e-04   1.1125428e-03   3.3901055e-05
   2.3583179e-03  -3.6291109e-02   1.5596235e-02   6.1001455e-04   9.2653829e-04   2.9625001e-04
  -5.8277645e-03  -3.6120372e-02   1.3832117e-02   4.3560383e-04   1.1554115e-03   2.5033668e-04
  -1.9411219e-03  -2.3342475e-02   2.2377208e-03   4.4611292e-04   1.1316908e-03   2.4628349e-04
  -1.2285657e-03  -3.4256304e-02   5.3545217e-06   3.0970530e-04   1.1718353e-03   2.4091695e-04
  -3.0202162e-03  -3.3953502e-02   8.3286668e-03   3.3978803e-04   1.4675947e-03   1.6208810e-04
  -4.5644373e-03  -3.1464733e-02   1.0692815e-02   2.0298793e-04   1.4061161e-03   1.8421685e-04
  -3.7472088e-03  -2.9742506e-02   7.8681375e-04   4.2737186e-04   1.2963233e-03   2.4799243e-04
  -8.2579432e-04  -2.0768628e-02   3.9682003e-03   1.2515050e-04   1.2625063e-03   2.5624024e-04
  -7.9994308e-03  -4.0021672e-02   7.5991301e-03   1.7398124e-04   1.5655136e-03   2.1691996e-04
  -2.4739279e-03  -2.2063540e-02  -2.4277535e-03   1.9507949e-04   1.4560032e-03   1.4006443e-04
  -3.6583162e-03  -1.8512547e-02  -4.9743358e-03   1.4461103e-04   1.2388587e-03   2.4236973e-04
  -7.3926072e-03  -2.0254014e-02  -1.5855070e-03   1.3238557e-04   1.0844663e-03   1.6940665e-04
  -1.6915536e-02  -2.9995981e-02   8.7978815e-03   1.9343623e-04   1.2810207e-03   1.5876722e-04
  -1.4904531e-02  -1.4064285e-02  -2.1439969e-03   4.5575835e-04   1.2450642e-03   2.7732061e-04
  -7.2108602e-03  -2.1796056e-04  -1.3829333e-03   1.1363758e-04   1.0951140e-03   1.4718890e-04
  -1.1371932e-02  -2.2882590e-02   2.5175861e-03   5.4225589e-04   1.1786315e-03   1.8118320e-04
  -1.1753293e-02  -3.3702517e-02   9.9705706e-03   2.1872719e-04   8.9229400e-04   1.5637947e-04
  -6.2480899e-03  -3.9156000e-02   2.0654711e-04   7.4616726e-04   8.4584633e-04   9.1060912e-05
  -3.6960998e-03  -3.2834368e-02  -1.7244338e-03   3.4411994e-04   1.0154439e-03   1.0071398e-04
  -4.3612685e-03  -4.4872178e-02   3.9187372e-03   4.8255161e-04   1.0485022e-03   2.3869589e-04
  -8.0530781e-03  -3.2083999e-02   7.4220738e-03   4.0264394e-04   1.1442703e-03   2.0804922e-04
  -5.3613413e-03  -3.0680338e-02   9.2830003e-03   5.3184143e-04   1.0306794e-03   1.4387981e-04
  -6.6103139e-03  -2.8935813e-02   1.2798663e-02   2.2296960e-04   1.2932942e-03   1.3494358e-04
  -1.0754838e-03  -2.6216660e-02   1.1204409e-02   2.3287819e-04   1.1431127e-03   9.2890922e-05
  -6.0753648e-03  -2.5965531e-02   6.5360697e-03   4.0869352e-04   1.1887033e-03   1.7530583e-04
  -6.4110542e-03  -2.7204647e-02   7.8386956e-03  -5.9833302e-06   1.2817282e-03   3.4408772e-04
  -2.6323577e-03  -2.4401010e-02   7.4300616e-04   1.0921260e-04   1.1307031e-03   1.1162173e-04
  -5.7994390e-03  -2.4567002e-02  -7.6205515e-03   2.0790678e-04   1.2604690e-03   1.0050446e-04
  -4.2885918e-03  -2.0322465e-02  -7.6042795e-03   2.4037544e-04   1.1149868e-03   1.0724307e-04
  -1.0788542e-02  -1.4584725e-02  -7.7308946e-03   5.2468875e-04   1.2223302e-03   1.3800923e-04
  -7.5914014e-03  -2.8082020e-02  -4.9575588e-03   4.6676166e-04   1.0917171e-03   6.5144631e-05
  -4.8598085e-03  -2.2016197e-02  -5.5190833e-03   2.6297480e-04   1.0886577e-03   1.5287234e-04
   1.2023327e-04  -2.9709446e-02  -5.5244176e-03   4.7314002e-04   1.1448484e-03   2.3302673e-04
   1.0130173e-05  -2.9205930e-02  -5.8655430e-03   2.7687214e-04   1.1525334e-03   2.0149511e-04
  -1.3650649e-03  -3.1688648e-02  -4.7676806e-03   4.4925301e-04   1.1847993e-03   1.3651569e-04
   1.4660971e-03  -2.7879122e-02  -2.0540116e-03   2.5449055e-04   1.0536297e-03   1.2800140e-04
   2.8007732e-03  -6.9230654e-03  -1.5773651e-02   2.2814962e-04   1.0384864e-03  -1.4475802e-06
   4.5845104e-03  -2.3711724e-02  -2.1187181e-02   3.3812553e-04   1.0039921e-03   1.0311655e-04
   1.3129432e-04  -4.2198739e-02   1.4408808e-03   4.2083357e-04   1.1327973e-03   2.0414329e-04
   1.0756478e-03  -2.3823467e-02  -3.4370371e-03   5.7940596e-04   1.1244294e-03   2.3525565e-04
   3.0889619e-04  -2.0809409e-02   6.0112731e-03   2.9812647e-04   1.2401506e-03   1.6003846e-04
   1.6221649e-03  -2.0019543e-02   7.4369420e-04   6.1178978e-04   1.2752529e-03   1.9787080e-04
  -4.4466164e-05  -1.8183973e-02   1.4637779e-02   1.0435297e-04   1.2629245e-03   1.8789241e-04
  -4.3290903e-03  -2.2867898e-02   5.7716193e-03   5.0167541e-04   1.1943821e-03   2.2166111e-04
  -2.8660418e-03  -2.5490782e-02   5.4189669e-03   2.9527605e-04   1.1716990e-03   2.6417763e-04
  -6.6232510e-03  -2.2395467e-02   1.2651104e-02   4.5312218e-04   1.1800455e-03   1.9552432e-04
  -3.6433964e-03  -2.7733532e-02   1.5965512e-02   5.3858515e-04   1.0311090e-03   1.9909705e-04
   6.4040374e-04  -1.8296285e-02   1.3000271e-02   1.0345381e-04   7.4506367e-04   2.4944454e-04
  -6.2235894e-03  -2.6154000e-02  -5.2929636e-04   1.7600205e-04   1.2948124e-03  -1.3525880e-05
  -4.9988853e-03  -2.6803772e-02   4.2627297e-03   3.1581454e-04   1.2842683e-03  -4.1697031e-05
   8.2101799e-04  -1.9158144e-02   5.9460701e-03   1.9804691e-04   1.1523967e-03   5.7944659e-05
   9.1663671e-04  -1.7749095e-02   4.7887306e-05   3.3068997e-04   1.1453904e-03   9.6090031e-05
   9.5787916e-04  -9.9293580e-03  -2.1790728e-03   2.2564556e-04   1.3003695e-03   7.0466150e-05
   4.1192258e-03   1.4438269e-03  -1.8204837e-03   3.9244402e-04   1.1122891e-03   2.0405245e-04
   4.3788772e-04  -1.1761180e-02  -1.5658583e-03   3.8255274e-04   1.3729186e-03   7.0950279e-05
  -4.8764796e-03  -2.1495635e-02  -7.3524724e-04   2.7688472e-04   1.1639019e-03  -3.2536782e-05
  -1.8481044e-03  -2.1127457e-02  -1.4566651e-03  -1.0868090e-04   1.2213302e-03  -1.3339040e-04
