   0.0000000e+00   0.0000000e+00   0.0000000e+00   0.0000000e+00   0.0000000e+00   0.0000000e+00
   1.7129989e-03  -1.0064398e-02  -6.2878779e-03   1.3087934e-04   5.8597309e-06  -4.9772786e-06
  -3.8732293e-03  -1.7756490e-02  -6.1684392e-03  -3.0505416e-04  -7.4769422e-05   1.4254044e-04
  -4.3472844e-05  -1.3785778e-02  -8.2979000e-03   6.0575926e-05   2.2709647e-05  -4.1994208e-06
  -1.0073978e-03  -8.6322633e-03  -1.1100996e-02   2.1019037e-04   5.8659331e-05   8.2382865e-05
  -3.5004651e-03  -7.5878510e-03  -9.6052638e-03   1.7093896e-04   1.2100954e-04   1.6221847e-04
  -4.4660397e-03  -1.6310751e-02  -3.0702631e-02   2.9195600e-05   4.2676573e-05   1.7746901e-04
  -2.2702678e-03  -1.1539898e-02  -9.9375960e-03  -3.5695564e-04  -1.7802255e-04   1.7600244e-04
  -3.5171771e-03  -1.2358356e-02  -3.0050675e-03   6.2191510e-05   1.1507066e-04   1.9971418e-04
  -4.6053397e-03  -1.1212070e-02  -5.4717926e-03   2.2710926e-04   7.6555165e-05   2.3388808e-04
  -4.0063143e-03  -1.1495252e-02  -8.7538368e-03   1.3742625e-04   1.7384953e-04   2.9034423e-04
  -5.5599947e-03  -1.2001962e-02  -1.1325340e-02   1.6492570e-04   1.3368048e-04   1.2007144e-04
  -2.8677312e-03   8.5048840e-04  -8.7334708e-03   2.3616550e-04   5.2250870e-05   1.7479334e-04
   1.0436975e-03  -8.1946852e-03  -1.0148798e-02   5.8709914e-05   7.2127017e-05   1.5824837e-04
  -3.6687999e-03  -1.3081084e-02   2.8866629e-03   2.1633563e-04   2.4100877e-05   2.0280190e-04
  -3.9268043e-03  -4.6922356e-03   5.2969150e-04   3.3041580e-04  -1.8336101e-04   3.0671280e-04
  -3.4789702e-03  -8.6016845e-03  -4.6151736e-05   1.6266159e-04   1.5659714e-05   1.6690789e-04
  -5.4871601e-03  -9.7949580e-03  -5.9682050e-03   8.6857969e-05   8.4681426e-06   2.1539427e-04
   2.7029322e-03   5.9015778e-04  -2.8634246e-02  -4.8748058e-05  -6.7617429e-05  -8.5819933e-05
   7.5817769e-03   6.5777925e-03  -2.7098484e-02  -4.9252138e-04  -5.0804432e-04  -8.4591616e-05
   4.3962977e-03  -1.0349491e-03  -3.5564475e-03   2.1526343e-04  -1.5134571e-04  -3.3529188e-05
  -2.7247184e-03  -1.2951725e-02  -6.9104694e-03   2.2354364e-04  -2.2920316e-05   1.5810776e-04
   3.4676251e-03  -8.0663072e-03  -9.7622046e-03   1.6419239e-04  -1.2606355e-04   7.4145527e-05
  -1.7004908e-03  -5.7602961e-03   4.6495581e-03  -5.2123414e-05  -1.2799627e-04   6.3667065e-05
   7.4021989e-04  -4.0436567e-03  -1.5544038e-02   1.5646819e-04  -1.0236942e-05  -1.1322555e-05
   2.0253830e-03  -5.0663193e-05  -1.7338769e-02   1.4167819e-04  -1.1572544e-04   5.1956790e-06
   2.6235100e-03   4.6766557e-04  -2.7645615e-02   2.2340726e-05  -2.0099692e-04   3.3457792e-05
   5.6158026e-03  -3.4240891e-03  -1.6179692e-02   1.3503148e-04  -2.1912208e-04  -9.7625202e-05
  -6.8267791e-04  -2.4885465e-03  -4.6317865e-03   1.5657707e-04  -4.5989005e-05   2.6829316e-05
  -2.0068194e-03  -2.1170988e-03  -4.0480263e-03   2.2487549e-04  -5.8132019e-05   1.3970843e-04
   9.9662446e-04  -4.8060398e-03  -3.8730404e-03   1.5994991e-04  -6.1688280e-05   1.1719629e-04
   9.3161309e-04   8.7671428e-04  -1.1370802e-02   1.1239416e-04  -3.3395712e-05   3.9650631e-05
  -5.1796232e-04  -3.3894562e-03  -1.0767035e-02   2.1299460e-04  -7.3041439e-05   1.1399545e-04
  -3.2769728e-03  -1.1185133e-02  -4.5937231e-03   2.0656371e-04  -1.4609126e-04   1.4081919e-04
   9.0333608e-04  -7.4592874e-03  -9.0285087e-03   1.2184501e-04  -6.7194378e-05   1.0485079e-04
  -1.9351702e-04  -6.4504475e-03  -1.1635801e-02   2.1211575e-04  -1.3375073e-04   9.0134171e-05
  -7.5840232e-04  -6.0042950e-03  -1.0527355e-02   1.8158302e-04  -1.1766844e-04   7.6489879e-05
   1.7184920e-03  -5.0119150e-03  -7.9495084e-03   2.1719891e-04  -1.0428982e-04   1.5260460e-06
  -1.6518727e-03   3.3107735e-03  -4.1956993e-04   2.6114015e-04  -9.7729208e-05   8.5004491e-05
   5.7704204e-04   8.2480831e-03  -1.7306301e-02   2.8551335e-04  -8.9860339e-05   3.1834779e-05
   7.1663516e-04   6.2368282e-03  -1.2770842e-02   1.7342883e-04  -9.9989170e-05  -2.1298673e-05
  -2.3689416e-03  -2.5480578e-03  -8.3898811e-03   3.0275661e-04  -1.1347209e-04   1.1039664e-04
  -2.2909841e-03   1.8175020e-03  -1.6018723e-02   4.5783506e-04  -1.3182634e-04  -1.8274707e-05
   6.4512577e-04  -9.3306903e-04  -1.7498696e-02   3.7942057e-05  -1.7600496e-04   2.7015568e-05
   1.6425405e-03  -4.9560152e-03  -1.3855841e-02   2.2122714e-04  -4.2546520e-05  -2.3196157e-05
   1.4652428e-03  -2.3057778e-03  -3.4506423e-03   3.9700518e-04  -1.1772138e-04  -2.4120387e-05
  -3.5592917e-03  -4.7767809e-03  -7.2561059e-03   3.4752982e-04  -9.4263061e-05   6.7018925e-05
  -3.2293642e-03  -1.7488588e-03  -4.8690149e-03   2.1981554e-04  -1.0711233e-04   2.3260413e-05
  -9.9456566e-04   1.3890939e-03  -6.1060406e-03   2.8579280e-04  -8.3204975e-05   1.6493595e-05
  -1.8025463e-03  -7.0011344e-05  -1.9588745e-02   1.4308104e-04  -1.2321522e-04   6.1057257e-06
  -2.8189126e-03  -5.5325864e-03  -5.2810996e-03  -5.4153506e-05  -2.6845118e-04   9.7186450e-05
   1.9123841e-03   1.7945125e-03  -1.1083550e-02   2.6191582e-04  -7.2220062e-05   3.5306183e-06
   1.6254291e-03   3.7965727e-03  -1.4078292e-02   1.8224660e-04   1.2975563e-05   5.0652649e-05
   7.4467480e-04   3.9242031e-03  -1.1648572e-02   2.6804296e-04  -1.2502282e-04   8.8218511e-05
   4.6309644e-03   1.0290369e-03  -1.3597970e-02   2.0112696e-04  -9.2608043e-05   2.9084296e-05
   5.4496871e-03   3.1291113e-03  -1.0034445e-02   2.3195034e-04  -1.3009327e-04   2.5415026e-05
  -7.8307809e-04   1.3568327e-03  -8.7303300e-03   4.0894861e-04  -5.5200347e-05   2.0807766e-05
   1.7846031e-03   4.2639160e-03  -5.0189012e-03   3.2093072e-04  -6.6901397e-05   6.0786047e-05
   5.3378675e-03   6.9172308e-03  -3.1883830e-02  -5.1002184e-05  -1.6150809e-04   2.1660033e-05
   2.3159129e-03   3.9047009e-02   1.0846080e-02   2.5114176e-04  -1.5602142e-04  -6.2498327e-05
   3.9197656e-03   9.8874794e-03  -1.1356425e-02  -1.3649450e-04  -9.8484896e-05  -1.2155305e-04
   6.3933890e-03   3.4751993e-03  -1.7432756e-02  -1.4735745e-05  -9.8419175e-05  -4.2208701e-05
   2.1159882e-03   1.2122082e-02  -2.0979700e-02  -5.3109396e-05  -1.4340026e-04  -1.5084321e-04
   5.1731212e-03   1.4204937e-02  -1.7669512e-02   1.2084289e-04   1.1522945e-04  -2.2316666e-04
  -1.2783829e-03   9.7788882e-03  -4.8515529e-03   2.2530063e-04   1.0870643e-04  -3.0520413e-05
  -5.2254687e-03  -8.4978810e-03  -1.7657420e-03   3.7081468e-04   8.1732665e-05  -4.2567313e-05
  -2.2349454e-04  -6.4233497e-03  -4.3191590e-03   1.8784201e-04   6.4453079e-05  -1.4233301e-04
  -1.1878904e-04  -2.4634238e-03   3.7098110e-04   2.3374799e-04   1.7018550e-04  -6.9990921e-05
  -4.6245780e-03  -2.3132167e-03  -1.7220131e-03   1.9876101e-04   1.0482201e-04  -1.3295389e-04
  -2.0047079e-04   6.5982279e-03  -5.8614517e-03   5.3254503e-05   1.1692814e-04  -8.9559920e-05
   2.6369772e-03   7.5527427e-03  -6.1053243e-03   1.1936978e-04   1.0910813e-04  -1.3165605e-04
   2.3764053e-04   1.3618810e-02   2.8411032e-03   1.6513563e-04   1.6573929e-04  -1.0146600e-04
   3.8157458e-04   1.6225308e-02   5.8189195e-03   2.9391999e-04   1.7608806e-04  -6.2923271e-05
  -1.4527249e-03   1.7502452e-02  -3.4358085e-03   2.2796200e-04   2.3586472e-04   2.2166564e-05
   4.8474799e-04   1.8369102e-02  -5.4834346e-04   2.7951532e-04   2.6305853e-04  -1.0855595e-05
  -1.5350529e-03   1.8094019e-02   8.0988810e-03   2.6536849e-04   2.5887159e-04  -5.4165988e-05
   7.2354404e-04   2.1640579e-02  -5.8706497e-03   2.5071061e-04   1.9307006e-04  -5.5262456e-05
   4.6892273e-03   2.5301999e-02  -9.1591031e-03   1.7139597e-04   2.1931632e-04  -7.7207240e-05
   3.9335611e-03   1.9722292e-02  -7.9180586e-03   1.5799552e-04   1.9744464e-04  -6.1973006e-05
   4.5447571e-03   2.7025419e-02  -2.6700341e-03   2.7693884e-04   1.6071416e-04  -8.9065980e-05
   4.0874436e-03   2.1845296e-02  -9.4774988e-03   1.8676346e-04   1.1625545e-04   7.1634701e-05
   2.4836895e-03   2.6025153e-02  -1.2699710e-02   8.8147430e-05   5.4382253e-05  -3.6090307e-07
   1.2609324e-02   1.4372543e-02  -4.2631907e-02   1.8055028e-05  -4.8637559e-04  -2.4997588e-04
   1.0563136e-02   1.2211531e-02  -3.5401448e-02   9.5960781e-05   2.1250788e-05  -2.7328889e-04
   9.5250208e-03   1.7340284e-02  -1.8414313e-02   1.8501274e-04   1.1989060e-04  -2.8910155e-04
   6.0944414e-03   7.6904119e-03  -2.1734706e-02   3.6426810e-05   1.8733907e-04  -1.5689400e-04
   7.2024370e-03   1.0313294e-02  -1.3868842e-02   2.6148691e-04   5.4115114e-05  -1.4186759e-04
   6.3237763e-03   1.1928380e-02  -1.1753528e-02   3.1705937e-04   1.1049122e-04  -1.7712548e-04
   9.0870694e-03   1.8096123e-02  -9.9598895e-03   3.9936224e-04   2.3906973e-04  -3.4641449e-04
   6.7004897e-03   2.0901135e-02  -1.9932533e-02   1.6240211e-04   1.4190286e-04  -1.4721170e-04
   6.5544608e-03   2.5353005e-02  -1.0695290e-02   3.3575576e-04   1.6806212e-04  -1.9466297e-04
  -3.7504344e-04   6.8133803e-03  -1.2167656e-02   3.5279990e-04   1.2917937e-04  -7.7820317e-05
  -2.7284218e-03   9.8855334e-03  -1.4340805e-02   2.7067263e-04   2.4090713e-04  -1.0515074e-04
  -5.9156758e-04   7.0355853e-03  -9.6447630e-03   3.6246963e-04   2.5243880e-04  -1.2251460e-04
  -1.4301955e-03   7.2960977e-03  -2.4323458e-02   1.0072552e-04   2.3641502e-04  -6.4045854e-05
   7.5789873e-04   5.9798110e-03  -1.5078369e-02   2.4740341e-04   1.7657601e-04  -1.3384738e-04
  -2.5589726e-03   1.2138330e-03  -8.4392652e-03   2.5412522e-04   1.9736319e-04  -4.5889096e-05
  -8.7730196e-04   2.0033100e-03  -1.4240434e-02   2.8216543e-04   2.3510628e-04  -1.0315192e-04
   1.1702086e-03   6.3947242e-03  -1.4621378e-02   2.3629895e-04   2.5549637e-04  -4.4277536e-05
  -2.0317618e-03   9.7007616e-03  -5.9894216e-03   1.9614558e-04   2.0973454e-04  -7.0485148e-06
  -1.0604418e-03   1.7675087e-02  -1.4211383e-02   1.2615980e-04   1.9896585e-04   4.4982898e-05
   1.4892903e-03   2.0495560e-02  -1.6721593e-02   1.1869133e-04   1.9865027e-04   1.3637835e-05
  -3.4519873e-03   1.7955047e-02  -6.0088679e-03   2.4067325e-04   2.6452363e-04  -6.8735505e-05
  -4.4390848e-03   1.8366030e-02  -9.1632977e-04   3.3311047e-04   1.1538799e-04  -5.8312740e-05
  -3.1231090e-03   1.8483644e-02  -2.9893345e-03   3.1130050e-04   7.0608418e-05  -1.1468842e-04
  -1.9750604e-03   1.9654896e-02  -7.3328406e-03   1.9845965e-04   4.6721835e-05  -1.2643647e-04
  -3.1556476e-03   2.0969267e-02  -1.6203154e-02   2.0320959e-04   1.3105422e-04  -1.6062945e-04
   8.0862286e-04   1.9742267e-02  -1.7690177e-02   4.0200926e-04   8.3821620e-05  -9.5503199e-05
   1.7943081e-03   2.6178257e-02  -2.4544364e-02   2.9238781e-04   2.6059626e-04  -1.9852013e-04
   2.5246929e-03   2.1327731e-02  -1.3450525e-02   4.5247221e-04   1.5727127e-04  -4.4403285e-05
   8.2562939e-04   1.5058234e-02  -1.6141286e-02   3.3065137e-04   1.5213306e-04  -9.0500886e-05
   3.8070776e-03   1.3586963e-02  -1.3062090e-02   4.4650031e-04   1.0494374e-04  -1.1264375e-04
   3.3766682e-04   1.1413551e-02   3.1886208e-03   4.6484640e-04   1.0391862e-04  -3.8907852e-05
   7.7642139e-06   1.1893274e-02   2.0413604e-03   3.5005417e-04   7.3609430e-05  -6.1469766e-05
   1.8897200e-03   1.1829430e-02   3.1579720e-03   4.3564271e-04   1.4834546e-05  -3.1489412e-05
   3.8058887e-03   3.4589205e-03  -2.2894519e-02   1.5883082e-04   7.7588591e-05  -6.7911272e-05
   3.7772511e-03   2.1695024e-02  -5.2486929e-03   1.5704917e-04  -1.0352722e-05  -1.2849029e-04
   5.0092563e-03   2.0035360e-02  -7.8584486e-04   1.3171580e-04  -1.4327537e-04  -1.0253957e-04
   9.1024777e-03   1.6938908e-02  -2.3974055e-02   2.4402493e-05  -7.1438963e-05  -1.7735361e-04
   7.5823083e-03   1.5940113e-02  -2.6142596e-02   2.7382426e-04  -8.0724174e-05  -1.7237883e-04
   6.5116999e-03   1.6988046e-02  -1.4809295e-02   2.3321914e-04  -6.4231649e-05  -1.5844859e-04
   6.8260242e-03   2.1882929e-02  -2.0754795e-02   1.1031081e-04   8.6149574e-07  -1.4582488e-04
   7.6896236e-03   1.7767893e-02  -4.3013000e-03   4.3100683e-04  -1.5669854e-05  -1.9607262e-04
   7.7014205e-03   2.1246292e-02  -7.5393828e-03   4.1359219e-04  -3.1714690e-06  -1.4168409e-04
   7.0009722e-03   2.0174853e-02  -2.4877187e-03   4.6396673e-04  -4.3387295e-05  -1.2340922e-04
   8.5984590e-03   1.7808884e-02  -4.8680101e-03   4.5161855e-04  -2.0981011e-05  -2.0248478e-04
   6.7712408e-03   1.9043029e-02  -6.4775623e-03   5.5290081e-04   1.4508142e-05  -1.7071684e-04
   6.8264664e-03   1.2875112e-02  -1.5997320e-03   5.3540626e-04  -6.6227391e-05  -1.8751206e-04
   8.4744657e-03   1.5556470e-02  -4.7749350e-04   5.7466804e-04  -5.3024797e-05  -2.2355252e-04
   5.6412840e-03   1.8508957e-02   5.4137221e-03   5.2556570e-04  -1.3745848e-04  -7.9461351e-05
   6.8897129e-03   1.2342124e-02  -3.4009272e-03   3.6141494e-04  -1.7579494e-04  -1.3597766e-05
   2.8129273e-03  -4.4909984e-03  -7.9611022e-03   8.2025097e-04  -1.2437115e-04  -2.5101247e-04
   1.6970708e-04   1.9759260e-03  -4.8035554e-03   8.3961248e-04  -8.9203572e-05  -1.5115682e-04
   2.6944663e-03  -4.9117488e-05  -6.6490675e-03   7.3927383e-04  -6.1839334e-05  -1.8497213e-04
  -1.1820424e-03  -2.1056573e-03  -7.3714710e-03   6.7188097e-04  -3.9942754e-05  -2.2043225e-04
   5.2304294e-03   8.6310198e-03  -1.1311847e-02   5.9357305e-04  -8.3272770e-05  -2.7349683e-04
   4.3647924e-03   1.1348806e-02  -1.0333893e-02   6.3802124e-04  -1.2036019e-04  -2.2552790e-04
  -2.5238811e-04   1.2119556e-02  -1.4469563e-02   5.4597261e-04  -1.9154210e-05  -1.4424108e-04
   2.7919711e-03   1.5775944e-02  -2.4021230e-02   4.5523976e-04  -7.2805415e-05  -1.6736131e-04
   4.3770917e-03   1.7626248e-02  -1.2906781e-02   6.2241323e-04  -1.0415102e-04  -1.5441330e-04
   1.3405721e-03   1.2562235e-02  -8.1178208e-03   5.8695509e-04  -5.7546656e-05  -8.3245724e-05
   1.8926770e-03   1.7493236e-02  -1.1333975e-02   5.9385398e-04  -7.9845078e-05  -1.2684731e-04
   4.7550095e-03   1.9524170e-02  -3.2424702e-03   7.1979691e-04  -1.1910498e-04  -1.3339721e-04
   2.3691573e-03   2.2044044e-02   7.7187610e-04   6.3028002e-04  -1.0680243e-04  -1.1193319e-04
   3.2939644e-03   2.3558041e-02  -2.0308648e-02   4.2612680e-04   8.0386812e-05   3.9517164e-05
   9.4007572e-03   2.4828192e-02  -1.0773602e-02   4.0330259e-05  -2.7073089e-04  -2.2911112e-04
   9.1619617e-03   2.3031534e-02  -7.4683150e-03   3.1283479e-04  -1.9435765e-04  -1.4832432e-04
   8.3362405e-03   2.3849447e-02  -5.0088423e-03   5.5365839e-04  -1.9133768e-04  -9.6366910e-05
   5.8742832e-03   2.2334801e-02  -6.7598786e-04   4.6667985e-04  -1.0537274e-04  -7.0247388e-05
   2.6944294e-03   2.9356758e-02  -4.2232883e-03   5.4869560e-04  -5.4354365e-05  -6.4109871e-06
   2.4605679e-03   3.3459249e-02  -3.9777383e-03   6.1827105e-04   6.5461301e-05   2.1705213e-05
   7.2388339e-04   3.6338640e-02  -1.7004602e-03   6.0369788e-04   1.0578665e-04  -4.7796784e-05
  -2.3967417e-03   3.3580438e-02  -7.6814260e-03   5.2356695e-04   7.7452083e-05   3.9490140e-05
  -6.4807154e-04   3.5013214e-02  -1.2147546e-02   5.1334454e-04   9.8130950e-05   3.8790551e-05
  -2.5406910e-04   3.5201294e-02   3.4701115e-04   5.2927244e-04   4.4466355e-05   2.3686755e-05
  -2.0001296e-03   2.3747166e-02  -6.5857864e-03   4.7439802e-04   6.5721977e-05   1.2812136e-05
   1.9249463e-03   3.2676593e-02  -1.1127919e-02   5.7143721e-04   6.3585697e-05  -5.9391024e-05
  -1.4951445e-03   3.8723038e-02  -2.9120500e-03   5.4138857e-04   5.4668884e-05   8.8263375e-05
   2.1634064e-03   3.5650231e-02  -1.4847266e-02   4.1338839e-04  -1.7425838e-04   3.2059411e-05
   7.0999136e-03   3.5709954e-02  -2.5116852e-02   3.6537919e-04   2.7995729e-05  -5.8029414e-05
   1.6026374e-03   2.8391115e-02  -1.5936482e-02   4.3369228e-04  -9.2669879e-05  -1.7240264e-05
   6.0426874e-03   3.1710170e-02  -1.1681497e-02   5.2139333e-04  -1.6675539e-05  -6.2868484e-07
   3.7759123e-03   3.1520406e-02  -1.7317347e-03   4.6237630e-04   7.2801863e-06   4.6821224e-05
   3.8258296e-03   2.5868222e-02  -1.1951699e-02   5.1809309e-04   2.3652440e-05   8.3907268e-05
   6.1639125e-03   3.0542727e-02   8.2528823e-04   5.9041027e-04   5.0574731e-06   7.2676840e-05
   1.5528780e-03   2.8435944e-02  -1.6469210e-03   5.1385442e-04  -1.2891294e-04   1.5177449e-04
   2.1468081e-03   2.6129728e-02  -7.6677229e-03   5.1027582e-04  -8.4278459e-05   1.8155923e-04
  -3.2689581e-03   2.5590492e-02   3.0988444e-03   4.0201535e-04  -1.5113443e-04   2.0508908e-04
  -2.3299588e-04   1.8484814e-02  -8.6879691e-03   5.7414826e-04  -1.6661336e-04   1.0558193e-04
   7.3800862e-03   1.4987963e-02  -2.8409860e-02   3.3300211e-04  -4.5540409e-05  -1.9490678e-05
   1.8043874e-03   2.6044003e-02  -3.3158816e-02   1.3667175e-04  -1.3518054e-04   4.7022510e-05
   6.2754799e-03   1.7022041e-02  -2.0354029e-02   4.8809000e-04  -6.3543020e-05   1.6397303e-04
   3.3245955e-03   9.6470848e-03  -1.6417466e-02   4.6527436e-04  -1.6053883e-04   8.6896081e-05
   1.3776796e-03   1.0965385e-02  -1.2449849e-02   5.1381910e-04  -3.4675319e-05   8.2315154e-05
   9.9339419e-04   1.6594816e-02   3.0814509e-03   4.9761973e-04   4.9926222e-05   1.1758107e-04
   2.5316913e-03   1.3195185e-02  -4.6375648e-03   6.0529826e-04  -3.8848713e-05   3.1884935e-05
   7.0647280e-03   1.6338855e-02   1.4885291e-03   4.1659650e-04  -1.2582198e-05   2.2394859e-05
   1.6859191e-03   9.8342242e-03  -2.0619004e-03   5.7807593e-04   6.6030534e-05   1.1955468e-04
   4.0854714e-03   1.7827943e-02   4.9011702e-04   7.2618866e-04   8.3848625e-05   5.9419884e-05
  -4.3302778e-03   7.9279255e-03   4.5491156e-03   3.3514226e-04   2.0976035e-05   2.2223512e-04
   2.9071131e-03   1.0203344e-02  -7.9580906e-03   5.7557645e-04   1.7452999e-04   5.0456408e-05
  -2.2248652e-04   2.2320641e-02  -2.3864930e-02   6.8956307e-04   2.0217696e-04   4.6413924e-04
   4.7982883e-03   1.7390177e-02   5.7841603e-03   5.4012271e-05  -5.8737629e-05   1.5597971e-04
   2.4920630e-03   1.4713004e-02  -2.9724405e-04   3.9259978e-04  -6.8266374e-05   1.9436189e-04
   2.6809226e-03   1.6385759e-02  -4.2538772e-03   4.2195106e-04  -3.3132381e-05   1.8847215e-04
   2.9238485e-03   1.7767367e-02   3.5494377e-03   4.9308582e-04   6.4549686e-05   1.2873320e-04
  -7.8459687e-04   1.6767623e-02  -3.5731638e-03   5.2495752e-04  -2.7212772e-05   1.5326247e-04
   1.5302175e-03   1.9534345e-02  -5.9472975e-03   3.5125437e-04   1.4697269e-05   1.3047477e-04
  -8.1072625e-04   1.7950856e-02  -5.6572985e-03   3.4400954e-04  -1.5613451e-05   1.7558113e-04
  -1.4749056e-03   1.9799541e-02  -8.8968467e-03   4.0358199e-04   1.8943480e-05   1.5034074e-04
   1.4120051e-04   2.5152905e-02  -1.5457812e-02   3.8795721e-04  -8.0860605e-05   1.8430883e-04
  -3.3955589e-04   3.1755439e-02  -1.0482520e-02   2.5831078e-04  -8.6563811e-05   1.9150082e-04
   1.0438460e-03   3.0120603e-02  -2.4601256e-02   2.7679527e-04   3.6178672e-05   1.6695809e-04
   1.7318320e-03   2.9829558e-02  -6.6894882e-03   4.0371045e-04  -1.0990443e-04   1.1543854e-04
   2.1836106e-03   3.2200596e-02  -1.0043667e-02   4.4269217e-04   2.3007215e-06   1.7247394e-04
   6.0370245e-03   3.4306902e-02   8.4509270e-05   4.1233512e-04  -8.9554426e-05   8.2293499e-05
   1.0182743e-02   3.3227204e-02  -8.6609074e-03   4.1073067e-04  -2.7020632e-04  -5.4395390e-05
   6.9869488e-03   2.6395103e-02   2.2556682e-03   6.0512387e-04  -2.7133648e-04   5.0404225e-05
   5.0367271e-03   2.0378636e-02   1.0296295e-02   4.7996090e-04  -3.0916274e-04   6.6180237e-05
   9.2143160e-03   1.8084449e-02  -7.8357534e-03   4.2480052e-04  -4.0048349e-04  -5.4978649e-05
