   0.0000000e+00   0.0000000e+00   0.0000000e+00   0.0000000e+00   6.9388939e-18   0.0000000e+00
  -1.4434285e-03  -8.0636784e-05  -3.6935887e-03  -1.2355168e-04  -4.4112266e-05   2.2974695e-05
   1.3809230e-03  -9.0397063e-03  -2.2088718e-03  -8.5819472e-05   4.3591455e-05  -6.0907814e-05
   1.8278139e-03  -9.4503836e-03  -1.0425962e-03  -2.5341760e-04  -2.9912353e-05   7.4079375e-05
   5.8277902e-04  -9.5637732e-03  -6.7514700e-04  -1.1796830e-04   8.5875791e-05  -9.6769068e-05
  -8.4101279e-04  -8.6293161e-03   1.5724874e-03  -1.7486858e-04   1.7563635e-04  -4.0726284e-05
  -9.2106181e-04  -1.0463560e-02   5.9914249e-03  -2.4839723e-04   2.4832005e-05   2.2340525e-05
   2.1066286e-03  -9.6589952e-03   4.1316408e-03  -3.3493517e-04   1.1477185e-05   1.0530003e-04
   3.6604397e-04  -3.8447681e-03   4.4612458e-03  -1.8960108e-04   1.4883681e-04  -6.9218271e-05
  -1.8431011e-03  -1.5727869e-03   1.1943989e-02  -2.9652090e-04   1.3658804e-04  -7.9837525e-05
   2.9504262e-04   3.3441017e-03   4.7812800e-04  -4.7704013e-04   7.4362714e-05  -7.1988926e-06
  -2.6122599e-03   7.3065166e-03  -1.0560895e-03  -1.8228176e-04   2.0514386e-04  -1.7476055e-05
  -2.1971824e-03   7.2666635e-03   1.1985304e-03  -1.3485540e-04   1.9858184e-04  -7.2098927e-05
   2.2014378e-03   2.2565079e-03   8.1573445e-03  -4.2414836e-05   1.5297133e-04   4.9637493e-06
   2.5585370e-03  -7.3095862e-04   1.4822987e-02  -7.3630079e-05   2.3374980e-04   9.4914196e-05
   2.2867140e-03  -1.0689799e-02   1.9453925e-02  -1.4777715e-04   2.0715478e-04  -1.0603857e-05
  -3.1155922e-04  -1.6996357e-02   1.5815771e-02  -1.5950247e-04   2.7813750e-04  -4.0339324e-05
   2.8140607e-03  -1.6940593e-02   1.3129167e-02  -1.9680294e-04   2.0541855e-04  -6.4563836e-06
   3.6942272e-03  -1.2742243e-02   8.1783139e-03  -1.5470561e-04   2.9790079e-04  -3.0302567e-05
   8.2754548e-03  -7.0441862e-03   8.4356990e-03  -2.0232220e-04   2.0302542e-04  -3.7786210e-05
   1.0934321e-02  -6.4405487e-03   1.6307752e-02  -3.5641047e-04   2.1672850e-04  -1.0444840e-05
   8.1389306e-03  -1.2488108e-02   2.0555576e-02  -4.3317844e-04   2.2311259e-04  -1.1207248e-07
   8.2563451e-03  -1.0807468e-02   1.9817946e-02  -2.3246894e-04   1.9924096e-04  -4.4085726e-05
   6.7480685e-03  -1.2935523e-02   1.7005215e-02  -2.3914241e-04   2.3609300e-04  -4.6054045e-06
   5.0678578e-03  -1.8662134e-03   1.8235561e-02  -2.2101548e-04   2.5713721e-04  -1.2118001e-04
   5.8344335e-03   1.2144605e-03   1.5369615e-02  -3.9958216e-04   1.9278520e-04  -2.2039585e-04
   5.0388698e-03  -2.7032931e-03   1.6444651e-02  -3.6221428e-04   1.5932144e-04  -1.2536433e-04
   2.1394290e-03  -9.0301030e-03   1.8304268e-02  -3.7934112e-04   2.2200586e-04  -2.8010713e-06
   3.1365551e-03  -4.1152475e-03   2.0358800e-02  -3.6842499e-04   2.7415239e-04  -2.1921528e-05
   7.1026196e-03  -2.2538121e-03   1.5094170e-02  -3.2600891e-04   2.0364041e-04  -8.0474127e-05
   6.2235698e-03  -5.4141577e-03   1.5132859e-02  -3.1692320e-04   2.0411985e-04  -2.1941585e-04
   2.9990823e-03  -6.4707197e-03   1.0795771e-02  -3.5194694e-04   2.1833670e-04  -1.8390228e-05
   1.9088116e-03  -1.0537467e-02   1.4374195e-02  -1.6889633e-04   2.4681283e-04  -5.7651642e-06
   6.2483004e-03  -1.1830989e-02   1.4329767e-02  -1.8326973e-04   2.1014973e-04   7.6300628e-06
   5.9393183e-03  -5.7011954e-03   9.3908027e-03  -2.7374390e-04   2.0759016e-04   1.8640015e-05
   3.2482283e-03  -3.8470353e-03  -7.1767611e-04  -1.6854872e-04   3.2010549e-04  -7.8592807e-05
   3.5738064e-03  -4.7973775e-03   1.2174293e-02  -2.4023602e-04   2.6860210e-04  -1.0972343e-04
   6.6124290e-03  -1.3357481e-02   1.8774071e-02  -4.6995189e-04   2.0160912e-04  -8.4605067e-05
   5.0997416e-03  -9.0125723e-03   1.6323878e-02  -5.1230507e-04   3.1947575e-04  -3.0498522e-05
   1.1377556e-03   3.4394289e-03   4.8298998e-03  -1.7963203e-04   2.6627235e-04  -7.3187568e-05
   5.1399448e-03   9.5359107e-03  -4.7688548e-03  -3.3484962e-04   1.9709651e-04   2.9725461e-05
   5.5880588e-03   1.4963358e-02   8.5155535e-04  -5.1184831e-04   1.6696212e-04  -3.1106331e-05
   1.6599444e-03   6.3455271e-03   1.4605025e-04  -1.0586096e-04   3.1385856e-04  -1.1109806e-04
   3.6350476e-03   3.6604506e-03   4.8900822e-03  -3.2939990e-04   1.6824724e-04  -6.2926643e-05
   3.5229149e-03  -6.5617094e-03   6.1204923e-03  -3.1912104e-04   2.4180710e-04  -3.9108559e-05
   6.1449960e-03  -8.0964750e-03   3.7828448e-03  -3.9595198e-04   2.1183078e-04  -9.7553926e-05
   1.0500106e-03  -9.2767153e-03   9.0983527e-04  -3.4155053e-04   2.5330923e-04  -2.2654470e-05
   3.4609938e-03  -1.0164023e-02   5.2738938e-03  -4.6660948e-04   1.1900033e-04   6.0846474e-06
   4.8412832e-03  -8.0726607e-03   5.9620611e-03  -3.5099549e-04   1.5554136e-04  -2.4939840e-05
   5.6807161e-03  -1.0143967e-02   5.1936826e-03  -2.9316032e-04   1.9336381e-04   4.1029525e-05
   3.5271387e-03  -7.6783790e-03   5.6432294e-03  -5.8115100e-04   2.0481392e-04   3.9292083e-05
   3.7266676e-03  -9.6682256e-03   5.2275250e-03  -3.3593369e-04   2.0831340e-04   6.7582669e-05
   8.3361181e-03   3.4683975e-04   3.6061503e-03  -4.2022296e-04   2.2239387e-04  -1.0702289e-04
   6.8707983e-03  -1.9794638e-03   5.3752524e-03  -3.3410684e-04   2.0666902e-04  -7.9672478e-05
   2.7232021e-03  -1.3802743e-03   1.6542378e-03  -3.1443137e-04   2.3756168e-04  -6.3476712e-05
   8.6688175e-04  -1.4922315e-02   4.0059515e-03  -2.9803304e-04   1.8268152e-04  -4.6201114e-06
   3.3565810e-03  -1.4796020e-02   8.5382458e-03  -3.8968182e-04   2.2700236e-04  -5.2536608e-05
   5.3649030e-03  -8.1768213e-03   1.0272602e-02  -6.8059087e-04   1.3948828e-04  -6.7417370e-05
   4.5987499e-03  -5.7227116e-03   1.2939914e-03  -4.5191607e-04   2.0768135e-04  -4.1027679e-05
   2.1549387e-03   1.7014587e-03  -3.5784289e-03  -6.3019273e-04   1.6647748e-04   1.0494209e-05
   1.9010621e-03   4.7219105e-03  -7.8354278e-04  -3.5448749e-04   2.3309448e-04   1.6711371e-05
   4.0964741e-03  -8.6561981e-03   1.6241631e-03  -2.8213957e-04   2.2694318e-04  -9.3631318e-05
   6.3424963e-03  -9.9432330e-03   8.2725441e-04  -3.7031898e-04   2.5692394e-04  -1.8038363e-04
   7.5347773e-03  -1.4267664e-02   3.2278726e-04  -1.7439917e-04   2.7678587e-04  -1.0375722e-05
   8.4898873e-03  -6.9003972e-03   7.6556339e-03  -5.5525910e-04   2.7182236e-04   1.2731725e-04
   6.4197875e-03  -3.5088139e-03   1.6148377e-03  -4.6497037e-04   2.8756135e-04  -2.2366081e-04
   8.2383739e-03   4.3991011e-03   3.3395087e-04  -1.2676153e-04   2.8472643e-04  -1.2941760e-04
   4.4510575e-03   1.9830099e-03  -4.2715427e-03   2.2838734e-04   2.5759350e-04  -9.4265143e-05
   3.1572127e-03   1.6157062e-02   2.5075405e-03   4.9012105e-05   3.4453692e-04  -2.4224174e-04
  -2.1080721e-04   1.3746135e-02   9.2611639e-03   1.1017360e-04   4.1168353e-04  -4.2383069e-04
   2.3407373e-03   1.1118105e-02   1.1134726e-02   1.4373643e-05   3.7084799e-04  -9.8846406e-05
   1.1013171e-04   6.3780791e-03   8.9647303e-03  -5.6643879e-05   2.2925203e-04  -3.3813250e-04
   1.0314314e-02   1.4595920e-02   1.5229433e-02  -6.8366791e-06   4.1101316e-04  -1.0773097e-04
   9.9840790e-03   4.3138578e-02   1.5569159e-02  -1.5568791e-04  -7.5756091e-05  -7.2315694e-05
   6.4781484e-03   3.5441938e-02   6.1505114e-03  -1.2129281e-04  -5.2079440e-05  -1.6981233e-04
  -4.8875808e-04   2.1786079e-02   7.1312584e-03   1.8213010e-04   2.0300474e-04  -8.7436291e-05
   1.9992144e-03   1.2867322e-02   2.3388412e-02   3.3459221e-04   3.3570304e-04  -9.3241315e-05
   7.6194723e-03   9.4320822e-03   4.5883383e-02   9.3729188e-06   1.5844019e-04   2.1574545e-04
   6.7811717e-03   1.0294335e-02   5.4810192e-02  -2.1868674e-04   1.8267165e-04   6.7354161e-05
   1.0357900e-02   1.2944114e-02   5.2546927e-02  -3.2751921e-04   2.1983499e-04   1.1005315e-04
   1.0273613e-02   4.3573510e-04   5.4820890e-02  -2.7484916e-04   1.9262678e-04  -1.0362271e-04
   4.1393632e-03   7.6770595e-03   3.9695098e-02  -5.5501346e-04   3.3382131e-04  -7.7516552e-06
   2.4790191e-03   2.2431977e-03   2.3003050e-02  -5.8075894e-04   2.1536031e-04   6.8821822e-05
   1.1039610e-02   7.5243246e-03   3.3141244e-02  -4.9665525e-04   1.7144871e-04   4.4563797e-05
   1.0341949e-02  -5.5718550e-03   3.5424852e-02  -3.6169689e-04   3.3268426e-04  -4.5421895e-05
   1.1837616e-02  -9.7327629e-03   3.9913727e-02  -3.3998252e-04   3.4318026e-04  -3.3810935e-05
   1.6683568e-02  -6.0495615e-03   3.8480539e-02  -5.6174666e-04   2.0813428e-04   1.9142377e-04
   1.2243602e-02  -7.4248557e-03   3.1445024e-02  -2.6529417e-04   3.8947320e-04   1.3823845e-04
   1.5162795e-02  -4.2552756e-03   2.9334840e-02  -3.9979099e-04   2.4145568e-04   1.0287028e-04
   1.0006049e-02  -2.1311128e-03   2.0910609e-02  -3.2655895e-04   4.1569721e-04  -4.0882193e-06
   9.8131092e-03  -9.7318174e-04   2.5833754e-02  -2.9240173e-04   3.3240170e-04   3.4045970e-05
   8.2599794e-03   1.0426522e-03   2.1653850e-02  -5.2241517e-04   2.5607564e-04   3.3205599e-05
   7.7595885e-03   1.3739711e-03   9.5839020e-03  -2.9242592e-04   3.3015773e-04   1.8875952e-05
   1.0460974e-02   9.9289906e-03   1.3360582e-02  -4.1153465e-04   2.5537723e-04   4.6436016e-05
   1.3025657e-02   2.3545912e-03   7.6281937e-03  -4.1105300e-04   2.4562472e-04   1.0414260e-04
   1.0834069e-02   8.1762324e-03   8.3562661e-03  -3.8899782e-04   2.7154176e-04   1.7796353e-04
   1.2775834e-02   3.4438673e-03   1.2285141e-02  -3.5312806e-04   2.2877091e-04   1.1081703e-04
   1.2488497e-02   1.3036392e-02   6.9182770e-03  -4.3853243e-04   2.2717894e-04   8.8014893e-05
   9.9968066e-03   1.2082374e-02   6.7346335e-03  -3.6172375e-04   3.1995083e-04   8.4150451e-05
   6.9999099e-03   1.4439878e-02   1.3569852e-02  -4.9713712e-04   2.6853055e-04  -4.2644457e-06
   3.9177493e-03   4.5083616e-03   7.5411742e-03  -2.9104935e-04   2.9155691e-04  -4.7847173e-06
   5.1589909e-03   7.1281468e-03   1.2366670e-02  -4.2892808e-04   2.6660234e-04  -5.5497915e-05
   6.9192725e-03   1.1444603e-02   1.5024526e-02  -7.5220838e-04   1.8577584e-04  -1.8514205e-05
   6.4791947e-03   1.0801046e-02   8.0193303e-03  -4.8074620e-04   1.0149012e-04   5.9233975e-05
   7.4666544e-03   1.7557212e-02   1.9467392e-02  -5.0397540e-04   9.1423392e-05   2.8826378e-05
   8.1405112e-03   1.5942433e-02   6.4761870e-03  -5.3588543e-04   1.7879816e-04   6.6899338e-06
   7.5971599e-03   1.5100916e-02   4.1217212e-03  -4.5384563e-04   1.8077565e-04   4.0661990e-05
   4.6692589e-03   1.1033552e-02   7.8470262e-03  -4.8178155e-04   1.8702343e-04  -3.2059676e-05
   5.0979327e-03   1.6663182e-02   4.8553534e-03  -4.6416234e-04   2.2681049e-04  -4.8714892e-05
   4.2828367e-03   1.2877053e-02   6.0776973e-03  -3.1248441e-04   2.8244638e-04  -1.5110520e-05
   4.6428097e-03   1.6910620e-02   4.9800217e-03  -3.1198470e-04   2.4774953e-04  -3.2876256e-05
  -9.1784131e-04   1.7350556e-02   3.7786286e-03  -4.6753230e-04   2.4640483e-04  -1.0332437e-04
   1.1772987e-03   6.6087193e-04  -3.5795850e-02   7.0016019e-04   1.4192456e-04   6.7672816e-05
   1.3944403e-03   3.1567249e-02   2.7054524e-03   1.9872350e-04   1.9537432e-04  -4.4532680e-05
   1.2128240e-03   2.9791839e-02   9.3813271e-04   1.9152718e-04   1.8991328e-04  -1.4531927e-04
   2.2727319e-03   1.9424911e-02   1.1174619e-02   5.4022784e-05   1.7725025e-04  -1.7522163e-04
   8.2020270e-03   8.6053348e-03   2.1710081e-02  -3.5773105e-05   9.9406930e-05  -1.1747217e-04
   6.0008781e-03   8.8628686e-03   2.0248268e-02  -4.1080340e-06   2.9646268e-04  -1.1837073e-04
   7.5243021e-03   1.8850533e-02   1.9346994e-02  -4.5923585e-06   2.9590790e-04  -3.2431022e-05
   7.9940190e-03   1.7817517e-02   2.1242723e-02  -6.9781589e-05   2.7796673e-04   5.6659472e-05
   1.0763375e-02   1.5588645e-02   2.2842844e-02  -1.4558359e-04   2.3142974e-04   1.3628658e-05
   7.4307211e-03   1.1420209e-02   2.4826016e-02  -4.4978416e-05   2.5989928e-04   5.1795887e-05
   7.5020731e-03   1.0836261e-02   2.3424137e-02  -3.1029073e-04   1.5837556e-04   1.1525992e-04
   5.5296316e-03   1.0488717e-02   1.5234592e-02  -6.9423803e-05   3.0639564e-04   1.7300920e-04
   4.7668037e-03   8.4831949e-03   2.1492861e-02  -2.4189482e-04   3.0622883e-04   2.3215734e-05
   2.3999775e-03   8.4733767e-03   2.4271491e-02  -3.0683325e-04   2.7978085e-04  -3.2041997e-05
   3.3566281e-03   8.9406374e-03   1.8083741e-02  -2.2391092e-04   2.6005984e-04   1.2525153e-04
   3.4731575e-03   6.5708003e-03   2.1607716e-02  -3.1331446e-04   2.3647051e-04   4.8290835e-05
   4.0510418e-03   1.2573770e-02   1.2847955e-02  -4.3844429e-04   1.0333471e-04   2.0477140e-04
   6.4516713e-04   1.1161023e-02   1.0959431e-02  -3.1022996e-04   2.0218277e-04   8.0885188e-05
   6.7567351e-03   7.9355985e-03   1.4869016e-02  -3.7328746e-04   2.7189830e-04   1.0202413e-04
   5.2669240e-03   1.5581925e-02   8.8304775e-03  -2.4689747e-04   3.2858398e-04  -1.3896992e-04
   6.5332908e-03   1.0986528e-02   8.8264207e-03  -4.1406381e-04   2.1488290e-04   2.5378012e-04
   5.7199670e-03   1.1238507e-02   8.3303124e-03  -5.1806093e-04   2.9142445e-04  -6.4588484e-05
   1.9596209e-03   1.1076153e-02   8.8788551e-03  -3.7663509e-04   3.5318008e-04  -4.4387053e-05
   1.2880222e-03   9.8854438e-03   1.3513014e-02  -5.1559757e-04   2.4422027e-04  -1.1778544e-06
   2.5432186e-04   6.6860932e-03   4.2948410e-03  -6.1592694e-04   2.6751718e-04   2.7343448e-05
   4.0055780e-03   8.7227338e-03   6.8167082e-03  -6.7712197e-04   2.5615541e-04   6.6695711e-05
   6.5075603e-03   9.9176186e-03  -7.5241512e-04  -8.3358436e-04   1.5310718e-04   7.4512015e-05
   5.0569615e-03   6.1828418e-03  -2.7598170e-03  -8.1736449e-04   1.0149156e-04   1.1804241e-04
   7.4995701e-03   9.7854293e-03   4.1599245e-03  -1.0672509e-03   4.5072491e-05   3.4005252e-04
   3.0796640e-03   6.8123423e-03  -4.8213444e-03  -9.0784757e-04   2.5484995e-04  -7.5607292e-05
   5.5644598e-03   8.8152014e-03  -1.6242960e-03  -7.5060804e-04   2.4107903e-04  -4.1297230e-05
   7.5977416e-03   1.2750071e-02   4.9838535e-03  -7.3119092e-04   2.2409343e-04  -1.3826537e-04
   7.5239318e-03   9.1452368e-03   1.7640566e-03  -7.6363318e-04   2.1053175e-04   1.1270193e-05
   5.0225143e-03   1.1719980e-02   3.4405464e-03  -6.2637388e-04   2.7098070e-04  -9.2847906e-06
   2.5913792e-03   2.2561048e-02  -4.2757518e-03  -7.0708846e-04   1.8732351e-04  -3.0659310e-05
  -7.8483168e-04   2.5546335e-02  -3.2937730e-03  -4.4846875e-04   1.9368964e-04   6.5980752e-05
   3.5716225e-04   1.2822764e-02   3.9651665e-03  -6.4407340e-04   2.0114616e-04  -6.5390666e-05
   4.2024760e-03   1.2146584e-02   4.5978305e-03  -8.7234421e-04   6.5176607e-05  -1.0375779e-05
   1.5809741e-03   5.3447882e-03  -6.2369178e-04  -7.1253444e-04   2.6336558e-04  -1.4218247e-04
   3.7728574e-03   1.0036221e-02   3.7779500e-03  -7.6708701e-04   2.4917512e-04   6.3726987e-05
   7.9135858e-03   1.4048555e-02   6.3165645e-03  -1.0740595e-03   1.6688408e-04  -2.0844528e-05
   4.2150936e-03   1.0480850e-02   3.6287890e-03  -7.0094083e-04   3.8050890e-04  -1.9192944e-04
   4.5272603e-03   1.8408829e-02   4.3506048e-03  -5.6958450e-04   4.0619550e-04  -2.7743110e-05
   5.7798350e-03   1.2707264e-02   6.1327617e-03  -8.1155995e-04   3.4800434e-04  -6.3681931e-05
   7.1532673e-03   1.2769543e-02   6.3367047e-03  -1.0329315e-03   2.0137484e-04   1.1871819e-05
  -1.1554407e-05   4.9945096e-03   8.1643007e-03  -6.2788230e-04   2.5208832e-04   3.1001400e-05
   7.8770502e-04  -1.1344734e-03   5.3616733e-03   3.9309581e-04  -5.4987468e-05   7.2237610e-05
  -4.0437535e-03   4.0066298e-03  -1.7155502e-03  -3.5096351e-04   4.1788817e-04  -3.8098765e-05
  -1.4303914e-04   1.8834214e-02   3.7208628e-03  -4.5046821e-04   2.0169266e-04  -1.4626254e-04
  -1.1790423e-03   7.2650531e-03   2.3905356e-03  -3.4854523e-04   1.0464215e-04   8.7911610e-05
   2.8654939e-04  -3.5779862e-03   9.5493684e-03  -2.9621303e-04   1.1086618e-04  -3.0692225e-05
   1.1266093e-03   2.9086517e-03   1.2798574e-02  -4.3619698e-04   1.8694455e-04  -1.2168385e-04
  -1.1031046e-03  -3.7707906e-03   1.0334584e-02  -3.0137511e-04   3.2299785e-04  -2.4103707e-04
  -9.6780530e-04  -9.8415620e-03   1.8242104e-02  -5.0717643e-04   2.5669113e-04  -1.0229356e-04
   1.7093504e-03  -1.4904894e-02   1.7450259e-02  -5.6109822e-04   2.0144455e-04   1.1270612e-06
   1.8954181e-03  -1.5066201e-02   1.4017723e-02  -5.3722210e-04   2.8812124e-04  -6.2783280e-05
   6.3870003e-03  -1.2331051e-02   2.3814735e-02  -5.7923764e-04   2.9925674e-04  -1.1517086e-04
   7.6559071e-03  -1.4161347e-02   2.7408216e-02  -5.1389679e-04   3.0801251e-04  -1.7321525e-04
   3.1174960e-03  -1.9031925e-02   2.8993760e-02  -6.4936276e-04   3.1659867e-04  -4.7284372e-05
   4.7360392e-03  -1.6566821e-02   2.3358540e-02  -5.7476964e-04   2.8323232e-04  -3.6229375e-05
   1.7312313e-03  -9.1752413e-03   1.1716781e-02  -6.1091391e-04   3.4481356e-04  -7.1643635e-05
   4.5925084e-03  -1.0441059e-02   1.4018824e-02  -4.0333420e-04   3.7335635e-04  -1.3714427e-05
   4.5914227e-03  -5.2183014e-03   1.9344188e-02  -5.4797617e-04   2.2305729e-04  -1.1817157e-04
   2.1034029e-03  -1.2434328e-02   2.2544851e-02  -2.8114140e-04   4.0313096e-04  -1.6557185e-04
   3.7870571e-03  -1.0217598e-02   2.5451270e-02  -6.9164648e-04   3.2277679e-04  -7.6728707e-05
   1.0427603e-03  -1.0523263e-02   1.5988632e-02  -5.1260690e-04   3.8154741e-04  -1.5019201e-04
   3.4113847e-03  -4.8688307e-03   1.8762525e-02  -5.1881908e-04   3.0984053e-04  -2.3129032e-04
   1.4657328e-03  -1.3223518e-03   1.5317303e-02  -6.8977730e-04   2.4600060e-04  -1.3369037e-04
   6.6597080e-05  -7.1805195e-05   9.8804631e-03  -5.7730906e-04   2.5476867e-04  -1.4075020e-04
  -1.6703388e-03  -7.9927758e-03   4.8543751e-03  -4.0932141e-04   2.7028124e-04  -1.0066823e-04
   2.2407145e-03  -7.3135172e-03   1.6088177e-02  -6.1013876e-04   2.6853423e-04  -9.1352535e-05
   4.8932647e-03  -9.7038660e-03   1.0308427e-02  -7.4776420e-04   1.8906897e-04   9.1790352e-05
  -3.9747159e-03  -7.1019760e-03   8.5855730e-03  -4.8865404e-04   2.3588980e-04   2.3960657e-05
  -1.5634245e-03  -1.0946670e-02   1.1596553e-02  -6.0511963e-04   1.8809780e-04  -8.7420920e-05
  -1.8115246e-03  -1.1980908e-02   6.8657899e-03  -7.2501136e-04   2.2252556e-04   2.6432365e-05
  -1.4134782e-03  -3.3581882e-03   7.9834868e-03  -6.6703362e-04   2.1709777e-04   9.7083514e-05
  -2.0644299e-04  -3.8837780e-04   1.8414273e-02  -7.7829479e-04   1.7332418e-04   4.0884969e-05
  -3.4920207e-03  -6.1677235e-03   1.2703104e-02  -7.9202898e-04   1.7795754e-04   3.3121453e-05
   1.9232989e-03  -2.4063256e-03   1.4258247e-02  -6.7784465e-04   1.3669712e-04   9.6270717e-05
   3.1579950e-03   1.7232626e-03   8.8385998e-03  -7.8044957e-04   2.2124938e-04   1.9334115e-06
   2.4817417e-03   3.0275662e-03   9.6893268e-03  -7.6929534e-04   2.2361205e-04   8.7741500e-05
  -2.8902597e-03   5.5776050e-03   1.3005332e-02  -6.9025586e-04   2.7363264e-04  -5.6532037e-05
  -5.0231399e-03   4.0946521e-03   6.8367833e-03  -6.7304208e-04   2.5611919e-04  -5.5327531e-05
  -6.8175104e-04   7.8071093e-03   6.4665021e-03  -5.5355681e-04   2.8168962e-04  -4.0922866e-05
  -2.6422664e-04   1.2135110e-02   5.9344279e-03  -6.9199185e-04   1.3899289e-04  -2.1850616e-05
  -1.3217931e-03   1.3080003e-02   6.5634388e-03  -8.3822556e-04   1.1855290e-04   4.6721201e-05
  -2.2554495e-03   1.0792480e-02   6.7249450e-03  -5.2325618e-04   2.4856570e-04  -1.6163508e-04
  -2.1550178e-03   3.5446410e-03   2.6819835e-03  -5.4810338e-04   1.9292915e-04   5.1108360e-06
