   0.0000000e+00   0.0000000e+00   0.0000000e+00   0.0000000e+00   0.0000000e+00   0.0000000e+00
   5.8208034e-03  -1.1192152e-02  -2.8070918e-02  -4.5543087e-04  -2.3197100e-04  -9.2886137e-05
   9.4869165e-03  -4.5163478e-02   1.1011972e-02   1.0518556e-03  -3.4527214e-04  -2.2223361e-04
   6.4522836e-03  -3.3335166e-02  -6.3434993e-03   2.7312550e-04  -2.6863031e-04  -2.8807864e-04
   7.1579922e-03  -1.3986310e-02   7.0477661e-03   1.5296951e-04  -2.1778677e-04  -1.4819280e-04
   6.3720639e-03  -8.7069655e-03   1.2758800e-02   4.1619024e-04  -3.3550925e-04  -2.8649068e-04
   3.6268285e-03  -1.0256488e-02  -6.0286819e-04   3.1148882e-04  -3.4068972e-04  -2.3951277e-04
   8.3662440e-03  -1.3118393e-02  -8.5425034e-03   1.5349700e-04  -3.7485039e-04  -3.4146670e-04
   1.0898178e-02  -1.6010588e-02  -3.6769077e-03   3.6305387e-04  -5.0329596e-04  -2.8407668e-04
   1.2820065e-02  -6.7142296e-03   2.5331971e-03   3.6701474e-05  -5.7004356e-04  -2.3005355e-06
   6.5675448e-03  -9.2552849e-03  -2.1275556e-03   2.2930952e-04  -4.0738841e-04  -1.6458771e-04
   4.7944032e-03  -1.9174322e-03  -7.5987451e-03   3.1010660e-04  -4.1106056e-04  -2.1551196e-04
   1.4688420e-03  -4.0406186e-04  -5.0283686e-03   3.9940596e-04  -3.0881686e-04  -1.2401854e-04
   4.2855323e-03  -7.0553293e-03  -1.0705710e-02   2.3524284e-04  -5.8290887e-04  -4.8136985e-04
   9.8151132e-04  -3.2093555e-02  -5.6996472e-03   4.1852988e-04  -3.1096060e-04  -2.9415805e-04
  -8.3043038e-04  -2.3814327e-02  -1.5829612e-03   3.7428464e-04  -2.3703786e-04  -3.0717542e-04
   2.3277107e-03  -1.7212548e-02  -8.5669985e-03   3.5718922e-04  -1.8531119e-04  -2.0803680e-04
   1.6944850e-03  -3.3219942e-03   6.4332954e-03   4.0547225e-04   8.0119798e-05  -1.6446812e-04
   4.7759490e-03  -9.0384142e-03  -2.8284620e-03   2.5871724e-04   9.2712459e-05  -2.0106527e-04
   5.7884347e-03  -3.0630190e-02  -1.1068094e-02   1.9694208e-04   7.0911290e-06  -1.6728671e-04
   5.5726777e-03  -2.9617134e-02  -1.2953158e-02   3.8922414e-04  -1.5024428e-04  -2.2887332e-04
   6.3362846e-04  -2.0541095e-02  -2.1745180e-02   3.6782032e-04   4.9389064e-05  -3.0569866e-04
   6.0984426e-03  -2.2430258e-02  -1.7993333e-02   3.0812277e-04  -1.1740746e-04  -2.3910432e-04
   6.4853575e-03  -2.9572447e-02  -1.6882461e-02   3.7208314e-04  -2.2853142e-04  -2.5692851e-04
   2.6312797e-03  -2.0561013e-02  -1.9252393e-02   4.1432300e-05  -1.3364755e-04  -2.2821182e-04
   2.4906683e-03  -2.3557157e-02  -1.8209731e-02   2.8413109e-04  -1.9912840e-04  -2.0195253e-04
   2.2184205e-03  -2.4183343e-02  -2.4077924e-02  -2.4188694e-05  -2.5032230e-04  -1.0881522e-04
   9.5263538e-03  -2.7926248e-02  -3.1558826e-02   2.0374414e-05  -3.8391826e-04  -2.3631046e-04
   7.2727025e-03  -3.5541617e-02  -3.4117683e-02   1.7156648e-04  -2.4434476e-04  -2.5347090e-04
   1.1000105e-02  -1.5448627e-02  -3.7670916e-02  -9.6549207e-05  -1.8484518e-04  -9.8663510e-05
   8.7901819e-03  -2.4711782e-02  -3.1424532e-02   1.8550430e-04  -4.2069965e-04  -2.0593848e-04
  -2.1580769e-04  -3.2143500e-02  -1.1327794e-02  -8.3372388e-05  -4.9546543e-05  -1.2706280e-04
  -1.3297956e-03  -3.5676356e-02  -1.4557448e-02   1.2683118e-04   1.0278737e-04  -1.8661243e-04
  -4.8948005e-04  -3.9501007e-02  -4.9128586e-03   4.4782763e-04   1.2951311e-04  -2.9642009e-04
  -3.2666547e-04  -1.2484666e-02  -4.9826398e-03   3.7674482e-04   2.0429031e-04   7.3155183e-05
  -6.3904826e-03  -2.3164912e-02   9.5211197e-03  -2.5430104e-05   3.4456138e-04  -2.5459108e-05
  -4.1144474e-03  -3.0951947e-02   7.9785824e-03  -8.4734734e-05  -7.6969568e-06  -9.7084409e-05
  -3.1235229e-03  -2.5144989e-02   7.0899015e-04  -2.8938384e-04   8.0385405e-05  -1.3877346e-04
   1.9816654e-03  -2.1035135e-02   8.1172065e-03   2.2995159e-04  -2.7495455e-05  -9.6781833e-05
  -4.3915254e-03  -2.0700064e-02   8.1136960e-04   3.3188655e-04   1.6519349e-05  -1.6358340e-04
  -3.2971723e-03  -2.3762029e-02   6.0297694e-03   2.2550967e-04  -6.9040641e-05  -1.3708432e-04
  -1.3701754e-02  -2.5801527e-02  -1.0797351e-02   6.7842136e-04   1.8794055e-04  -3.3306654e-04
  -8.1294270e-03  -2.8333498e-02  -8.4120719e-03   2.0293072e-04   9.3205975e-05  -2.0403078e-04
   1.2329338e-03  -2.5022180e-02  -4.7700505e-03   3.0102355e-04   2.4162480e-04  -2.4731538e-04
   3.6397321e-03  -3.3893369e-02  -1.3144677e-02   2.3750282e-04   2.5646653e-04  -2.9998188e-04
   4.6622752e-03  -3.8305867e-02  -1.2463332e-02  -4.9412625e-05   2.9659151e-04  -8.7306043e-05
   5.3170821e-03  -4.1480683e-02  -1.3665693e-02   2.7992280e-04   1.7487626e-04  -3.0526669e-04
   3.5975446e-03  -3.9213216e-02  -1.1232842e-02   1.7408306e-04   1.8163276e-04  -1.1834874e-04
   4.1985540e-03  -4.2585457e-02  -6.3898415e-03   2.0131117e-04   2.9413506e-04  -1.1337826e-05
   5.0671552e-03  -3.2419107e-02  -6.6563623e-04   2.1452545e-04   3.0634139e-04  -1.8557574e-04
  -4.4881238e-05  -2.3441826e-02  -1.2906439e-02   3.2589144e-04   3.5535248e-04  -1.6800376e-04
   3.1660964e-03  -3.8304369e-02  -3.4167254e-02   1.4927089e-04   6.7658993e-05  -2.3298753e-04
   2.5016882e-03  -4.1752155e-02  -2.1832773e-02   8.5621215e-05   6.9223320e-05  -2.3016200e-04
   4.9463091e-05  -3.6644495e-02  -1.4686539e-03   2.4988791e-04   3.0938559e-04  -2.3782163e-04
   2.4948322e-04  -3.5348357e-02  -1.7721603e-02   1.3309874e-04   1.9275774e-04  -3.8578015e-04
   9.8626462e-04  -3.7754743e-02  -2.9092480e-02  -6.8485831e-05   1.3073286e-04  -2.8879229e-04
  -6.0983205e-03  -1.7628029e-02  -2.5180531e-02   2.4385698e-04   4.1347106e-04  -1.4203878e-04
   1.0206940e-03  -1.8706366e-02  -2.9905066e-03   2.4449758e-04  -2.3706772e-05  -5.5248076e-04
   3.3660606e-03  -6.2985015e-02  -3.0969950e-02   3.7880517e-05   1.1278883e-04  -3.1205592e-04
   1.2263858e-03  -3.7529094e-02  -7.4780791e-05   2.1150217e-04   2.4983300e-04  -2.3350603e-04
  -9.6133871e-03   2.0952276e-02   1.8503154e-02   5.8403759e-04   8.4719001e-04  -7.8269649e-05
  -9.8505585e-04  -3.7367402e-02   4.5669267e-03  -1.7981886e-04   1.6247326e-04  -6.8862875e-04
  -7.9375574e-03  -3.0574467e-02   2.1340460e-02   3.7572213e-04   2.1134766e-04  -5.2692130e-04
  -7.3769147e-03  -2.9588152e-02   1.1783486e-02   2.2769648e-04   1.3371425e-04  -2.6741919e-04
  -5.8609472e-03  -2.2037773e-02  -6.7864891e-03   5.3218499e-04   3.8750505e-04  -4.1567467e-04
  -3.6339021e-03  -2.1388575e-02  -1.6409386e-02   1.9811100e-04   2.7502869e-04  -3.8726157e-04
  -9.6805241e-04  -2.5786329e-02  -9.9776713e-03   1.3677422e-04   1.0908798e-04  -3.0574228e-04
   3.6941278e-03  -2.5346481e-02  -4.5969953e-03   1.9505618e-04   5.6136438e-05  -2.0440485e-04
  -4.2631518e-03  -2.2491474e-02  -2.1382391e-02   4.2474552e-05   2.2161265e-04  -2.3161960e-04
   3.0400775e-03  -2.3546668e-02  -2.3309553e-02   3.7205608e-06   6.4657755e-06  -5.0637009e-05
  -1.9609336e-03  -1.6398753e-02  -2.1579808e-02   3.5286592e-04   6.6060246e-05  -4.9584775e-04
  -1.1404477e-03  -2.7883335e-02  -1.6870471e-02   2.0374500e-04   9.4403656e-05  -4.2477797e-04
  -6.2053242e-03  -1.5207005e-04  -4.6535526e-03  -2.7033869e-04   5.2554548e-04  -4.5422345e-04
  -6.2044891e-03  -8.4371440e-03  -1.8781123e-03   8.4019127e-04  -1.0953820e-04  -2.3602850e-04
  -1.2202212e-03  -3.5142110e-02  -2.2027217e-02   2.8233659e-05  -1.6841974e-04  -4.8458237e-04
  -7.8988177e-03  -4.2073535e-02  -2.3443579e-03   4.5946614e-04   1.1401383e-04  -5.8601744e-04
  -2.3260859e-03   5.3207527e-03   1.7499572e-02   3.5654880e-04  -8.0279555e-05  -3.7235741e-04
  -4.9904721e-03   7.9976355e-03   1.8112889e-02   5.0040422e-04   3.6162971e-04  -4.0198033e-04
   8.6389555e-03  -2.0647053e-02  -2.9388854e-02  -8.0349049e-05  -2.2509288e-04  -3.0046720e-04
   4.7514756e-03  -6.2980411e-02  -1.3587291e-02   2.0579368e-04  -1.1979540e-04  -2.9117775e-04
   6.8181152e-03  -6.1054732e-02   1.1188702e-03   3.5021626e-04   2.9418784e-05  -2.8679584e-04
   4.7914101e-03  -3.7651775e-02  -1.1473862e-02   6.4915242e-04   2.6552658e-04  -2.0502359e-04
   1.2348801e-02  -3.8748363e-02  -7.5209996e-03   9.1116202e-06  -4.4278126e-06  -2.5909800e-04
   1.5213215e-02  -4.5976939e-02  -3.3558570e-02   2.7481321e-04  -7.7870193e-05   1.3651153e-04
   7.6784266e-03  -3.6444087e-02  -6.2774348e-04   1.7767004e-04   1.2535568e-04  -1.4129622e-04
   5.9426432e-03  -4.9817848e-02   7.4994729e-03   3.8753213e-04   9.8029132e-05  -1.8045467e-04
  -1.7360431e-04  -3.8767195e-02   1.3725818e-02   1.1929010e-04   3.1856956e-04  -5.3279125e-05
   5.0558995e-03  -2.3454038e-02  -1.9646171e-02   6.8954066e-06   1.7656441e-04  -1.4714268e-04
   3.0804619e-03  -3.7991048e-02  -2.8373538e-02   1.4148975e-04   2.7112749e-04  -2.4759822e-04
   7.4442043e-03  -4.7423267e-02  -2.9490322e-02   1.8143840e-04   2.4114931e-04  -1.6224546e-04
   6.6350171e-03  -3.8671084e-02  -1.1302313e-02   2.2028663e-04  -5.4772101e-05  -3.0587146e-04
   3.2852823e-04  -4.8839330e-02  -4.4068003e-03   1.6917736e-04   2.1835715e-04  -4.0511652e-04
   1.0493449e-03  -3.9734516e-02  -3.8944157e-03   7.3838608e-06   2.2943206e-04  -2.5556836e-04
   2.0839912e-03  -4.2924607e-02   9.7994510e-04   7.9081088e-04  -3.9608500e-05  -2.5750088e-04
   2.8310670e-03  -2.7791382e-02  -1.2342059e-02   2.0173944e-04   1.1120280e-04  -3.3885588e-04
   3.0980005e-03  -3.0079190e-02  -2.3807502e-02   5.5146498e-05   6.4776460e-05  -2.3306022e-04
   5.4441372e-03  -3.6587504e-02  -5.3364240e-03   3.8461683e-04   1.2174156e-06  -2.4651520e-04
  -4.0402490e-03  -3.5051989e-02  -1.2622914e-02   2.9322519e-04   1.0887652e-04  -4.4267543e-04
  -3.6836133e-03  -3.8422385e-02  -5.6739316e-03   6.2979647e-04   2.2748036e-04  -5.9065107e-04
  -4.0188155e-03  -3.8044203e-02  -1.7171941e-02   5.0738747e-04   4.1619347e-04  -3.6414738e-04
   9.6029148e-04  -4.5489666e-02  -2.1252790e-02   3.6552269e-04   2.9482937e-04  -4.1104148e-04
  -2.4751433e-03  -4.6912845e-02  -2.6086086e-02   6.0903336e-04   2.5770329e-04  -3.6498913e-04
  -7.9289849e-03  -3.4164191e-02  -2.7683990e-02   3.7689648e-04   2.9280577e-04  -2.6495126e-04
  -5.2512899e-03  -3.6766167e-02  -2.9635376e-02   6.3295013e-04   2.1791768e-04  -4.3351517e-04
  -6.3887773e-03  -3.6721231e-02  -3.5104292e-02   3.7486099e-04   2.1371150e-04  -2.5390530e-04
  -9.8379430e-04  -3.8715851e-02  -3.6608597e-02   4.7237565e-04   9.8644317e-05  -2.4851766e-04
  -3.0040035e-03  -5.4001546e-02  -2.0195746e-02   1.2617460e-04   1.1166053e-04   7.2849341e-05
  -7.8519192e-03  -2.0087780e-02  -2.4125906e-02   1.3809401e-05   1.7691344e-04  -2.7328776e-04
  -7.2174171e-03  -3.3570330e-02  -1.1846020e-02  -1.8708495e-04   3.6198532e-04   8.5415973e-05
   2.4609494e-03  -3.4817707e-02  -2.2441769e-02   1.0513771e-04   2.5179873e-04  -2.3074939e-04
  -7.1732579e-04  -2.2256129e-02  -1.7230246e-02   5.8494627e-04   2.5953329e-04  -3.1982390e-04
   5.6564255e-03  -1.5291090e-02   1.3798533e-02  -1.1304425e-04   4.2128109e-04  -6.6249753e-04
   4.9958547e-03  -8.1202556e-03  -2.7651377e-02  -3.5321972e-05  -2.0306007e-04  -3.1810905e-04
  -1.0087807e-02  -4.0289511e-02   7.6166550e-03   5.0886004e-04   1.7276513e-04  -3.3794642e-04
  -7.0065604e-03  -4.4427336e-02   9.1670720e-03   5.2606884e-05   5.0491167e-04  -4.2736417e-04
   6.0593164e-04  -4.2921060e-02   1.8753364e-02   4.3500815e-04   2.4260838e-04  -2.6794574e-04
  -3.5187840e-03  -2.8453622e-02   1.4995278e-02   8.8824759e-05   3.6314147e-04  -3.7741889e-04
  -3.1180879e-04  -3.7438107e-02   2.0842239e-02  -2.0710046e-05   3.9067225e-04  -3.6005408e-04
   3.4520993e-03  -3.0554671e-02   4.9325572e-03  -7.8795749e-05   4.9212325e-04  -3.0211029e-04
   6.2685642e-03  -3.6683541e-02  -2.9437536e-03  -2.6641516e-04   3.5509589e-04  -3.9474221e-04
  -8.8529734e-04  -3.6472143e-02  -1.1124718e-02  -8.1632031e-05   1.9398605e-04  -3.6245781e-04
  -4.8853921e-04  -3.0552175e-02  -1.6815923e-02  -3.7631412e-04   9.6498349e-05  -2.7915038e-04
  -2.0223615e-03  -3.4707990e-02  -2.0617929e-02  -1.2211351e-04   5.3786892e-05  -1.7013546e-04
  -6.2339995e-03  -3.0110927e-02  -2.0315586e-02  -8.7963207e-05   5.6838802e-05  -2.4155218e-04
  -3.0314365e-03  -4.6035224e-02  -3.8954269e-02   4.1646840e-04  -2.3420614e-05  -2.7386072e-04
   7.8447393e-03  -4.7233072e-02  -1.6485731e-02   2.8064032e-04   1.3571471e-04  -5.6608874e-04
   1.7398860e-02  -3.1116699e-02  -3.0885197e-02   3.1922218e-05  -3.9407230e-04  -2.5669034e-04
   8.4399461e-03  -5.3448781e-02  -1.8541354e-02  -2.0903149e-04   1.9133732e-04  -6.0729567e-04
   3.8719621e-03  -5.6605775e-02  -1.4395748e-02   2.6040154e-04   2.0759807e-04  -6.9064033e-04
   9.7255636e-03  -3.6143414e-02  -1.8326239e-02   1.3841476e-03  -3.8456296e-04   8.7077316e-05
  -7.5148877e-04  -4.2285099e-03  -1.5941397e-02   9.9724305e-05   1.2152146e-04  -4.7356325e-04
  -1.3154554e-03  -1.7053079e-02  -1.7777122e-02   5.3698450e-04   1.9054928e-04  -5.0889473e-04
  -1.6390163e-04  -1.7524519e-02  -1.8901710e-02   4.8235944e-04   1.7976956e-04  -3.3399770e-04
   8.0706174e-03  -6.4592794e-03  -8.5460316e-03   4.6720541e-04   2.8969070e-04  -6.4686777e-04
   8.2665702e-03  -2.7591046e-02  -7.8146273e-03   2.1301333e-04   5.7863625e-05  -3.8222697e-04
   8.0573292e-03  -3.2375515e-02  -1.4641404e-02   1.1841282e-04   8.8928974e-05  -2.9581417e-04
   1.9151259e-03  -2.9421708e-02   3.3905869e-03   4.3560915e-04   4.9648895e-04  -2.8053678e-04
   4.8415621e-04  -2.5728049e-02  -1.6955521e-02   2.4576575e-04   4.5547375e-04  -2.3665407e-04
   7.8634619e-03  -5.3664281e-02  -1.6964851e-02   3.1157139e-04   3.3559166e-04  -1.6911308e-04
   6.7739800e-03  -5.1977171e-02  -1.4650444e-02   2.6241773e-04   3.5392656e-04  -2.1815221e-04
   6.9632989e-03  -5.2035449e-02  -2.0725186e-03   1.5105071e-04   2.4943852e-04  -7.4587944e-05
   3.4912940e-03  -2.1940748e-02  -1.4480145e-02   1.4548980e-04   4.0003146e-04  -2.3203542e-04
   1.2914242e-03  -3.5530469e-02  -7.6712899e-03   3.0671977e-04   2.5739077e-04  -5.4891306e-04
   1.0003056e-03  -1.6895186e-02  -2.0978591e-02  -5.3758444e-04   4.7723601e-04  -2.0714516e-04
   3.4984284e-03  -3.6350558e-02  -1.8812871e-02   4.9752045e-04   5.8342037e-04  -5.5973412e-04
   1.1400789e-02  -4.7834473e-02   5.5177439e-03   3.1134923e-05  -8.2766901e-05  -4.9028068e-04
  -4.4805258e-03  -3.7275542e-02   5.3490873e-03   1.4523796e-04   1.3748080e-04  -3.2727185e-04
  -3.0174098e-03  -2.1648790e-02   1.3211833e-03   9.9216223e-06  -7.8578094e-06  -3.3629207e-04
   1.4058845e-03  -3.1804454e-02  -8.1980217e-03   1.3436597e-04  -2.3910232e-04  -2.1929679e-04
  -6.2408860e-04  -3.4291949e-02  -2.3205371e-03   1.0749945e-04   1.2480131e-05  -4.1907846e-04
   7.3907952e-03  -3.8209805e-02  -1.9553825e-02  -4.5442877e-04  -3.7720487e-04  -2.8187410e-04
   2.2399930e-03  -2.8270180e-02  -1.5762185e-02   3.1215224e-04   1.9966744e-04  -3.0718102e-04
   7.4917612e-03  -3.6915999e-02  -2.5402590e-02   6.0266725e-04  -4.8545564e-05  -2.8680256e-04
   1.1742577e-02  -5.2290359e-03  -4.6593817e-03   2.8182648e-04   2.5875390e-04  -1.2738519e-04
   6.7029445e-03  -7.8161570e-03  -2.7055004e-02  -3.9476872e-04  -1.5481376e-04  -2.5522996e-04
   9.3206996e-03  -3.5135394e-02  -4.1366165e-02   9.3689496e-04  -3.9383612e-04  -5.1893528e-04
  -3.8821095e-04  -1.1439454e-02  -2.8937935e-02   1.2926801e-04   4.5187034e-04  -2.7676525e-04
   3.3936809e-03  -3.8679136e-02  -7.5174611e-03   6.8044204e-04   3.7518820e-05  -5.0956346e-04
  -2.9262446e-03  -5.1667962e-02  -4.3484875e-03   3.7172261e-04  -8.1824117e-05  -5.3619645e-04
  -3.6243821e-03  -4.5731010e-02   8.7970083e-03   3.1670925e-04   1.1157636e-04  -3.1637092e-04
  -4.4509479e-03  -2.8748305e-02  -2.1384595e-03   2.1383864e-04   1.8789291e-04  -3.0582351e-04
  -3.1033829e-03  -2.4724249e-02  -8.2720249e-04   2.3656673e-04   1.5537212e-04  -3.0662608e-04
   8.2286163e-05  -3.8335546e-03  -1.9611252e-02   4.9845377e-04   3.7202731e-04  -3.2989717e-04
   2.9659311e-03  -3.7383024e-02  -4.3584757e-02   3.6369017e-04   8.7666062e-05  -8.2990044e-04
   7.1319480e-03  -3.5308135e-02  -6.4877130e-02  -1.0152250e-03  -5.7397631e-04  -3.9917426e-04
   9.5512182e-04  -4.9703684e-02  -1.6939146e-02  -4.8460554e-05  -3.6787947e-05  -4.8359371e-04
   7.5827819e-03  -1.0484026e-01   1.0568180e-02   1.2227943e-03   1.5158712e-04  -4.8753370e-04
   4.0840906e-03  -7.7354929e-02   2.0154529e-02   1.8506848e-04   2.4542756e-04  -4.1124569e-04
   8.9243368e-03  -5.4341550e-02   1.2647665e-02  -6.9117867e-05   2.8917739e-04  -6.0173219e-04
   4.8094082e-03  -5.1361449e-02   6.2109642e-03   1.3751321e-04   5.2782260e-04  -7.2668210e-04
   8.5768668e-03  -5.1451737e-02   8.5641161e-03   1.7209108e-04   3.9890915e-04  -5.2604762e-04
   1.5351808e-02  -3.9770662e-02  -1.0275983e-02   1.5503499e-06   1.8388318e-04  -6.1373299e-04
   1.8607372e-02  -7.6519298e-02  -2.1869894e-02   4.2606901e-04   3.3670353e-04  -4.2979855e-04
   4.8381082e-03  -6.3548546e-02  -1.7989329e-02   2.0062508e-04   5.5415178e-04  -6.4031523e-04
   2.2347050e-03  -6.4728813e-02  -2.1847192e-02   3.7700388e-05   3.1537654e-04  -5.9393067e-04
   1.0567043e-03  -6.2247817e-02  -8.2748635e-03   1.4015811e-04   5.7980670e-04  -6.4674733e-04
   2.1908413e-03  -5.5122854e-02  -1.7553690e-02  -1.8294932e-04   4.9911496e-04  -5.3289386e-04
   3.4970258e-03  -7.0938465e-02  -1.6122348e-02  -1.6680913e-04   3.6591764e-04  -5.3973075e-04
   6.0357213e-03  -7.5145577e-02  -1.0594474e-02   2.2997676e-05   3.1614592e-04  -4.7224040e-04
   8.2501963e-04  -5.3473630e-02  -1.3403261e-02  -2.6774372e-05   3.7016239e-04  -4.6941324e-04
   5.7877075e-04  -6.2323431e-02  -2.5467534e-02   2.3018383e-05   2.7198592e-04  -4.8127884e-04
   6.9876018e-03  -6.2576885e-02  -3.7474690e-02  -5.0971444e-04   5.8337454e-04  -5.8586051e-04
   8.7620576e-03  -7.3073110e-02  -4.1791273e-02   3.1246571e-04   3.9185451e-04  -4.6879319e-04
   6.1771002e-03  -6.1814968e-02  -2.6807993e-02  -4.1125067e-04   3.8158475e-04  -4.5586332e-04
   6.3098081e-03  -4.1252556e-02  -3.1980652e-02  -5.8357356e-04   3.3542270e-05  -3.7476088e-04
   5.6018813e-03  -6.1922583e-02  -1.2283739e-02  -9.4482391e-05   3.6409062e-04  -3.7035029e-04
   9.7912893e-03  -6.3745302e-02  -1.2515367e-02  -1.1222615e-04   3.5017214e-04  -4.3655206e-04
   8.0261539e-03  -5.6231125e-02  -1.7009610e-02  -1.8834757e-04   4.2402715e-04  -3.4323229e-04
   8.3385581e-03  -5.5374790e-02  -3.1097348e-02  -3.4184386e-04   3.4138172e-04  -4.5523881e-04
   9.7616564e-03  -6.2514782e-02  -3.0156315e-02  -8.1164163e-05   3.2364130e-04  -4.5579356e-04
   6.9239327e-03  -4.5687492e-02  -2.6118411e-02  -3.1111110e-04   6.2124031e-04  -4.2507460e-04
   1.1748564e-02  -6.4201310e-02  -2.8312126e-02  -2.2214477e-04   2.9127002e-04  -3.5714317e-04
   8.8901907e-03  -6.9457337e-02  -1.9701932e-02  -5.6341119e-05   3.2329100e-04  -5.4021963e-04
   5.0102548e-03  -6.5851153e-02  -1.3892710e-02  -1.2605474e-04   4.9915100e-04  -3.1586647e-04
   6.0624747e-03  -5.2399934e-02  -2.7162193e-02  -2.2229990e-04   4.4154778e-04  -4.8855710e-04
   1.2303971e-02  -5.7312299e-02  -1.9436055e-02  -2.1704422e-05   4.8068358e-04  -5.2287195e-04
   1.7520009e-02  -5.6703987e-02  -2.3813781e-02  -1.9559759e-04   5.6758421e-04  -5.9586895e-04
   1.0219625e-02  -5.9409445e-02  -3.6160956e-02  -1.4826151e-04   4.4189015e-04  -5.2036591e-04
  -4.1173148e-03  -1.8760997e-02   6.8337940e-03  -1.5415551e-04   4.8685054e-04   9.8501422e-05
  -2.1989720e-03  -4.8534377e-02  -3.5360797e-02   6.6198029e-04   2.1784226e-04  -3.2824478e-04
