   0.0000000e+00   0.0000000e+00   0.0000000e+00   0.0000000e+00   0.0000000e+00   0.0000000e+00
   4.6645323e-03  -3.8019946e-03  -5.6377144e-03   9.5833511e-05  -4.4046987e-05  -2.7779228e-05
   2.4601649e-03  -9.3995391e-03  -1.4426464e-02   1.6394192e-05   9.5653212e-05   1.3470756e-04
   3.4051891e-03  -2.0503566e-02  -1.0916193e-02   2.1899725e-04   1.3130312e-04   1.0352674e-04
   2.1551879e-03  -2.7689717e-02  -7.4405569e-03   2.5126758e-04   1.6662905e-04   3.7235642e-05
   7.7167951e-03  -3.4732071e-02  -7.8294430e-03  -1.1222725e-05   1.2283099e-05   1.5608105e-05
   6.4116942e-03  -3.0819989e-02  -1.1866537e-03   2.3258216e-05   1.8095469e-07   3.4267011e-07
   8.2244265e-03  -2.2120752e-02  -1.1348272e-02  -1.9520411e-05   3.1507368e-05   4.5978574e-05
   3.5229736e-03  -1.6854586e-02  -1.1386332e-02   2.5481857e-04   1.4697378e-04   2.1857395e-05
   7.1286668e-03  -2.0986298e-02  -1.2839228e-02   2.9440020e-04   1.4353226e-04   1.2892874e-05
   3.3109871e-03  -2.9766421e-02  -5.8931059e-03   7.1444862e-05   2.1150102e-04   3.8279476e-05
   7.3695906e-03  -2.8057472e-02   4.3133431e-03  -8.9882302e-05   1.6551171e-04  -8.1791832e-05
   4.2099094e-03  -2.4472012e-02   2.5491358e-04   1.1671174e-04   2.1645082e-04   1.2868623e-05
   7.5190279e-03  -1.3922695e-02  -5.2843634e-03   7.2544198e-05   1.8779839e-04  -1.1094542e-05
   5.9761106e-03  -1.9646555e-02  -1.3787350e-03  -4.8933507e-05   1.2260675e-04   7.2943901e-05
   6.2955358e-03  -3.4442618e-02   8.7930698e-03   2.0662803e-04   1.3108852e-04   6.0982279e-06
   7.4967289e-03  -1.8497132e-02  -3.8342570e-03  -1.4386984e-05   1.0436579e-04   2.7404907e-05
   7.0880440e-03  -1.9802360e-02  -1.3353484e-02  -7.9047168e-06   1.2231664e-04   4.8904553e-05
   1.0681229e-02  -2.1108720e-02  -1.5035045e-02   5.6500592e-06   5.8572353e-05   7.2769474e-05
   1.2301209e-02  -3.3233619e-02   8.0289114e-03   5.7313976e-05   3.8078465e-05   2.1438889e-05
   6.6381299e-03  -2.3794970e-02  -4.1624819e-03   3.1265228e-06   1.4185404e-04   5.3009711e-05
   1.0739076e-02  -1.3345664e-02  -1.9395048e-02  -1.6938731e-04   4.3377515e-05   6.7562919e-06
   1.1655601e-02  -1.9012281e-02  -2.1754613e-02   7.7364566e-05   1.2765408e-05   2.7140350e-05
   5.3014066e-03  -2.9428653e-02   1.1351367e-02   2.6365182e-04   1.8503938e-04   5.7782455e-05
   9.5947577e-03  -2.0647011e-02   9.8112694e-04  -1.1961747e-04   1.0571577e-04  -4.3313888e-05
   8.6909917e-03  -1.4697960e-02  -6.5108584e-03  -1.2017844e-04   7.0915991e-05  -5.3966999e-05
   5.9661289e-03  -2.5270574e-02  -9.6731662e-03   1.7123229e-05   2.0330796e-05   8.2649662e-05
   9.1582340e-03  -1.6726456e-02  -2.3116890e-03  -6.0754170e-05   5.6113655e-05  -2.7531532e-05
   8.9943393e-03  -9.9748280e-03  -9.7546376e-03  -1.6726070e-05   1.4950200e-04   1.0692677e-05
   1.1484484e-02  -1.2947823e-02  -8.8588326e-03  -2.3018057e-04   9.7700109e-05   1.0472078e-04
   1.1690153e-02  -1.0753700e-02  -5.8350969e-03  -1.3315880e-04   1.2922719e-04   7.5242250e-05
   9.5617050e-03  -1.8995059e-02  -1.8262488e-03   8.0325729e-05   1.1681376e-04   1.0358530e-04
   1.0970485e-02  -1.8914153e-02  -8.0990914e-03  -5.0517760e-05   3.6554143e-05   1.3217062e-04
   1.1710475e-02  -2.2233643e-02  -7.4823549e-03  -6.2625774e-05   4.2472655e-05   7.4446065e-05
   1.1346514e-02  -1.8258315e-02  -3.0359405e-03   1.5789025e-04   1.3515746e-04   1.3018896e-04
   7.8224281e-03   3.2142070e-03  -6.8902533e-03  -2.1783114e-04   1.6593290e-04   2.7178322e-05
   2.2916367e-03  -8.0402983e-03  -9.9003184e-03  -1.3341484e-04   2.2155605e-04   8.2904739e-07
   5.2493137e-03  -1.5916609e-02   2.4925110e-04  -4.0156690e-05   1.3192261e-04  -9.8621978e-06
   1.2125219e-02  -6.1223554e-03  -1.0592546e-02  -5.6130516e-05   2.1443376e-05   3.6575338e-05
   1.1788158e-02  -1.8318126e-02  -9.8738147e-03   5.2481254e-05  -2.4430088e-06   3.6644801e-05
   6.4990469e-03  -1.9487229e-02   6.7943722e-04   1.4606629e-04   1.0168540e-04   5.7072054e-05
   1.8670847e-03  -1.9325155e-02   1.4103008e-02   3.1049955e-04   1.4737441e-04  -4.5409679e-05
   6.3689119e-03  -7.6802816e-03   2.7399401e-03  -9.1903100e-05  -5.3768388e-06  -2.1099198e-05
   9.5839112e-03   2.0436909e-03  -1.0307974e-02  -1.4388512e-04  -1.3744790e-05   8.2403514e-05
   6.0351043e-03  -8.3071251e-03  -9.4002659e-03   2.8395925e-04   8.5563549e-07   1.5114112e-04
  -3.3785388e-03  -8.0879230e-03  -4.3643886e-03   3.0084363e-04   4.9004717e-05   1.1129039e-04
  -3.7582065e-03  -1.5421682e-03   1.7013665e-03   4.8558699e-04   9.3528539e-05   3.8711360e-05
  -3.5953235e-03  -1.2650516e-02   4.1703854e-03   3.4029798e-04   3.0959424e-05   1.4752095e-04
  -1.1800690e-04  -2.8719312e-02   3.8006122e-03   4.6287378e-04   6.3412826e-05  -1.4642861e-05
  -1.5521768e-03  -3.7191823e-02   2.5537702e-02   2.9199478e-04   1.6989870e-04   1.0199486e-04
  -1.1810504e-04  -4.1404918e-02   1.9282301e-02   1.4909383e-04   2.1134845e-04  -2.3697322e-05
   5.1563946e-03  -2.2951399e-02   2.6963317e-02   3.0028565e-04   1.6456925e-04  -9.3265235e-05
   5.2995371e-03  -1.2254470e-02   1.6040430e-02  -3.3145751e-04   1.9140022e-04  -7.2064978e-05
   2.7817527e-03  -1.6856299e-02   1.7153837e-02  -1.7202350e-04   1.7303222e-04   3.7608543e-05
   4.3089407e-03  -1.6334498e-02   1.6795730e-02  -7.4707759e-05   2.0343146e-04  -1.1904014e-05
   6.5429425e-03  -1.5951876e-02   1.5962166e-02  -1.6827954e-04   1.5848596e-04  -8.8055316e-05
   3.7683209e-03  -1.3220655e-02   1.6573643e-02   1.4190905e-04   1.4933529e-04  -2.6045528e-05
   4.1043575e-03  -1.1852461e-02   1.0441477e-02  -2.7618414e-04   1.5471894e-04   2.4628713e-05
   4.8595299e-03  -2.2034062e-02   1.8531166e-02  -2.0108057e-04   2.1758746e-04   1.9765041e-05
   8.2632877e-03  -1.8932908e-02   1.0069149e-02  -6.1211807e-05   8.5654629e-05   4.3675202e-06
   6.7380445e-03  -2.0845202e-02   1.7853799e-02  -1.1995132e-04   1.7806591e-04  -4.2636822e-05
   9.9742225e-03  -1.2427612e-02   7.0662845e-03   1.7753945e-05   6.1759737e-05   5.7499303e-05
   2.3670570e-03  -1.3083218e-02   1.0020685e-02  -1.4230824e-04   1.9670521e-04  -6.7614766e-06
   9.0397096e-03  -2.3452723e-02   1.2619057e-02   1.0175589e-04   9.7852858e-05   9.6148036e-05
   9.2631267e-03  -1.2576032e-02   3.6698473e-03  -2.7705378e-04  -3.7396359e-05   2.2738103e-04
   2.3279878e-03  -1.0640202e-02   9.4967906e-03   1.0559617e-04   1.7156212e-04   7.4248065e-05
   8.2054703e-03  -8.7980407e-03   9.3416588e-03   2.9824676e-05   3.9746122e-05   1.5303474e-04
   3.9023577e-03  -2.3056120e-02   7.9295812e-03   2.4437108e-04   7.5679150e-05   7.2089114e-05
   3.4829058e-03  -1.6128856e-02   7.9775422e-03   4.7754607e-05   1.0798700e-04   4.7743455e-05
   2.0583220e-03  -3.6207112e-02   1.5429154e-02   1.1484885e-04   1.1074763e-04   1.3052184e-04
   3.7035986e-03  -2.1010578e-02   1.3033857e-02   3.3492463e-05   9.8159053e-05   8.3887654e-05
   5.6494013e-03  -2.3985529e-02   1.4707254e-02  -4.7849261e-06   7.9353326e-05  -7.7497769e-06
   7.2046306e-03  -3.0006853e-02   1.7613783e-02   6.9924090e-05   9.7399781e-05   4.2365433e-05
   8.0001944e-03  -2.3111420e-02   1.2483985e-02   1.4041061e-05   1.6199979e-04   1.3255880e-04
   6.2542588e-03  -1.9512613e-02   6.3444157e-03  -3.9911706e-04   2.3254639e-04   1.4927556e-04
   1.1309299e-02  -2.9761889e-02   1.4850350e-02  -1.3265175e-04   8.9531258e-05   5.1903325e-05
   1.0447624e-02  -1.2232928e-02   1.9212181e-02  -2.0826261e-04   1.9716053e-04   2.0245238e-05
   6.1635578e-03  -4.1857700e-03   2.6032794e-03  -1.1285527e-04   9.2731795e-05   9.4357726e-05
   4.2974235e-03  -1.3850901e-02   1.1790624e-02   2.3465864e-04   1.2115360e-04   1.3389221e-04
   5.7955631e-03  -2.1194310e-02   5.2054879e-03   3.1999818e-04   1.4529126e-04   1.6284417e-04
   3.1892156e-03  -1.0973040e-02   8.1274562e-03  -3.1518864e-05   1.4326814e-04   8.4018164e-05
   7.6568389e-03  -1.6145948e-02   3.4785120e-03  -8.9244175e-05   8.5124715e-05   9.8828323e-05
   8.5515312e-03  -3.3944151e-02   1.2670630e-02  -1.9069105e-05   5.4334575e-05   1.1500872e-05
   2.8905198e-03  -2.0212315e-02   1.6491532e-02  -5.2280752e-05   2.2599151e-04   5.6878533e-05
   4.9730686e-03   2.8157918e-04   9.5525313e-03  -1.9328012e-04   1.5845396e-04   4.7106226e-05
   8.0050235e-03  -8.2288641e-03   7.5011111e-03  -3.9712230e-05   1.3240325e-04   1.3839752e-04
   6.3069104e-03  -2.9927179e-02   1.6891522e-02   1.5400683e-04   2.0856105e-04   1.7078305e-04
   9.3812857e-03  -6.7381933e-03   2.4816451e-03  -9.2422643e-05   1.6249786e-04   1.0719922e-04
   9.6827541e-03  -1.1050529e-02   2.8669866e-03  -1.3072824e-04   1.1409655e-04   1.1242729e-04
   8.4821352e-03  -3.3248367e-02   1.3626494e-02  -1.2734041e-04   9.7067759e-05   5.0364126e-05
   6.7255633e-03  -2.8569123e-02   9.2469110e-03   3.7878576e-05   9.8997123e-05   1.0764833e-04
   6.2559982e-03  -2.1698569e-02  -1.8619308e-03  -4.1785833e-05   1.3150913e-04   5.7041174e-05
   1.4294125e-02  -1.6455664e-02  -3.8030833e-03  -3.3076763e-05   1.1960036e-05   1.1097698e-04
   1.3223031e-02  -2.2884254e-02   7.8902122e-03   2.1412764e-04   1.3796309e-05   9.5791106e-05
   6.5284026e-03  -2.1898781e-02   9.3056879e-03  -3.1977331e-05   1.3019575e-04   1.0532628e-04
   1.4830551e-02  -1.5084523e-02   2.1590278e-04  -2.1738711e-04  -2.5626957e-05   1.1849828e-04
   1.1825529e-02  -2.4108341e-02   6.5775806e-03   3.0707644e-04   1.2458181e-04   1.7007995e-04
   1.3398971e-02  -1.9542450e-02   1.4145666e-03  -5.9688381e-05   9.9918498e-05   1.3224718e-04
   1.3927157e-02  -1.6914135e-02  -3.4575384e-04  -1.6435412e-04   3.7357723e-05   2.0213730e-04
   1.3783995e-02  -2.3316955e-02   9.4902332e-03   9.6424392e-05   1.1754955e-04   1.1334844e-04
   6.2358414e-03  -1.9888223e-02   1.3899877e-02   2.8224095e-05   2.5887453e-04   1.6877949e-04
   1.8395016e-02  -1.0176288e-02   1.2665412e-02  -2.9744302e-04   2.3442192e-05   8.7703810e-05
   1.6836567e-02  -7.6001201e-03   3.4265535e-03   5.6869725e-05   1.2147032e-04   1.8673212e-04
   1.2580511e-02  -2.0376409e-02   3.7181854e-03   1.3123191e-05   1.5370930e-04   1.8758172e-04
   1.8884672e-02  -1.3415295e-02   1.1444045e-02   3.6263340e-05  -2.3860106e-07   1.6993659e-04
   1.3898787e-02  -2.1052547e-02   1.4717823e-03   1.5139330e-04   5.3139954e-05   1.9118337e-04
   1.3767662e-02  -8.7272774e-03  -2.1333838e-03  -4.5484490e-05   6.8502355e-05   7.4151734e-05
   9.1047113e-03  -9.7275593e-03   4.1278576e-03   1.7067960e-05   1.2358786e-04   2.0843116e-04
   1.5891669e-02  -1.1498303e-02   5.7109694e-04  -1.5046619e-04  -3.0636745e-05   1.7725899e-04
   1.4627130e-02  -1.4086911e-02  -1.7838545e-03   2.8387652e-04   1.5353801e-05   2.2689768e-04
   1.6482977e-02  -1.7802793e-02  -2.9349825e-03   3.1004830e-05   4.5555978e-05   1.3404075e-04
   1.2233942e-02  -1.6243479e-02   7.4631840e-03   1.8175245e-04   1.1678232e-04   1.6643011e-04
   1.4167071e-02  -1.7922461e-02   1.6162718e-03   3.7055860e-05  -6.4306931e-05   1.6411073e-04
   1.1941253e-02  -2.6955007e-02   8.7501047e-03   1.3967996e-04   2.6962600e-06   1.4276544e-04
   1.2043046e-02  -3.3251546e-02  -2.5729901e-04   1.1316724e-04   4.0258833e-05   1.0165583e-04
   1.3269186e-02  -1.9247071e-02  -4.2595713e-03  -8.1039666e-06   6.5568936e-05   1.2767927e-04
   1.1554851e-02  -6.1115257e-03  -1.3228234e-02  -1.3260901e-04   7.9554662e-05   2.8639215e-04
   1.7671534e-02  -1.8624315e-02   6.5888543e-03   9.7931193e-05  -3.3175223e-05   2.0439877e-04
   1.7018254e-02  -4.0047412e-02   1.1178365e-03   2.8942954e-04  -2.0980735e-05   2.0167509e-04
   1.2985083e-02  -3.1692156e-02   3.6360940e-03   3.5962918e-04   1.2152977e-04   1.3141747e-04
   1.3588565e-02  -1.8033377e-02  -2.8826673e-03  -2.6734517e-05   3.2408422e-05   1.9374621e-04
   1.6101801e-02  -1.0902070e-02  -1.1441644e-03  -1.7225032e-04   3.0279846e-05   1.3399815e-04
   1.6239456e-02  -2.9701923e-02   9.1075936e-03  -1.5851304e-05  -5.9199104e-06   1.9222134e-04
   1.3278565e-02  -3.1880952e-02   6.2106738e-03   2.8554862e-04   3.8157450e-05   1.0314294e-04
   1.2782721e-02  -1.3135439e-02  -6.5489063e-03   7.2721281e-05   7.8180115e-05   1.0638049e-04
   1.4058259e-02  -2.5626652e-02   1.4950389e-02  -1.2506644e-04   3.9066292e-05   1.1710765e-04
   1.0631156e-02  -2.8421717e-02   2.6445267e-02   9.1806808e-06   8.7846030e-05   1.0973086e-04
   1.3563945e-02  -7.8616989e-03   8.7506474e-03  -3.0602531e-04  -1.1658013e-05   6.9560592e-05
   1.2489373e-02  -1.8098465e-02   7.9960116e-03  -1.8817348e-04  -1.4306809e-05   1.0473099e-04
   9.0346966e-03  -2.3276144e-02   1.7718717e-03   1.6487579e-04   9.8372474e-05   1.3970618e-04
   1.0037574e-02  -1.1787074e-02  -6.8089708e-03   7.3566494e-06  -1.2915971e-05   1.8180782e-04
   1.4758104e-02   2.6571266e-03   3.7279991e-03  -1.8409608e-04  -8.2494705e-05   7.9915372e-05
   1.1604699e-02  -1.5881068e-02  -7.5375034e-05   2.6543857e-04   2.3456977e-05   1.6122661e-04
   8.1811992e-03  -2.1161812e-02   5.6777585e-03  -1.0704286e-04   9.1692074e-05   1.4902888e-04
   1.0786261e-02  -1.0206093e-02   1.4713075e-02   3.3842729e-05   1.0030383e-04   1.1576223e-04
   1.1780258e-02  -1.3213878e-02  -3.0434592e-03  -3.6880995e-05   5.0837134e-05   8.7615305e-05
   1.4233501e-02  -3.1028204e-02   1.0153652e-02   3.4419960e-05   7.4860165e-05   1.1070121e-04
   9.0362658e-03  -3.6274630e-02   2.3164175e-02  -6.1776012e-05   1.0524669e-04   1.1758574e-04
   1.1166304e-02  -6.9106050e-03   2.8333729e-03  -1.6601326e-04   6.7621576e-05   2.4383131e-05
   1.7554514e-02  -7.5177109e-03   4.9746045e-03   2.2110558e-05  -9.2657228e-07   1.4169956e-04
   8.0045342e-03  -1.7435385e-02   6.4627005e-03   9.9227939e-05   1.2882620e-04   1.1105865e-04
   2.9324940e-03  -1.4325967e-02   1.0935950e-02   1.5458720e-04   2.1292302e-04   1.0724734e-04
   6.8641250e-03  -5.7808115e-03  -6.7814197e-03  -1.3535125e-04   9.7636231e-05   1.6615636e-04
   1.3779922e-02  -1.4529252e-02  -1.5021612e-02   7.7593612e-05  -8.0448303e-05   1.5674028e-04
   9.3410556e-03  -2.1363815e-02  -8.3493625e-03   2.9945761e-04  -7.2653695e-05   1.6888352e-04
   1.3248486e-02  -2.1535298e-02  -8.3762693e-03   2.5792994e-04  -5.9814789e-05   1.7407825e-04
   4.2539722e-03  -3.4466661e-02   6.2685425e-03   3.5573525e-04   8.6463308e-05   2.4557482e-04
   1.0824654e-02  -9.5117361e-03   4.5682906e-03  -1.5003686e-04   4.7716864e-05   5.5480877e-05
   1.1638490e-02  -5.9904103e-03  -1.4368271e-03  -1.9831498e-04  -5.5433857e-06   3.4061265e-05
   1.2796803e-02  -2.6106280e-02  -1.0192690e-02   1.2643008e-04  -1.5058198e-05   1.6413108e-04
   5.3210518e-03  -4.0093318e-02   2.3132992e-02   3.2829414e-04   2.0978792e-04   1.7396571e-04
   1.4326572e-02  -2.6208410e-02   2.2701668e-02  -1.0517783e-04   1.0916797e-04   1.0925216e-04
   1.1156940e-02  -2.3157804e-02   1.4029558e-02   1.5456970e-05   1.4223298e-04   1.7944650e-04
   1.2171005e-02  -2.4169288e-02  -1.0482761e-03  -7.7050382e-05   1.3033930e-04   1.5028489e-04
   1.1941417e-02  -2.0398567e-02   5.7736033e-03  -2.8006546e-04   1.0814473e-04   9.7460090e-05
   4.3983059e-03  -2.8533677e-02   6.0359480e-03  -9.0003568e-05   1.9010348e-04   1.9522777e-04
   7.5508696e-03  -2.8122007e-02  -5.1523426e-03  -3.5165961e-05   6.5692343e-05   1.3518107e-04
   9.3269313e-03  -3.3267289e-02   1.1292908e-02   1.8910226e-04   1.2372396e-04   1.4078936e-04
   9.3832513e-03  -2.7623205e-02   3.3279258e-03   6.1267771e-05   1.4807946e-04   1.7983504e-04
   1.3789590e-02  -1.7639512e-02   1.4712445e-02  -2.0369548e-04   8.1291389e-05   1.1921006e-04
   6.2073728e-03  -2.4272552e-02  -5.3683335e-04  -3.5187889e-07   2.2460000e-04   1.9911451e-04
   1.5281206e-02  -1.6066410e-03   1.9731165e-04  -1.9793208e-04   1.4102026e-04   1.3844807e-04
   1.6757651e-02  -8.5442944e-03  -3.0964568e-03  -7.5837195e-05   4.8972369e-05   2.4534043e-04
   1.4415308e-02  -3.5818636e-02  -1.6919299e-03   2.8958739e-04   3.8657636e-05   3.4599451e-04
   1.7725254e-02  -3.6893604e-02   1.2302672e-02   8.1061598e-05   2.9754130e-05   1.7576141e-04
   1.7449291e-02  -2.2505337e-02   8.3953478e-03  -1.5849192e-05   1.3922026e-04   2.5986085e-04
   1.7053361e-02  -1.8747421e-02   1.7191458e-03   3.3841661e-06   9.9046180e-05   1.6911193e-04
   1.3504178e-02  -2.1505964e-02  -5.8672048e-03   2.0080994e-04   8.5283824e-05   2.8097717e-04
   1.0500351e-02  -3.0602165e-02   8.6770632e-03   4.5809382e-05   1.0932710e-04   2.9690293e-04
   8.5643935e-03  -3.0160042e-02   2.3135676e-02  -4.1461123e-06   6.4630904e-05   1.1589510e-04
   4.5354295e-03  -1.6369296e-02   4.6183612e-03   8.9098601e-05   1.1444405e-04   9.3526964e-05
   8.5791733e-03  -1.5885581e-03   2.9844077e-03  -2.5251647e-04   1.1021306e-04   1.8438204e-04
   1.3191287e-02  -2.3545998e-02   1.2781822e-02  -4.3054252e-05   6.7894898e-05   1.9024162e-04
   1.3410892e-02  -2.7725999e-02   7.3419772e-03   1.7452588e-04   6.0076650e-05   3.3279777e-04
   1.7329166e-02  -2.1636202e-02  -2.8222427e-03  -3.5259777e-05   2.8014708e-05   2.2171947e-04
   6.1284401e-03  -2.7119470e-02   1.4713486e-03   1.5224010e-04   2.0048263e-04   2.8618454e-04
   1.7715802e-02  -2.1181802e-02   4.2558280e-03  -1.9764139e-04   7.7119564e-05   1.4987000e-04
   1.4484374e-02  -2.7775242e-02   3.3743952e-03   7.8042351e-05   1.2085259e-04   2.4610251e-04
   1.2187713e-02  -2.9420173e-02   9.2622526e-04  -1.8467079e-05   7.5802576e-05   3.1643517e-04
   1.6542416e-02  -2.1498375e-02   5.7220978e-03  -9.1583179e-05   5.4785992e-05   1.8528026e-04
   1.1081055e-02  -1.9150083e-02  -6.6551491e-04  -3.1656427e-06   2.6566948e-05   1.8378607e-04
   1.2054155e-02  -3.8936834e-02   2.3121705e-02   3.0356654e-04   3.7438700e-05   1.8179671e-04
   1.3432657e-02  -3.5618326e-02   1.6538132e-02   7.5225928e-05   5.6850549e-05   1.3797424e-04
   1.1338473e-02  -1.2810977e-02   4.2322571e-03  -2.0124869e-04   5.8899713e-05   1.6849895e-04
   1.4652706e-02  -2.8808357e-02   3.5934558e-03  -7.2994940e-06  -1.4529166e-05   1.9537513e-04
   9.8636503e-03  -3.6221405e-02   7.0330201e-03   1.7047264e-04   1.5710758e-04   2.2641681e-04
   1.9356639e-02  -1.6688448e-02   4.5093700e-03  -3.2892840e-04   3.8446320e-06   2.4424711e-04
   1.2081848e-02  -2.3007206e-02   2.6296264e-03   7.4838025e-05   2.4644838e-05   3.1511934e-04
   1.2480858e-02  -3.3318586e-02  -5.4547816e-03   1.5948717e-04   1.7277934e-05   2.3033603e-04
   1.4624327e-02  -1.8398535e-02   5.9766342e-03  -1.1338710e-04   1.2146581e-04   2.0071327e-04
   1.2850301e-02  -1.2290485e-02   9.5340229e-03  -1.8286465e-05   1.3548142e-04   2.2272235e-04
   1.8062115e-02  -1.7057804e-02   3.3700964e-03   8.5489231e-06   5.8984486e-05   3.3279293e-04
   1.5797415e-02  -2.5827904e-02   2.7449087e-03   1.5299045e-04   4.2911343e-05   4.1467398e-04
   1.5072969e-02  -4.2675560e-02   1.4593236e-02   8.7793474e-05   1.0952653e-04   2.2577952e-04
   1.8532609e-02  -1.9231462e-02   1.1178740e-02   4.0109685e-05   1.0103521e-04   2.8748008e-04
   1.4914926e-02  -5.9950975e-03   6.5497813e-03  -1.8165867e-04   1.6175604e-04   3.0230726e-04
   1.3317009e-02  -2.2759705e-02   5.8234521e-03  -3.0865088e-05   1.1746670e-04   3.9501284e-04
   1.8013946e-02  -2.6101209e-02   2.1828755e-02   1.0547723e-04   8.9322904e-05   3.2024820e-04
   1.7967130e-02  -2.0931236e-02   5.7779251e-03   8.0180454e-05   1.6090334e-05   2.3454586e-04
   1.3899208e-02  -2.1827616e-02   1.6649501e-03  -2.4525372e-04   4.1193657e-05   2.4691536e-04
