   0.0000000e+00   0.0000000e+00  -1.4210855e-14   1.1102230e-16   0.0000000e+00   0.0000000e+00
   6.4985019e-03   3.4656318e-04   5.1163370e-03   1.0355771e-04   6.7252235e-05   3.8373882e-05
   7.5006146e-03   6.1571910e-03   7.0111089e-03   4.4670402e-05   1.2066155e-04  -2.6010145e-05
   6.9328614e-03   5.6956823e-03   1.1539521e-03  -6.7002748e-05   1.8005656e-04   1.1805314e-05
   5.7495425e-03   5.5342239e-03   2.3161548e-04  -4.5369624e-06   1.5948447e-04   3.0666704e-05
   6.8193186e-03   4.6976985e-03  -1.6026405e-03  -4.2676012e-05   2.6446521e-04  -6.1466405e-05
   4.7778025e-03   1.3059197e-02   3.0174290e-03  -1.5176583e-04   4.2214497e-04  -1.0761212e-04
   6.3752871e-03   1.3956444e-02  -1.2369134e-03   2.7718931e-05   3.0911781e-04  -6.6996119e-05
   5.0067518e-03   3.1613596e-03   4.5972757e-03   6.6624998e-05   1.6165162e-04  -1.2643581e-04
   4.7646362e-03  -6.9184683e-04   1.0241787e-02   7.1618937e-05   1.4932119e-04  -8.4945080e-05
   6.3150710e-03   1.2031263e-03   1.2896716e-02   6.5077274e-05  -2.9391184e-06   3.5914125e-05
   9.2221863e-03   1.5289822e-02   1.6027339e-02  -3.5293016e-05   5.5516195e-05   9.3412699e-06
   9.9340983e-03   1.8095149e-02   1.8076433e-03  -2.8650447e-04   3.5915443e-04  -1.2488188e-04
   7.9916877e-03   2.5156707e-02   2.3644067e-03   3.1436155e-04   1.5546270e-04   6.3344502e-05
   8.1671678e-03   1.3121975e-02   1.5368545e-02   1.5862428e-05   1.1942620e-04   2.9916713e-05
   1.3157333e-02   8.0736544e-03   6.7185059e-03  -1.2271324e-04   3.3142769e-04   5.4083384e-05
   1.4035114e-02   1.1042391e-03   2.9839675e-03   2.6012023e-05   2.1762583e-04   9.7691958e-05
   1.1396388e-02   1.2346516e-02   9.1653650e-03  -1.1151942e-04   3.0364567e-04   7.7413375e-05
   3.8698722e-03  -3.7514624e-03   1.0415163e-02  -1.6778994e-05  -4.6031898e-05  -3.7786412e-05
   1.5666300e-03   8.1860328e-03   1.4440590e-02  -1.6885444e-04   9.8530464e-05  -1.9243605e-05
   1.0500402e-02  -5.8235286e-03   1.6476317e-02   1.0300300e-04   5.5039750e-05  -9.4333796e-05
  -2.6678896e-04   1.9605129e-02  -5.4360453e-03  -1.3704086e-04  -1.2679245e-04  -1.9097298e-05
   7.3617926e-03   1.4617194e-02   6.3150788e-03  -7.0654030e-05  -4.4355089e-05  -7.5024128e-05
   7.2783977e-03   8.7073846e-03   1.1959216e-02  -2.9127073e-04   3.6854933e-04  -1.0967353e-04
   2.7071569e-03   6.5631606e-03   1.0230674e-02  -2.6891192e-04   7.5096015e-05   2.8130833e-05
   3.8922914e-03   1.9945250e-02   2.6976981e-03  -1.0694263e-04  -1.4653521e-04   7.1345537e-05
   7.1310845e-03   2.4573015e-02  -8.9564720e-03   8.1319552e-05   9.7828607e-05  -8.8535239e-06
   6.5385011e-03   5.4834175e-02  -1.0920500e-02   6.6804816e-04   1.0726128e-04   1.0968720e-04
   3.6728915e-03   2.2194440e-02   7.7413238e-03   4.0916073e-05  -3.1229322e-05   1.0418535e-04
   2.9494185e-03   1.9953477e-02   9.3997466e-03  -3.4372910e-05  -1.1191092e-04  -6.5762498e-05
   3.7669216e-03   1.5938357e-02   3.0512422e-03  -4.2817807e-05  -1.2243625e-04   2.7514377e-05
   1.5012935e-03   1.1227341e-02   1.4205666e-02  -1.2768768e-04   9.6954311e-05   1.0513001e-05
   3.2825690e-03   1.8994961e-03   7.8786995e-03  -1.1999691e-04  -1.3550106e-04   9.2068090e-05
   1.4992897e-03   1.0863536e-02   8.7571333e-03  -3.3164759e-04  -4.6733921e-05   1.9492264e-05
   3.6952512e-03   9.9212259e-03   7.1170217e-03  -2.4751182e-04   1.7979847e-04  -8.1701555e-05
   7.3507978e-03   1.1855416e-02   3.6956103e-03  -1.2018108e-04  -5.9931931e-06   6.1340363e-05
   6.6637222e-03   1.3379671e-02   2.1956044e-03  -1.0596990e-04   9.0882861e-05   6.6924288e-05
   2.9478607e-03   3.7348416e-03   6.1165925e-03  -2.0153217e-04  -1.6468708e-04   2.6821200e-05
   7.8921768e-03   2.3890191e-02   3.4722672e-03  -5.0550750e-05   6.4586931e-05  -6.5882854e-05
   1.0450522e-02   2.4173681e-02   1.0368929e-02  -1.5667989e-04   4.0600624e-04  -9.3446433e-05
   1.4568874e-02   1.5131884e-02   1.5377337e-03  -1.2373734e-04   2.8254222e-04   3.6942400e-05
   1.5905827e-02   1.5571594e-02   4.1706460e-04   4.1837496e-05   1.1259589e-04   2.2991721e-05
   1.5705090e-02   1.8288276e-02   3.9083125e-03  -9.1272599e-05  -5.2363535e-05   1.1443218e-04
   1.1831489e-02   1.9450024e-02   6.8877435e-04  -1.0279405e-04   3.1219160e-04  -1.0012432e-05
   1.6028222e-02   1.1818213e-02   8.8718002e-03   1.2435946e-04   1.5935062e-04   1.4539332e-04
   1.2525678e-02   1.4931719e-02   9.1879889e-03  -8.6171939e-05   1.8651400e-04  -3.7432091e-05
   1.4626569e-02   1.6638559e-02   8.6502684e-04  -1.0914576e-05   2.9394572e-04  -3.1657430e-05
   1.1308404e-02   2.3659043e-02   3.3598706e-03   2.1828916e-04  -1.2228824e-04   1.7185663e-04
   9.8594130e-03   2.4145485e-02   2.2542992e-03  -2.9976610e-04   2.7998341e-04  -1.1031985e-04
   1.0575018e-02   1.7153425e-02   2.5813914e-03   5.6073439e-05   1.4549939e-04  -6.5902872e-05
   1.5047012e-02   2.3284011e-02   8.2407857e-03  -2.8022505e-06   1.2299212e-05   7.1989399e-05
   1.8140347e-02   1.5479083e-02   8.8243465e-03  -1.2886932e-04   2.7175417e-04   2.0124596e-04
   1.3834484e-02   7.9339958e-03   5.7420754e-03  -5.5140321e-05   1.3513990e-04   4.3382346e-05
   1.6976052e-02   3.2909965e-02   4.6791834e-03  -2.2428936e-04   1.5851214e-04   7.0111850e-05
   1.1964836e-02   2.5392955e-02   1.0714368e-02   4.5431148e-05   4.1053986e-05   6.7299316e-05
   1.2770831e-02   1.4168436e-02   1.7716750e-02  -7.0128286e-05  -1.1611405e-04   1.4861980e-04
   1.1795507e-02   2.0133473e-02   1.5910616e-02  -1.2785969e-04  -2.2276520e-04   1.6292259e-04
   1.4804448e-02   2.4056106e-02   1.2259356e-02  -2.7813829e-04   1.2923609e-04   8.1064100e-05
   7.0709281e-03   1.8756046e-02   1.4615246e-02   4.4668165e-05  -1.9975402e-04   1.3638186e-04
   3.6842475e-03   1.9878078e-02   1.7219611e-02  -2.8400542e-04   1.2206544e-05   9.0235912e-05
   9.8918221e-03   8.6209357e-03   1.3104880e-02  -2.4797907e-04   1.0264477e-04   1.4602996e-05
   1.4166864e-02   1.0799640e-02   1.2959771e-02  -9.5599796e-05  -1.9761257e-04   1.6520152e-04
   1.4204409e-02   1.0732988e-02   9.7434515e-03  -1.2416296e-04  -1.0171432e-04   2.5292523e-05
   1.8767136e-02   2.4551774e-02   9.4600387e-03  -2.4526623e-04   4.9524148e-05   5.1793161e-05
   2.0945975e-02   2.2795732e-02   7.0002502e-03  -1.8392279e-04   1.3847092e-04   1.2131699e-04
   1.4942074e-02   1.0406790e-02   4.0694711e-03  -7.6251813e-05  -6.5184599e-05   4.0702387e-05
   1.5988512e-02   7.1045500e-03   1.0205864e-02  -8.3100680e-06  -4.2483492e-05   1.1385827e-04
   1.4842117e-02   9.6419186e-03   1.3025181e-02  -1.1124755e-04  -2.5799492e-05   1.2504782e-04
   1.2600371e-02   1.0038683e-02   4.9300157e-03  -8.9150878e-05  -1.9168352e-04   1.9303490e-04
   1.0937097e-02   2.2525139e-02   4.5798145e-03  -2.2741299e-04  -1.1140735e-04   1.0115929e-04
   1.4470482e-02   1.8663578e-02  -2.7104910e-03  -1.2868890e-04   5.8189371e-05   1.9001740e-04
   1.3025155e-02   9.0821146e-03   3.1808331e-03  -2.4221012e-05  -1.0334437e-04   1.4206237e-04
   1.3373804e-02   2.6368116e-03   1.2297261e-02  -1.1931019e-04  -3.1006582e-05   1.1415676e-04
   1.1062800e-02   1.5558517e-02   4.8275029e-03  -5.9653143e-05  -8.0013809e-05   1.6032258e-04
   1.2026054e-02   2.6160333e-02   5.1479692e-04  -3.2165989e-04   2.7305468e-05   7.3465977e-05
   9.0727076e-03   4.2613287e-02  -5.7359584e-03   4.2050104e-04  -5.2325424e-05   1.6470632e-04
   9.5057224e-03   1.9433043e-02   2.7919428e-04   2.1828384e-06  -6.2534890e-05   4.0667510e-05
   7.6707071e-03   1.7289357e-02   7.3556797e-03   8.5018087e-05  -2.8230358e-04   1.3952203e-04
   7.0737486e-03   3.1118584e-03   1.1053224e-02  -1.1990966e-04  -7.5502735e-05   4.1330269e-05
   3.5341571e-03   1.2816737e-02   8.8654660e-03  -1.7047966e-04  -2.3266448e-04   9.6966423e-05
   5.6259831e-03   2.3335832e-02   1.4401062e-02  -1.8024092e-04  -3.7809967e-04   1.4146425e-04
   6.8949500e-03   2.2251336e-02   1.9679970e-03  -3.9166112e-04  -1.7195526e-04   6.7639037e-05
   6.3012553e-03   2.0877513e-02   1.3208556e-03  -2.8371990e-04  -4.9433694e-05   1.2889116e-04
   5.7669254e-03   1.6220282e-02   3.1684488e-04   2.8825499e-05  -3.7427399e-04   1.6926841e-04
   8.8386740e-03   1.3253382e-02   1.0266777e-02   1.7838642e-04  -1.3951266e-04   8.2638876e-05
   1.0051048e-02   1.3762171e-02  -6.3872980e-03  -1.4409846e-04  -1.7230715e-04   1.5507552e-04
   1.6749358e-02   1.8078764e-02   1.0305578e-02  -3.7025059e-04   3.2878534e-05   6.2184908e-05
   2.1785529e-02   9.8948420e-03   2.7363533e-03  -1.3186419e-04   1.3346662e-05   5.6087181e-05
   1.2366011e-02   1.7993435e-02   7.3455413e-03  -3.1880155e-04   4.4729280e-05   1.6939101e-04
   1.5649959e-02   1.4747718e-02   1.0994807e-02  -7.2556869e-05   4.5837582e-05   3.8384383e-05
   1.2813164e-02   2.5294791e-02   6.3821104e-03  -1.8420323e-04   1.5899844e-04  -5.1540747e-05
   9.2952813e-03   2.5975230e-02  -6.5003033e-04  -5.9145097e-05  -1.0352712e-04   8.7826213e-05
   1.3614506e-02   1.2750424e-02   5.6141247e-03  -8.1666886e-05  -5.7407369e-05   1.9128309e-05
   1.1587916e-02   2.6820687e-02   8.2409697e-03  -3.1503872e-04   7.1724574e-05  -6.9790078e-05
   1.2933570e-02   2.0896893e-02   5.4185548e-04  -1.9018767e-04  -1.6694150e-05   3.5859791e-05
   1.2695025e-02   1.5428729e-02  -7.3385685e-03  -4.1453142e-05  -2.3505348e-05  -4.9129789e-05
   1.5904087e-02   1.8604735e-02  -3.6263791e-03   4.2442947e-05  -1.6384402e-04   1.5220048e-04
   1.6668855e-02   2.3782905e-02  -1.1392353e-03   1.1135367e-05  -1.2942542e-04   2.6874424e-04
   1.3380644e-02   2.9578221e-02   2.3922211e-03  -3.0807064e-04   2.1206449e-04  -1.3452461e-05
   7.0683813e-03   1.9996506e-02  -1.9728754e-03   1.5168818e-05  -1.9821583e-04   6.9906064e-05
   1.3016899e-02   1.6766226e-02   4.9159618e-03  -8.0123499e-05  -8.6987318e-05   2.7129081e-05
   1.1063897e-02   2.6202736e-02   1.7949380e-03  -1.5935515e-04  -3.9693592e-05  -2.0645402e-05
   1.8378704e-02   2.2724403e-02   6.6638566e-04  -1.9587503e-05  -2.6590853e-05   1.3161504e-04
   1.3701111e-02   1.6339565e-02  -1.8639149e-03  -3.5092989e-05  -1.9131954e-05   6.7189703e-05
   1.1800585e-02   1.8548189e-02   1.2510700e-03  -1.3190944e-04  -9.6231726e-05   2.2061064e-04
   1.6946280e-02   2.8002336e-02   1.6572139e-03  -1.9728145e-04   2.0372250e-05   1.4956346e-04
   1.2843638e-02   2.1300676e-02  -1.0692428e-04  -1.4111067e-05  -1.4488997e-04   1.1674226e-04
   1.4282108e-02   1.8151502e-02   4.3355382e-03  -1.8963316e-05   3.1663265e-05   1.1844925e-04
   1.4498997e-02   3.4699123e-02   7.8817401e-03  -9.5226597e-05   6.1691986e-05  -8.1795803e-06
   1.5593416e-02   1.7343252e-02   3.2221881e-03  -8.4718684e-05   2.7964360e-05   7.7222464e-05
   1.2636435e-02   1.8599288e-02   1.1279109e-02   3.7266209e-05  -7.9706759e-05   2.4469924e-04
   1.4376040e-02   2.4322859e-02   4.2632495e-03  -2.2780779e-04  -7.7188119e-05   1.2347158e-04
   1.5016565e-02   2.1952758e-02   2.2032223e-03  -1.2880586e-04   1.4543232e-04   5.6426701e-07
   1.5481020e-02   2.1369690e-02   5.4691450e-03  -1.2090163e-05  -8.8311703e-05   1.6389126e-04
   1.8990970e-02   2.8540607e-02   6.5154576e-03  -1.9109647e-04   1.8947565e-04  -2.8562100e-05
   2.2633465e-02   2.1410740e-02   9.2266536e-03  -2.4048194e-05   1.1265166e-04   1.0065842e-05
   2.5736755e-02   4.3427827e-02   8.3476429e-03   6.1896878e-04   2.4380802e-04   1.7163068e-04
   2.0566664e-02   9.9476253e-03   1.1507497e-02  -1.9353009e-04  -5.5411376e-06   1.6339143e-04
   1.3524783e-02   2.9503712e-02   5.0862487e-03  -3.7216185e-04   1.0730851e-04   2.9536931e-05
   1.6436336e-02   3.0687462e-02   1.2359136e-03  -2.1177858e-05  -4.7973202e-05   1.9126515e-04
   2.1254626e-02   2.5716892e-02   3.7016731e-04  -1.5102909e-04  -1.6810780e-05   5.6558506e-05
   1.9110876e-02   2.9531129e-02   5.3051554e-03  -2.6839920e-04   1.3787676e-04   1.1617242e-04
   1.8435686e-02   2.1940262e-02  -1.9770409e-03  -9.0516788e-05  -6.3221028e-05   2.7955613e-05
   2.3399577e-02   2.8385110e-02   1.6632238e-03  -1.0304158e-04  -8.5278755e-05   7.5481773e-05
   2.2624842e-02   3.2047619e-02  -7.2437173e-03  -4.5954962e-05   7.3140576e-05   1.1428099e-04
   2.6780416e-02   3.1681989e-02  -4.1552224e-03  -2.3357533e-05   7.4057461e-05   7.4263121e-05
   1.9444106e-02   1.7437097e-02   9.4554249e-03   4.0047277e-05   7.7248857e-05   1.7287459e-04
   1.9512308e-02   2.2659646e-02   1.2572749e-02  -2.1270186e-04   1.4094357e-05   1.8963034e-04
   1.5775933e-02   8.2805406e-03   1.1936246e-02  -8.0905052e-05  -1.3168022e-04   1.0122639e-04
   1.7235920e-02   1.9979066e-02   1.2327725e-02  -1.6117543e-04   5.0066444e-05   9.7441852e-05
   1.2576888e-02   2.9497427e-02   7.3191769e-03  -2.6502539e-04  -5.0566733e-05   1.5213432e-04
   1.8317863e-02   1.5120337e-02   1.3643439e-03   2.7799186e-05  -1.3218818e-04   9.4718963e-05
   1.6284689e-02   1.2388755e-02   1.1517026e-02   2.2609051e-05  -3.3239079e-05   1.3987643e-04
   1.5107751e-02   1.6807317e-02   1.2845672e-02  -2.0069823e-04  -1.6705661e-04   1.1082179e-04
   1.4739750e-02   9.7686505e-03   6.9070559e-03  -1.9379347e-04  -5.4699096e-05   6.6750105e-05
   6.4409933e-03   3.8909870e-02   5.7016262e-03  -1.8667520e-04  -9.2079168e-05  -1.1227207e-05
   7.4954786e-03   3.8842115e-02   7.4460976e-03  -9.5751543e-05  -2.8923207e-04  -8.9592371e-05
   5.4483975e-03   2.9847563e-02   2.3158316e-03  -1.5438755e-04  -2.7334880e-04  -1.6082356e-06
   4.2812248e-03   1.7811465e-02   6.0792313e-03  -1.6543068e-04  -4.1990803e-04   2.3233604e-05
   2.1662414e-03   6.4242663e-02   1.1211102e-02   5.8318807e-05  -1.2715698e-04   1.3204564e-04
   4.1976442e-03   2.9582450e-02  -2.2108669e-03  -2.2534644e-04  -4.9717926e-04   4.8932536e-05
   7.6530432e-03   3.6371945e-02   5.8037084e-03  -3.2493142e-05  -1.4837868e-04  -4.5693736e-05
   4.3064637e-03   2.3164523e-02   9.8989604e-03  -1.7092244e-04  -3.5162499e-04   8.4113299e-05
   7.3279467e-03   9.9956706e-03   3.9931366e-03  -3.7050034e-04  -1.4835148e-04  -1.0464728e-05
   6.7235596e-03   1.0692356e-02  -7.1673921e-03  -8.9561071e-05  -4.8312665e-04   7.0007313e-05
   1.1689278e-02   1.7364282e-02   2.6628012e-03  -1.2373366e-04  -5.3470180e-04   2.3963055e-04
   9.4979226e-03   2.7780516e-02  -4.3930686e-03  -2.1048246e-04  -1.8058210e-04   5.1496339e-05
   4.6836655e-03   1.8998749e-02   6.6030816e-03  -4.2726141e-04  -7.6041386e-05   3.6161184e-05
   6.4663765e-03   1.1238840e-02   6.6274492e-03  -3.3782318e-04  -2.0835574e-04   1.0051684e-04
   7.0626608e-03   9.8576168e-03   6.4306162e-03  -3.1510583e-04  -3.0386717e-04   1.0594782e-04
   8.0334510e-03   1.0634304e-02  -1.5984435e-04  -2.9016349e-04  -3.1653242e-04   1.0059374e-04
   6.5770504e-03   1.8793603e-02   3.8843489e-04  -9.9106131e-05  -4.0164831e-04   1.5329385e-04
   4.0406703e-03   2.0709402e-02   1.0435490e-03  -1.0153627e-04  -4.4519114e-04   1.6049349e-04
   3.5038219e-03   1.9584144e-02  -5.8301589e-03  -3.4402000e-04  -2.5639785e-04   1.3759437e-04
   9.3403314e-03   2.3308476e-02  -7.4193218e-04  -2.8240160e-04  -7.4843633e-05   1.3657517e-04
   1.6762670e-02   1.7361703e-02  -3.9718050e-03  -6.9010790e-05  -2.9385958e-04   1.6788721e-04
   1.9956901e-02   1.3167242e-02   2.9443905e-03  -6.5650759e-05  -1.6528249e-04   1.4532969e-04
   1.3873359e-02   1.4793595e-02   8.3207976e-03  -2.6391923e-04  -1.6689435e-04   3.5199649e-05
   1.4021030e-02   1.4530609e-02   3.5565498e-03  -2.4724710e-04  -6.7492764e-05   1.0945980e-04
   1.2614743e-02   1.1842635e-02   5.7413674e-03  -1.4189842e-05  -2.3476598e-04  -9.0542721e-06
   1.1614958e-02   2.3496393e-02   7.2399446e-03  -2.2010365e-04  -1.0853730e-04   7.6901769e-07
   1.3694321e-02   2.5247727e-02  -5.3775090e-04   6.8622817e-06  -2.1625435e-04   8.1576301e-05
   1.1009666e-02   1.8231298e-02   5.7159088e-03   4.3796403e-05  -3.2612762e-04   8.0138416e-05
   1.0873221e-02   2.2939487e-02   6.5335792e-03  -5.8233296e-05  -2.9547687e-04   2.3728532e-04
   3.8592394e-03   2.9383047e-02   3.6826380e-03  -2.8837439e-04  -3.6513291e-04   9.8143971e-05
   2.5215392e-03   3.0396983e-02   1.0241618e-04  -5.0854495e-04  -1.2956861e-04   4.5474381e-05
   6.1676254e-03   3.3491459e-02   2.4002718e-03  -2.9966227e-04  -1.6606522e-04   5.3173661e-05
   6.1767681e-03   2.5537909e-02   3.2597338e-03  -3.4489162e-04  -2.7824949e-04   1.3344513e-04
   6.0306382e-03   1.5046536e-02   1.3861977e-04  -3.9496651e-04  -1.9117897e-04   6.1842534e-05
   3.2783716e-03   2.1581313e-02  -3.4796788e-04  -4.2988875e-04  -2.6836334e-04   7.7647686e-05
   4.4675927e-03   2.2517794e-02  -6.1422857e-05  -3.6042528e-04  -2.8803140e-04   2.0525375e-05
   4.7362458e-03   9.3643569e-03  -3.4672383e-04  -3.4880782e-04  -2.2939007e-04   7.1316334e-05
   6.2263801e-03   9.6221703e-03   2.5938162e-03  -2.8875494e-04  -4.7668061e-04   1.4490659e-04
   4.9148430e-03   7.3096785e-03  -1.2068521e-03  -2.3001033e-04  -5.8594703e-04   1.9706319e-04
   4.5587711e-03   1.3727470e-02   7.6124789e-04  -2.1609533e-04  -5.7308573e-04   1.9632972e-04
   7.8938262e-03   2.1840828e-02   6.4707978e-04  -2.0445648e-04  -4.1210453e-04   2.1663265e-04
   7.6272548e-03   2.3214158e-02  -3.2096828e-03  -8.6571341e-05  -4.8579789e-04   2.4274246e-04
   6.1544131e-03   2.3886072e-02   8.6486341e-03  -1.2053826e-04  -3.8883462e-04   2.3451521e-04
   7.7962019e-03   4.8526590e-02   5.4517928e-03   5.3240682e-04  -2.6569063e-04   1.0971624e-04
  -5.9399269e-03   3.9773904e-02   4.5227089e-02   2.0546048e-04  -1.6888494e-04   3.3750492e-04
  -7.4616935e-03   3.1329279e-02  -3.0629885e-03   5.4185024e-05  -1.0395029e-03   3.6827263e-04
  -3.4075459e-03   3.5568751e-02  -1.5335168e-03  -2.1334493e-04  -4.1005825e-04   1.0298147e-04
   6.7711618e-03   3.0337938e-02   1.6023214e-02  -2.7913179e-04  -1.1007996e-04   1.8480902e-04
   5.0825725e-03   4.2984709e-04   4.5899309e-02  -1.3860401e-04  -3.7311894e-04   9.2002983e-05
   3.2063881e-03  -9.6640753e-03   3.9307654e-02  -2.8275755e-04  -4.0125525e-04   1.7441289e-04
   3.0755471e-03   3.5261340e-04   2.4193807e-02  -3.9082675e-04  -3.9368319e-04   6.7096456e-05
   3.1480265e-05   1.8769153e-03   1.3369282e-02  -3.0401591e-04  -5.5228765e-04   1.0425838e-04
   5.7725401e-04   1.2419628e-02   2.0349586e-03  -2.5041370e-04  -6.5783034e-04   1.1562724e-04
   3.6612218e-03   2.4239768e-02   4.6107033e-05  -1.3659587e-04  -4.6182240e-04   1.6537767e-04
   2.9630190e-03   2.8363456e-02  -3.0282467e-03  -1.1592845e-05  -4.2496679e-04   1.0910095e-04
   3.6674375e-03   2.3437462e-02   6.0105280e-03  -5.6765436e-05  -3.5141810e-04   9.6230445e-05
   7.5922055e-03   2.5452106e-02   1.7671072e-04  -8.6045255e-05  -2.7799003e-04   9.6423977e-05
   8.8661520e-03   5.2399056e-02  -5.3910284e-03   4.5615504e-04  -3.1650729e-04   2.9141616e-04
   6.2363476e-03   3.5375660e-02   4.0365281e-03  -2.8417085e-04  -3.1239320e-04   2.8439635e-04
   4.9112756e-03   4.8772644e-02  -3.0611861e-03   3.8247920e-05  -4.1003711e-04   2.8400362e-04
   5.0413748e-03   3.9499954e-02   5.6664249e-03   1.1078976e-04  -3.8800421e-04   3.4157263e-04
   8.6868048e-03   2.8960414e-02   4.6668541e-03   6.1069624e-05  -3.5476858e-04   3.2174635e-04
   2.6414115e-03   3.2155022e-02   3.0940317e-03  -2.2406121e-05  -4.7018958e-04   1.9777573e-04
   4.0271418e-03   3.4816809e-02   5.2608956e-03   1.1160078e-04  -4.4179837e-04   1.3154272e-04
   3.7058558e-03   3.7626536e-02  -3.3903012e-04   1.3531707e-04  -3.7808136e-04   1.4889708e-04
