   0.0000000e+00   0.0000000e+00   0.0000000e+00   0.0000000e+00   0.0000000e+00   9.4039548e-38
   4.0274653e-03  -3.5865382e-03  -2.3320060e-04   1.7031218e-04  -1.2460954e-04   1.0552966e-04
   4.1642542e-03  -1.2345546e-02   5.4506211e-03   1.6350053e-04  -1.6485157e-04   8.9044103e-05
   3.7536144e-04   2.6509554e-03  -5.1089370e-04  -1.1436422e-04  -1.8308058e-04   7.9550984e-05
   6.4870332e-03  -1.4352625e-02   6.0334697e-04   3.4204782e-04  -2.3372292e-04   5.7046524e-05
   6.7171024e-03  -1.3385254e-02  -1.9863734e-03  -1.5192808e-05  -2.6381995e-04   1.3637117e-04
   1.3981727e-03  -9.0002665e-03  -5.6390908e-03  -1.9255420e-04  -1.3978467e-04   1.3927794e-04
   4.2470632e-03  -1.3829789e-02   6.0024731e-03   2.7996056e-04  -2.7256750e-04   1.0033621e-04
  -1.9888164e-03  -1.7769546e-02  -3.6219277e-04  -1.9220161e-05  -1.6324428e-04   1.7269715e-04
   5.5218218e-03   5.7758896e-03  -1.2992804e-03   1.3035375e-04  -3.0576733e-04   5.0344448e-05
   3.8604130e-03  -1.3554100e-02  -7.5231797e-03   4.7646595e-05  -2.4011446e-04   1.6704652e-04
  -1.0904726e-03   6.6708612e-03  -7.4517369e-04  -5.6801272e-05  -2.5236821e-04   1.4618508e-04
   4.5250305e-03  -1.1389895e-02   1.3503299e-03   1.5604443e-04  -2.1122969e-04   1.0747764e-04
   1.7351353e-03  -1.6378559e-02   4.3824055e-03   1.0424635e-04  -2.6408731e-04   2.1430152e-04
   6.2697870e-04  -1.1776478e-02   2.2419698e-03  -1.1295534e-04  -2.4078387e-04   1.9377108e-04
   2.5863453e-03  -5.8555826e-03   3.9402385e-03   2.1015738e-04  -3.0277701e-04   1.0796109e-04
   4.2414028e-03  -2.0948524e-02   1.4040589e-03  -1.7801327e-05  -2.5354129e-04   2.0883343e-04
  -1.0101839e-03  -3.3525179e-03   4.7157795e-03   2.9080080e-05  -2.5094093e-04   1.1071110e-04
   4.7858658e-03  -7.9752451e-04  -1.1682423e-02   7.5668062e-05  -4.9092388e-04   1.7605424e-04
   1.2547038e-03  -1.0290775e-02  -6.5384944e-04   2.4398594e-04  -3.0909527e-04   1.4506147e-04
  -8.8378218e-04  -5.6313453e-03   2.1052460e-03  -5.8235379e-06  -2.5975534e-04   1.5617408e-04
   1.5898263e-03   1.7349424e-03   1.9466957e-03   2.1064147e-04  -2.6901896e-04   1.2108395e-05
   5.1022724e-03  -1.3768662e-02  -6.1210923e-03   1.1786554e-04  -3.9406401e-04   1.8873198e-04
   3.7930107e-03  -2.4127461e-03  -1.7776252e-03   1.0082995e-04  -3.6978123e-04   7.5574338e-05
  -1.5726257e-03   3.9817876e-03  -6.2722132e-04  -2.2674371e-04  -2.3638677e-04   1.2780322e-04
   8.2093489e-04   2.1637530e-03  -2.1713584e-03   2.1789489e-04  -3.6136900e-04   1.4542720e-04
   3.8341486e-03  -1.2431056e-02  -8.8741257e-04   9.2779410e-05  -3.4515268e-04   1.5042760e-04
  -1.4352285e-03   4.2435575e-03   2.0120479e-03   1.6032392e-04  -2.4005730e-04   1.1985677e-04
   3.5741172e-03  -3.2529611e-03   1.9678879e-03   1.5992724e-04  -3.2697605e-04   1.4552050e-04
  -5.4378070e-04  -4.6945517e-03   8.2605600e-03   2.3522367e-04  -3.3133472e-04   7.6137752e-05
   8.6506778e-04   3.0449253e-03   9.0381606e-04   5.6286050e-06  -3.4962233e-04   1.8772409e-04
  -2.2913404e-04  -1.2831901e-02   7.8860487e-03   6.6046875e-04  -4.1544490e-04   7.3890929e-05
  -3.4201886e-03  -2.3410759e-03   4.0399489e-03   2.3424572e-04  -3.0972133e-04   1.7059345e-04
  -2.1308754e-03   8.7236880e-03   3.8454164e-03   1.6296366e-04  -2.7622380e-04   2.0929023e-05
   1.2159053e-03  -1.0761827e-02   8.0860571e-04   2.2972054e-04  -3.1406822e-04   1.1836238e-04
  -8.4054015e-04  -9.4701812e-03   3.0343868e-03   1.1489860e-04  -2.1494483e-04   1.1158092e-04
   4.1252745e-03  -4.4353315e-03   1.9286837e-03   1.5488401e-04  -2.8186000e-04   1.5098673e-04
   5.3526261e-03  -1.2827606e-02   1.5582218e-03   3.5799193e-04  -2.3192431e-04   1.3516294e-04
   3.5890788e-03  -1.9774586e-02   9.0556771e-04   4.6448906e-04  -3.9266225e-04   1.5678550e-04
  -3.8368350e-03  -5.5208419e-03   6.9079969e-03  -2.3517064e-05  -1.0985230e-04   8.0862026e-05
   1.8995879e-03  -1.1482241e-02   1.0354525e-02   5.5113673e-04  -2.6273949e-04   8.4268757e-05
   1.9173475e-03  -1.6363537e-02   1.2038961e-03   1.8324374e-04  -3.6898889e-04   1.1882149e-04
  -2.3726012e-04  -2.8113643e-03   2.5240169e-03  -2.7186740e-05  -3.4191940e-04   1.1432250e-04
   3.2530313e-03   5.2043286e-03   3.8414378e-03   1.0411069e-05  -3.2652527e-04   1.2847897e-04
   2.0756082e-03  -6.3944484e-03   7.2928936e-03   3.7026887e-04  -3.8693253e-04   1.4156470e-04
   1.2107238e-03  -4.6502619e-03   8.2820529e-03   1.9860300e-04  -2.9509553e-04   5.4470429e-05
   2.3193142e-03  -1.9366180e-03   3.5088536e-03   3.5265792e-04  -2.9974119e-04   4.4378621e-05
   1.2650131e-03  -7.9810388e-03   9.0764541e-03   4.4149722e-04  -3.1321877e-04   1.1399874e-04
   3.5312239e-03  -1.7389995e-02   5.3941209e-03   2.3034700e-04  -4.1670539e-04   1.6071420e-04
  -1.1372629e-03   4.6236443e-03   6.7461785e-03   1.3898874e-04  -2.2366247e-04   3.2841865e-05
   5.0842625e-03  -4.4380611e-03   1.3262288e-02   3.7277053e-04  -2.9851277e-04   9.1235840e-05
   2.0987698e-03  -1.0293162e-02   1.2428412e-02   6.4418782e-04  -2.8807998e-04   9.9358360e-05
   3.0718669e-03   2.2526118e-05   1.2377849e-02   9.4277696e-05  -2.6001161e-04   1.0390623e-04
   3.8198913e-03  -6.4097897e-03   1.3112545e-02   5.7321465e-04  -2.0048472e-04  -4.3098878e-06
   4.4676385e-03  -1.4638133e-02   1.3543300e-02   4.1087274e-04  -3.9148600e-04   1.3712693e-04
  -1.6949721e-03   5.2519578e-03   1.9849835e-02   3.4234416e-04  -2.4192488e-04   3.6649117e-05
   3.7762121e-03  -6.9204829e-03   2.0612454e-02   4.8287161e-04  -2.2498300e-04   5.9708481e-05
   4.5702477e-04  -4.1250829e-03   2.1199345e-02   4.9122779e-04  -2.1683663e-04  -9.7571688e-05
  -4.2878394e-03  -5.4460430e-03   2.3635863e-02   2.8157388e-04  -8.6232987e-05   1.1758239e-04
   2.5203221e-04   3.4666435e-03   1.7747587e-02   3.2236401e-04  -1.2129804e-04   1.0959827e-05
  -5.6628109e-06  -3.8481508e-03   1.1422440e-02   3.6841329e-04  -2.5310977e-04   1.0422836e-04
  -1.2906617e-02   1.6684746e-02   1.8517352e-02   2.7476757e-04   4.1554353e-05  -2.8162701e-04
  -1.1221474e-04   6.9996633e-03   1.7294695e-02   6.8596928e-04  -4.5276562e-04   1.1130260e-04
  -5.3205708e-03   1.2811004e-02   1.1703795e-02   2.3157614e-04  -2.8039970e-04   9.1794762e-05
  -4.2074719e-03   1.8028064e-02   9.9692045e-03   1.9143973e-04  -2.1775111e-04   1.1140059e-05
   1.5109476e-04  -1.7151807e-03   1.0882443e-02   4.9547922e-04  -2.0193141e-04  -3.9001912e-05
  -8.2069418e-04  -1.4964093e-02   1.1030167e-02   3.3599464e-04  -2.2185001e-04  -3.2658001e-05
  -1.8830276e-03  -1.6463696e-02   1.5237494e-02   3.5025384e-04  -5.4592610e-05   6.3087560e-05
  -2.4813272e-03  -1.0513516e-02   1.9888474e-02   2.3661276e-04  -3.1976306e-04  -4.2705469e-05
   1.1113281e-03   5.5093881e-03   5.5592607e-03  -2.2077975e-05  -2.5483888e-04  -8.1130420e-05
   2.2440959e-03  -2.2250644e-02   1.7745491e-02   5.7498722e-04  -2.4837522e-04  -5.5921685e-05
  -1.2742627e-03  -3.2327064e-03   1.6703665e-02   5.2081006e-06  -7.5264317e-05   1.2210218e-04
   4.9456539e-04  -6.9796660e-03   2.2367657e-02   5.0645546e-04  -3.6644819e-04  -2.7756231e-05
  -8.2224192e-04  -8.7981642e-03   1.6949604e-02   1.6139946e-04  -3.1849626e-04   1.2303825e-04
  -2.6681570e-03   1.2430596e-02   1.6388166e-02   1.4923787e-04  -2.3946311e-04  -9.8398985e-05
  -1.9857284e-03  -1.4140457e-02   1.9275957e-02   3.2411316e-04  -3.1034129e-04   1.2322267e-04
  -2.5358163e-03  -3.5786992e-03   2.2948736e-02   3.8635896e-04  -1.9791620e-04   5.8285405e-06
  -6.0473357e-03  -1.6348404e-03   1.9256639e-02   1.3753873e-04  -9.4089805e-05   1.8039433e-04
   3.0942542e-03  -8.0874404e-03   1.7885591e-02   5.5595510e-04  -1.4659171e-04   6.0357387e-05
   3.4566207e-03  -1.2208494e-02   1.5855290e-02   2.5061938e-04  -1.6732536e-04   1.4005553e-04
  -3.9159656e-03  -4.8957905e-03   1.3729353e-02   4.5993399e-04   1.7800754e-05  -1.4822538e-04
  -3.9293744e-04   2.1999669e-03   1.7507366e-02   3.6611144e-04  -1.1744612e-04   8.8242212e-05
   3.7002268e-04  -9.0700278e-03   1.5375864e-02   7.7353044e-04  -2.5500865e-04   1.0040651e-04
  -6.1578111e-03   3.7115810e-03   1.7466896e-02   2.4839810e-04  -9.9046792e-05   1.1306562e-04
  -9.4666499e-04   1.3195624e-02   1.6195569e-02   6.0483172e-04  -1.5850973e-04   9.5930006e-05
  -9.7650460e-04  -7.8948099e-03   2.1041460e-02   5.1641399e-04  -1.6846790e-04   2.8408326e-04
  -6.1433137e-03   3.3439321e-03   2.4275791e-02   4.6993452e-04   3.1005760e-05   2.4036862e-05
   2.3820217e-03  -1.1427297e-02   2.5723504e-02   5.5106617e-04  -2.3922285e-04   2.8107446e-04
  -2.3439580e-04  -8.8809537e-04   2.5318327e-02   4.3546365e-04  -1.5615647e-04   7.8274053e-05
   3.2094382e-03   4.8190023e-03   1.7440175e-02   2.5354865e-04  -2.5937205e-04   2.4768245e-04
   2.4392900e-03  -1.4752443e-02   2.2864071e-02   7.0809265e-04  -1.6972560e-04   7.2090578e-05
  -1.0195530e-03   1.4292968e-03   1.8726804e-02   5.3524307e-04  -3.6194651e-04   1.9829586e-04
  -3.8628124e-03  -4.2523902e-03   2.3950808e-02   6.8742762e-04  -2.7855048e-04  -3.2133876e-05
  -7.9639708e-03  -2.7472829e-04   2.1833172e-02   5.0616658e-04  -2.6455881e-04   8.4432915e-05
  -3.6209999e-03   3.4851211e-03   2.5161759e-02   7.0114271e-04  -3.3858638e-04   6.3640610e-06
  -5.8138809e-03  -8.5215493e-03   2.7317462e-02   4.7926028e-04  -3.6960998e-04   1.5769653e-04
  -6.5391495e-03   1.2174898e-02   2.6986495e-02   4.9652875e-04  -1.9740210e-04   4.4225985e-05
   8.1040233e-04  -1.0293352e-02   3.3246426e-02   7.3634731e-04  -3.2023120e-04   1.6474538e-04
  -7.3227780e-03   3.8879912e-03   3.3710039e-02   4.3182383e-04  -1.7567476e-04   1.7268769e-04
  -1.7184483e-04   1.0125270e-03   2.6397675e-02   6.5687451e-04  -3.8784899e-04   9.6484419e-05
  -1.5932187e-03  -4.6885883e-03   3.1086902e-02   3.7828813e-04  -2.9046841e-04   1.8713629e-04
  -2.8937211e-03   1.3182483e-02   2.6423414e-02   5.1135478e-04  -3.5765021e-04   9.5871921e-05
  -3.0623181e-03  -8.6469489e-03   3.1059685e-02   5.7962984e-04  -5.2362607e-04   1.9093647e-04
  -7.4899415e-03   2.0148805e-02   2.9011315e-02   5.3029181e-04  -3.6700525e-04   6.5364318e-05
  -2.1345525e-03  -3.5339809e-03   2.7841216e-02   7.7314605e-04  -3.7462440e-04   2.0688728e-04
  -2.7614054e-03   5.5326018e-04   3.4769898e-02   6.4789783e-04  -3.4103719e-04   4.4164862e-05
  -5.6085302e-03   5.2139761e-03   3.0349895e-02   4.6254711e-04  -3.4204395e-04   1.6856285e-04
  -3.8292040e-03  -8.6553871e-03   2.6980010e-02   9.7325505e-04  -2.2868953e-04   1.0290208e-04
  -5.2139812e-03  -4.4910418e-03   2.5373295e-02   4.4473470e-04  -2.3318216e-04   8.1468464e-05
  -1.9395798e-03   5.9006864e-03   2.7509775e-02   8.3354748e-04  -3.4595717e-04   1.8522516e-04
  -1.7616900e-03  -7.8164231e-03   2.0093231e-02   6.1525347e-04  -4.4269985e-04   2.5089728e-04
  -1.1180870e-02   6.6075550e-03   2.4881555e-02   8.1511087e-04  -1.3780578e-04   4.2658258e-05
  -2.8499198e-03  -1.8887986e-03   2.3115181e-02   7.2710452e-04  -4.1641759e-04   2.4959643e-04
  -6.0506059e-03  -5.3448928e-03   2.3892687e-02   7.9341940e-04  -2.7362743e-04   1.1289276e-04
  -3.9952655e-03   5.7825004e-04   2.2978597e-02   7.6333896e-04  -4.1918417e-04   2.0645668e-04
  -3.9839373e-03  -7.7394658e-03   3.7928253e-02   8.6255113e-04  -3.8013741e-04   2.3468789e-04
  -1.0465483e-02  -1.4610224e-03   3.3721957e-02   6.6565660e-04  -3.2384475e-04   1.5061541e-04
  -4.2557794e-03  -4.4644389e-04   3.3441677e-02   1.2487022e-03  -3.7668637e-04   1.2850345e-04
  -2.2877176e-03  -6.4430720e-03   2.9835229e-02   1.0110796e-03  -4.4440649e-04   1.7975874e-04
  -7.8628831e-03   8.5795851e-03   3.7397678e-02   4.8503421e-04  -1.1618791e-04   3.0249477e-04
  -7.2058142e-04   1.0713783e-03   3.4699455e-02   9.1639162e-04  -1.5850381e-04   1.2120069e-04
  -1.7465739e-03  -1.0800025e-02   3.2779016e-02   5.5712269e-04  -3.7605251e-04   2.9112135e-04
  -7.9029553e-03   9.1876397e-03   3.3684597e-02   6.2538913e-04  -2.0668288e-04   1.0909392e-04
  -2.7343808e-03  -9.8246332e-04   2.6430212e-02   6.8441955e-04  -3.7883476e-04   2.2340864e-04
  -6.6377289e-03   7.2726967e-03   2.1060238e-02   7.7274691e-04  -3.6319048e-04   8.7944576e-05
  -4.5677610e-03   8.3203392e-03   2.8711709e-02   6.9281943e-04  -2.8777720e-04   8.8612889e-05
  -3.6303504e-03  -2.0713085e-03   3.4933899e-02   9.9018696e-04  -2.4143316e-04   1.1464670e-04
  -2.1773874e-03  -1.1140719e-02   2.9881300e-02   7.9739180e-04  -4.0521334e-04   1.3710967e-04
  -6.9910002e-03   1.3152348e-02   3.1868892e-02   7.5344275e-04  -1.8132370e-04   1.5567063e-04
  -1.5489088e-03  -8.1912551e-03   3.0849015e-02   9.5173200e-04  -3.0777683e-04   2.3748264e-04
  -6.4035396e-03  -8.2030281e-04   3.0346023e-02   7.1733324e-04  -2.5552906e-04   2.1599039e-04
  -6.9655477e-03   1.0641512e-02   2.6880670e-02   6.2551444e-04  -2.4428842e-04   8.6088870e-05
  -7.7060526e-03  -2.6988177e-03   3.5002477e-02   7.9999372e-04  -3.3703119e-04   2.0882175e-04
  -1.1535230e-02   7.3010771e-03   3.6793777e-02   7.5060532e-04  -2.9524864e-04   1.2954178e-04
  -5.3929757e-03   3.0024984e-03   3.5101824e-02   7.6725069e-04  -3.9565868e-04   1.8537833e-04
  -6.4133711e-03   1.1687061e-03   3.2878397e-02   8.5751357e-04  -4.5323233e-04  -3.0760407e-05
  -5.4465000e-03   1.1081508e-02   3.2002018e-02   5.0225582e-04  -4.2630554e-04   1.5941337e-04
  -5.1200080e-03  -5.9809990e-03   3.5441575e-02   1.0228231e-03  -4.5855586e-04   2.2513279e-05
  -9.2662472e-03  -3.4892376e-03   2.9212516e-02   5.7926949e-04  -4.8690509e-04   1.4584974e-04
  -5.4147493e-03  -1.5889860e-03   2.7064715e-02   1.0420110e-03  -4.4137418e-04  -6.5119498e-05
  -9.1182939e-03  -1.2214390e-03   2.2762892e-02   7.0896688e-04  -3.6710366e-04  -8.0946040e-06
  -5.3649312e-03   1.3309836e-02   1.5803071e-02   7.9296033e-04  -4.6982726e-04  -4.6461134e-05
  -7.8012576e-03  -2.7941666e-03   2.8033028e-02   7.1960910e-04  -4.7751007e-04   1.0618954e-04
  -7.4930326e-03   1.7809548e-02   3.5351216e-02   9.7488247e-04  -4.4975547e-04   1.9116773e-05
  -5.6039887e-03  -5.7505763e-03   4.3752180e-02   9.0505136e-04  -4.0301054e-04   6.0939187e-05
  -6.9726022e-03   2.4485869e-03   4.1894398e-02   7.4957977e-04  -3.8065320e-04  -4.4030769e-05
  -3.3238114e-03  -1.2614585e-03   4.2969992e-02   1.0544011e-03  -4.4722347e-04   4.7300476e-05
  -5.7317213e-03  -5.4099024e-03   3.5428321e-02   8.2178962e-04  -3.8895892e-04   2.6270158e-06
  -2.6225996e-03   1.0864686e-03   3.6449341e-02   9.4196234e-04  -4.1968667e-04   6.5991313e-05
  -3.9809880e-03  -8.0108609e-03   3.9049626e-02   1.1522739e-03  -3.8832627e-04  -1.4346700e-05
   1.0665873e-03   5.7265696e-03   3.1606826e-02   6.9539839e-04  -5.1682086e-04   2.5572369e-04
  -2.1469049e-03  -4.9448185e-03   3.2022065e-02   8.8995528e-04  -2.9446455e-04   5.7189573e-06
  -8.0502115e-03   1.1926791e-02   3.2317285e-02   4.9820603e-04  -2.6930158e-04   1.8154729e-04
  -5.7228074e-03  -8.5733043e-03   3.5527683e-02   1.1766437e-03  -2.1343336e-04  -4.1814066e-05
  -1.0669978e-02   3.0932235e-03   2.9519068e-02   4.3257624e-04  -2.0015069e-04   1.0897852e-04
  -3.8387984e-03   4.8913754e-03   2.7560487e-02   1.0386461e-03  -4.9231760e-04   2.1506690e-05
  -5.5175772e-03  -9.3238594e-03   2.4446107e-02   7.7144664e-04  -5.0377837e-04   7.6817597e-05
  -5.4569496e-03   9.1415836e-03   3.2716681e-02   1.0358013e-03  -3.9221455e-04  -1.0108616e-04
  -3.8278077e-03  -1.4910329e-02   4.2827862e-02   8.4327708e-04  -4.3184909e-04   1.4323441e-04
  -7.7391533e-03   2.3940686e-04   4.7385500e-02   6.5583606e-04  -3.0986383e-04   1.2871188e-04
  -3.0549170e-03  -8.5174881e-03   4.1615589e-02   8.9201766e-04  -4.3004300e-04  -1.7900539e-04
  -3.3548621e-03  -6.8069055e-03   4.0307670e-02   6.8942866e-04  -3.4663968e-04   1.6734943e-04
  -5.9325960e-04   9.2839285e-04   3.1382598e-02   7.6766039e-04  -4.1891578e-04   7.1249200e-05
  -4.8495218e-03  -1.5418076e-02   4.1558312e-02   8.8978405e-04  -3.3372881e-04   2.1688012e-04
  -4.0350412e-03   8.6598330e-03   3.1828900e-02   7.4269873e-04  -3.7200677e-04   6.7013371e-05
  -4.1510960e-03  -1.3130845e-02   3.7606984e-02   8.5479758e-04  -4.1015251e-04   2.4631309e-04
  -8.3416111e-03   1.0555470e-02   3.1554374e-02   7.6017215e-04  -2.0654583e-04  -5.0972153e-06
  -1.1587669e-03  -1.2979886e-02   3.2132606e-02   9.2712894e-04  -4.9348977e-04   1.4312616e-04
  -1.1416374e-02  -2.0563611e-03   3.5809278e-02   8.8114170e-04  -1.8711863e-04  -2.0311624e-05
  -2.5379225e-03  -1.3234484e-03   3.8135041e-02   8.9022552e-04  -4.9261821e-04   1.6041954e-04
  -4.2605722e-03  -8.7350971e-03   3.6490921e-02   9.4720141e-04  -4.0488412e-04   1.4246773e-05
  -2.7953640e-03  -3.4512980e-03   3.2294380e-02   9.8681772e-04  -5.8573059e-04   2.5110344e-04
  -8.4528518e-03  -6.6490690e-04   2.6871889e-02   7.6719476e-04  -4.3555993e-04   3.0069691e-05
  -9.4102177e-03   2.2576585e-03   2.3203627e-02   6.3460898e-04  -3.7815794e-04   3.6644954e-05
  -1.1832811e-02  -3.2344652e-03   2.8207918e-02   1.0240733e-03  -3.1122260e-04  -8.1231047e-05
  -7.3851401e-03   1.0008259e-02   2.8342226e-02   7.1500850e-04  -3.9221552e-04  -1.7261526e-05
  -6.0254175e-03  -1.1130218e-02   4.0790401e-02   1.1426848e-03  -4.5859976e-04   1.0336266e-04
  -4.3278030e-03   5.6383296e-03   4.0232026e-02   7.7765167e-04  -4.4420416e-04  -1.7297300e-05
  -2.8834513e-03  -1.0674521e-02   4.0582071e-02   9.1246166e-04  -4.4540805e-04   2.3995068e-04
  -6.8813282e-03   4.3708553e-03   4.0066164e-02   8.6224711e-04  -3.2930134e-04   3.2804753e-05
  -3.6872749e-03   5.2495565e-03   3.4281211e-02   7.2003984e-04  -3.5032442e-04   1.3279847e-04
  -9.5805463e-03  -9.7337415e-03   4.8852783e-02   1.3183816e-03  -2.3233134e-04  -6.9807327e-06
   2.1764873e-03  -4.9781138e-03   4.2291506e-02   1.0660056e-03  -4.9665735e-04   1.6021200e-04
  -3.6786774e-03  -5.0019157e-03   3.9629947e-02   1.0813604e-03  -2.7694900e-04   6.6786736e-06
   8.1459988e-04  -3.6492426e-03   3.7228319e-02   9.6859218e-04  -3.0684152e-04   8.0849711e-05
  -3.5540442e-03  -3.8489836e-03   3.4354085e-02   1.0042993e-03  -2.1572796e-04   1.0013674e-04
  -1.3256765e-03   1.0147169e-03   3.3830708e-02   9.6531489e-04  -2.8922148e-04   1.2451194e-04
  -8.4770388e-03  -1.6390274e-03   3.4247452e-02   6.9550162e-04  -2.7914428e-04   1.6627719e-04
  -5.3689823e-03   5.2878434e-03   3.3454014e-02   9.8411833e-04  -3.3914737e-04   1.1588163e-04
  -6.1400810e-03  -1.4602178e-02   3.7933576e-02   8.1304792e-04  -3.2115513e-04   1.4827453e-04
  -6.1833703e-03   1.6303002e-03   3.7776106e-02   1.0082970e-03  -1.3477397e-04   7.7974841e-05
  -5.5604852e-03  -1.6351765e-02   4.2879287e-02   1.0830348e-03  -2.9174455e-04   2.0773595e-04
  -7.1346384e-03   5.5191428e-03   3.7828164e-02   1.1673382e-03  -1.4839926e-04   7.5735393e-05
  -6.5321986e-03  -1.2058517e-02   3.9430735e-02   9.3192567e-04  -2.9277548e-04   1.2928998e-04
  -3.8112228e-03   1.0380814e-02   3.4331064e-02   1.0625058e-03  -3.4185964e-04   9.3737252e-05
  -8.2391984e-03   1.8639551e-03   3.3005985e-02   1.2750083e-03  -4.3093024e-04  -5.7221256e-05
  -5.6389916e-03   1.7191903e-02   3.3389371e-02   1.1320541e-03  -3.6734859e-04   7.3098981e-05
  -7.6256134e-03   1.0634948e-02   3.1107393e-02   9.0017980e-04  -4.5377422e-04   6.6921799e-05
  -9.6876604e-03   3.2050904e-02   3.2647218e-02   1.0451884e-03  -3.8867480e-04  -3.7505588e-06
  -4.9247485e-03   4.5221808e-03   3.3898552e-02   1.1541155e-03  -4.5002272e-04   1.7957227e-04
