   0.0000000e+00   0.0000000e+00   0.0000000e+00   0.0000000e+00   0.0000000e+00   0.0000000e+00
  -2.5614334e-03  -1.1712235e-02  -4.9855771e-04   8.1499497e-05   1.4347661e-04  -1.3435003e-04
  -1.1243079e-03  -1.0274342e-02  -3.5153874e-03   1.1095009e-04   5.7915685e-05  -8.9549330e-05
  -1.0678816e-02  -5.0531261e-03  -1.5869897e-03   2.9619979e-04   8.9499262e-05  -1.4254997e-05
  -1.9493574e-02  -1.0198119e-02  -1.4893759e-05   6.4012801e-04   1.6391018e-04   2.9337478e-05
  -1.6936584e-02  -1.1745616e-02   2.6862965e-03   4.4198557e-04   2.0681237e-04  -7.9849584e-06
  -1.6555421e-02  -1.0719624e-02   1.4940557e-04   5.1107712e-04   2.4997578e-04  -1.8127732e-04
  -9.0282551e-03  -9.0399191e-03   4.7388655e-03   1.5320237e-04   9.5594397e-05  -2.1197101e-04
  -7.3446721e-03   1.0540571e-03   5.3725999e-03   6.5362735e-05  -1.2476933e-04  -1.7827285e-04
  -1.3191247e-02  -2.5725361e-03  -1.1252298e-02   3.8900744e-04   1.5649515e-04  -2.3257641e-04
  -9.9003645e-03  -1.9649777e-03   6.7490016e-03   1.5836660e-04   2.6307223e-05  -1.3089887e-04
  -1.2468314e-02   2.5490630e-05   2.0772411e-02   2.9719863e-04  -4.7070736e-05  -1.2857644e-04
  -1.6703073e-02   6.2790242e-03   1.6409305e-02   4.2010641e-04   7.3450106e-06   3.7036223e-05
  -2.7769694e-02  -2.2493190e-03   1.4231010e-02   6.5758937e-04   1.0394734e-04   1.6492739e-05
  -8.6554654e-03  -5.4535427e-03  -3.4630669e-03   1.8117864e-04   4.2519781e-05  -2.1626245e-04
  -9.0308504e-03  -4.8234005e-03  -8.1533994e-03   1.2250578e-05   1.3837188e-05  -2.9019297e-04
  -7.1342906e-03  -5.6479779e-03  -7.6419624e-03   1.0534570e-04  -8.9190755e-05  -2.1348766e-04
  -7.7895430e-03  -3.1187728e-03   2.7972134e-03   1.6848678e-04  -1.2195789e-04  -1.9464704e-04
  -9.6402529e-03  -3.2662477e-03   2.1565098e-03   1.9755822e-04  -1.1936836e-05  -2.2005797e-04
  -1.5837444e-02   1.1702303e-03   1.1578963e-02   2.6691855e-04   9.0649710e-05  -1.4453316e-04
  -8.7458901e-03  -8.3136222e-03  -9.8681619e-04   8.2312557e-05  -4.1021811e-05  -2.3498259e-04
  -1.2423827e-02  -1.1975980e-02   2.8479217e-03   1.4976170e-04   6.1356493e-05  -2.2979734e-04
  -7.8143194e-03  -8.5052621e-04  -6.6595396e-05   5.9777282e-05   1.7021787e-05  -2.6641878e-04
  -8.1821331e-03   2.0803202e-03   1.0136888e-03   4.5641172e-05   3.3732908e-05  -2.6199679e-04
  -1.0831375e-02  -1.0089958e-02   8.4504241e-03   2.8788748e-04   4.5263432e-05  -5.5475782e-05
  -9.9836681e-03  -9.0613966e-04   1.0947020e-02   2.2609598e-04   6.2699268e-05  -9.0561652e-05
  -4.3708142e-03  -1.5473287e-03   3.2380763e-03   9.5905917e-05  -3.3512189e-06  -1.6549084e-04
  -1.0502658e-02  -8.4635308e-04   4.8480131e-03   2.2917798e-04   5.7256993e-05  -1.6625247e-04
  -5.9554292e-03  -1.4288787e-02   1.0794570e-03   2.5737821e-04   4.0861717e-05  -1.8221951e-04
  -1.0824294e-02  -3.7478496e-03   1.5398425e-02   2.4646255e-04   1.2240617e-04  -1.1960165e-04
  -7.4491142e-03   1.3729343e-04   7.8002404e-03   9.3367236e-05   1.0997182e-04  -1.1639331e-04
  -1.1820382e-02  -3.7200287e-03   4.2668443e-03   1.9694051e-04   1.5677401e-04  -1.4135904e-04
  -1.2398349e-02  -1.0778728e-02   2.8086645e-03   1.5580180e-04   1.7011768e-04  -1.0362645e-04
  -7.8316362e-03  -1.4793516e-02  -3.7896851e-03   1.3237462e-04   1.5312328e-04  -2.8347280e-04
  -1.5824046e-02  -8.6554955e-03   5.1046077e-03   2.1377354e-04   1.4578189e-04  -3.8647372e-05
  -1.1375710e-02  -7.6102678e-03  -1.8361602e-03   2.6153801e-05   1.6735986e-04  -1.9608518e-04
  -1.3696566e-02  -8.8418012e-03  -3.0986033e-03   1.0447521e-04   1.4042747e-04  -2.2346002e-04
  -1.3326602e-02  -3.6314023e-03   8.0398979e-03   3.6387837e-04   2.2202111e-04  -1.4550715e-04
  -1.6677824e-02  -1.3018265e-02   7.3394712e-03   1.9062739e-04   3.1835224e-04  -1.3041069e-04
  -1.4088379e-02  -5.8453468e-03  -2.7130880e-03   1.7864591e-04   3.3418661e-04  -1.0902081e-04
  -2.2843083e-02  -9.6747598e-03   8.2437942e-03   3.1384139e-04   3.3355876e-04   3.4239268e-05
  -1.8999477e-02  -3.4591691e-04   1.7347244e-02   7.4810992e-05   2.2070185e-04  -3.2939967e-05
  -2.0329831e-02  -6.2813096e-03   8.4324519e-03   2.1385595e-04   2.9485229e-04  -1.1079665e-04
  -1.5279387e-02  -6.4933655e-03   8.4871983e-03   2.7749089e-04   2.7408927e-04  -6.6869486e-05
  -1.3956706e-02  -4.5218180e-03   7.5589125e-03   2.0068647e-04   2.7996264e-04  -7.9342026e-05
  -1.7677170e-02  -1.1765851e-02   1.0741963e-02   2.7820174e-04   3.1475012e-04  -9.3037677e-05
  -1.5428354e-02  -1.2863510e-02  -2.3673936e-05   6.6707205e-05   2.5780557e-04  -1.1477790e-04
  -1.9708605e-02  -1.4200856e-02   5.3821968e-03   3.0941993e-04   4.0520672e-04  -5.8667072e-05
  -1.9838493e-02  -1.8444867e-03   1.6821251e-02   1.9800478e-04   4.9934305e-04   8.2760439e-05
  -1.4091685e-02  -3.3114900e-03   6.2007836e-03   2.5398572e-04   2.7058952e-04   4.7021715e-05
  -1.4606097e-02  -4.4110334e-03   1.0855073e-02   2.7485539e-04   2.4396537e-04   3.9895301e-05
  -2.0782207e-02  -1.0740353e-02   1.4428296e-02   3.6174925e-04   3.5027099e-04  -5.4995269e-05
  -3.0361653e-02  -4.7072601e-03   2.5176959e-02   4.8800506e-04   4.5591554e-04   5.3745676e-05
  -1.5326072e-02  -1.0783442e-02  -6.8405967e-03   1.4695397e-04   2.7717087e-04  -1.6285142e-04
  -1.8258556e-02  -1.3234679e-03  -2.6582248e-03   4.3313846e-05   1.6852012e-04  -9.0350425e-05
  -2.8063284e-02  -3.2163087e-03   2.1343320e-02   3.3382598e-04   3.3047098e-04  -9.9096566e-05
  -9.8306917e-03  -9.9027615e-04   5.0801996e-03   9.5383600e-05  -6.2030971e-05  -2.5555535e-04
  -6.9331155e-03  -2.2828505e-03   1.4459075e-02   1.8100413e-04   1.3958757e-04  -9.1119929e-05
  -2.3671576e-02   8.5060327e-03   1.8973293e-02   1.9085040e-04   4.4717765e-04   2.3131727e-05
  -3.1081085e-02  -5.0213913e-03   3.2795947e-02   3.0498024e-04   4.7871281e-04   1.1147444e-05
  -1.9845717e-02  -4.4463950e-03   9.7094972e-03   9.8808427e-06   1.9257485e-04  -1.6735330e-04
  -1.7175752e-02   3.7246078e-03   1.0096461e-02   1.9342958e-05   3.6460651e-04  -3.7168136e-05
  -2.0686422e-02   7.0282474e-03  -9.5491514e-03  -5.4907214e-05   3.2893605e-04  -2.2108688e-04
  -3.4387567e-03   1.1764548e-02   5.4410335e-03  -6.0073426e-05  -2.8029736e-05  -1.0118683e-04
  -2.3765237e-02  -3.3484294e-04   1.1787701e-02   9.6744061e-05   5.0196491e-04  -2.8072679e-05
  -2.2463350e-02  -1.1264886e-02   1.1729433e-02   1.8170456e-04   3.2495701e-04   2.4067956e-05
  -1.2926560e-02  -3.0487048e-03  -2.2731536e-03  -4.3558546e-05   2.3487233e-04  -1.2174511e-04
  -1.2658151e-02   6.1448689e-03  -1.0954352e-02  -5.7939843e-05   2.6519213e-04  -1.5127562e-04
  -1.6443044e-02   3.1914454e-03   3.3871343e-03   1.6023065e-04   1.9932642e-04   2.0579877e-05
  -1.9800973e-02  -6.8005082e-03   1.4609966e-02   1.8270898e-04   2.2106810e-04   5.3445574e-05
  -1.0165757e-02   7.9274587e-03   4.4134294e-03  -4.1500350e-05   1.8999960e-04   9.1911925e-06
  -2.0050645e-02   2.2295596e-03   1.7596265e-02   2.5846395e-04   3.6291766e-04   1.3761394e-04
  -2.3225811e-02  -9.6813037e-03   2.7614381e-03   3.1402810e-04   2.7006211e-04   1.5038611e-04
  -8.8071308e-03   9.7146327e-03  -9.4126033e-03  -2.0856159e-05   1.6915937e-04  -5.9988437e-05
  -1.0819768e-02   6.6025450e-05  -1.2027712e-02  -2.1894041e-04   2.5531389e-04   3.5787786e-05
  -2.0530066e-02  -1.7528462e-03   6.8184699e-03   4.5829744e-05   5.0696741e-04   1.5133736e-04
  -1.5225128e-02   1.1361562e-03  -1.1860924e-03  -3.2024990e-05   2.3228552e-04   5.6382944e-05
  -6.2639485e-03   3.1111292e-03   4.4336148e-04   1.8332754e-04   1.9142616e-04   1.6553776e-04
  -9.0112380e-03   1.3921649e-02  -8.2182782e-03  -1.8112916e-04   1.4354329e-04   6.7304298e-05
  -8.0070721e-03   6.6946810e-03  -4.2322431e-03   8.5105492e-06   1.6350003e-04   8.1930345e-05
  -1.0723031e-02  -4.5214383e-03   5.8880077e-03   3.2552469e-05   3.1107636e-04   2.2897744e-04
  -1.1355339e-02  -5.5808121e-03  -9.0751414e-03  -1.3181816e-05   1.5194971e-04   6.6280245e-05
  -1.1907921e-02  -1.9559549e-03  -6.9566413e-03  -2.5670766e-05   2.6222582e-04   1.3781981e-04
  -9.3577826e-03   2.9484589e-03  -1.5626768e-02  -9.5842720e-05   2.4240831e-04   5.9832371e-05
  -6.1447218e-03   8.1250412e-04  -1.1036413e-02  -2.6748754e-04   1.0754467e-04   2.6826290e-05
  -7.1400038e-03  -7.0292202e-03  -7.5332927e-03  -1.3905830e-04   1.4613357e-04   4.1406918e-05
  -1.2661586e-02  -4.4514700e-03  -5.0675130e-03   1.5444831e-04   1.1512668e-04   5.7107427e-05
  -1.6560999e-02  -2.1947706e-03  -1.8031396e-02  -1.6830961e-04   3.6178769e-04   2.2587924e-05
  -1.8948535e-02  -1.9962781e-02  -1.1198654e-02  -3.4603299e-05   2.0515291e-04  -3.8594719e-05
  -1.3541580e-02  -1.2622243e-03   5.9242268e-03  -1.5533608e-04   1.5809968e-04  -1.8845798e-05
  -2.1652129e-02  -3.2084057e-03   1.0596808e-02   2.7995675e-04   3.4181446e-04   2.0906512e-04
  -1.0421920e-02  -7.2854515e-03  -9.6438021e-03  -3.7059345e-05   7.0026457e-05   1.1932769e-04
  -1.1946776e-02  -1.3372585e-02  -1.6947074e-02   1.7314195e-05   1.9614677e-04   2.4757304e-05
  -7.3453337e-03  -3.9128128e-04  -1.8850358e-02  -5.7738162e-05   2.5972634e-04   4.1151844e-05
  -1.2798416e-05   5.4598349e-03  -1.3116407e-02  -2.0538960e-04   1.9144555e-04   2.0537782e-04
  -1.0465149e-02  -2.6237168e-03  -2.9911760e-03   2.1402668e-04   1.8704170e-04   1.2608099e-04
  -8.8866250e-03  -1.6271297e-03  -3.7422163e-03  -3.3758382e-05   1.5772435e-04   5.2099861e-05
  -1.6210660e-02  -1.5608218e-02   8.2170494e-04   5.6151583e-05   3.3711877e-04  -3.6694502e-06
  -1.3895565e-02  -4.7336841e-03   6.1694088e-03   4.5993222e-05   1.3457505e-04  -8.5647536e-06
  -1.4151877e-02   2.0353552e-03   3.3457555e-03   3.0224453e-05   5.0103755e-05   4.5606236e-05
  -2.2962852e-02  -4.1719684e-03   9.1133619e-03   2.0032687e-04   3.1011296e-04   1.7013677e-04
  -1.3553779e-02  -5.0846725e-03  -6.0663811e-03   4.5054296e-05   2.4705012e-04  -6.9614624e-05
  -1.2550204e-02  -6.4546098e-03   9.6002494e-04  -1.6988920e-04   3.2436259e-04  -5.4179882e-05
  -1.3174327e-02  -2.0774231e-03  -1.1525695e-03  -8.7398632e-05   2.0194751e-04   2.5430630e-05
  -1.0041086e-02  -2.1507323e-03  -4.9785635e-03  -3.3990001e-04   2.2639239e-04   1.9291688e-05
  -1.3066093e-02  -8.0353469e-03  -4.2206546e-03  -3.8091281e-05  -6.3978249e-06  -5.4385352e-05
  -1.0002070e-02  -4.4265925e-03  -2.1527083e-03   2.3231873e-05   1.2983439e-04  -1.2430209e-05
  -1.5379984e-02  -5.2388938e-03   9.3598002e-03   1.3737418e-04   3.4737065e-04   1.0682468e-04
  -2.4869921e-02  -6.0003289e-03   1.1899813e-02   3.6148182e-04   4.0686703e-04   5.2644189e-06
  -1.8325924e-02  -5.6682653e-03  -4.0757952e-03  -4.9424501e-06   2.7452586e-04   6.6752771e-05
  -1.1896459e-02  -3.1030735e-03   9.0402824e-04  -2.8677578e-05   1.9254954e-04   5.7556347e-05
  -1.1015367e-02   3.6082937e-03   1.9086608e-03   3.8543261e-05   5.4213273e-05   2.1055446e-05
  -9.1718707e-03  -3.7536612e-03  -3.0258502e-03  -5.4595000e-05  -1.2252202e-05   5.8106190e-05
  -8.3558647e-03  -1.4684039e-03  -4.2459936e-04   7.8159472e-05   1.5675054e-04  -4.0426587e-05
  -2.3392160e-02  -9.4645099e-03   1.1649594e-02   2.0573675e-04   4.5244056e-04   3.8181306e-05
  -1.9667318e-02  -1.6582863e-02  -1.3380200e-02   7.0454624e-05  -3.0559750e-05  -1.4723776e-04
  -1.3561092e-02   9.6942527e-04   1.0784820e-03  -2.1090815e-04   1.5801170e-04   6.4109953e-05
  -6.9914626e-03   4.9428736e-03  -3.5097926e-03  -2.2508256e-05   5.5618449e-05   4.0879494e-05
  -1.2308981e-02   2.7316794e-03   6.0157039e-03   4.5851573e-05   5.7173870e-05   8.7194150e-05
  -1.2119713e-02  -7.1121040e-04   4.7298562e-03   1.2212504e-04   1.4397386e-04  -4.2607765e-05
  -1.9702271e-02   3.6337339e-03   6.8280584e-03   1.9337604e-05   2.5046375e-04   3.1429187e-05
  -2.4745548e-02  -6.1997518e-03   1.0171481e-02   1.6061067e-04   1.5114415e-04   1.3318378e-04
  -1.3450343e-02   1.2992129e-03   6.2753154e-04  -1.1842275e-04   1.1304436e-04   1.7629185e-05
  -1.9705771e-02  -3.2484834e-03   7.8239808e-03   2.6769205e-06   2.2311123e-04   1.6059654e-04
  -1.2513986e-02  -3.2332280e-03  -1.9440877e-03   1.0274274e-04   1.6857996e-04   1.3462023e-04
  -2.0275593e-02  -8.0727337e-03   1.7913228e-04   6.8212522e-05   2.9424103e-04   4.5897966e-05
  -1.2501244e-02  -8.1080965e-03  -1.5591282e-02  -9.5803495e-05   1.0504010e-04  -2.5351085e-05
  -1.5552264e-02   2.6898718e-03   1.3987570e-02   2.8683656e-05   2.0111984e-04   2.2024413e-05
  -1.7719756e-02  -6.8997670e-03   2.5961567e-04   2.0970400e-04   9.0768439e-05   6.5497971e-05
  -2.4983577e-02   3.0665063e-03   8.0725206e-03   2.1170575e-04   3.0172628e-04  -1.1477252e-04
  -1.9001718e-02   3.6017611e-04   7.1264467e-03   3.7858254e-04   1.8421797e-04   1.3473949e-04
  -2.3911845e-02  -3.2319478e-03   1.6043275e-02   2.2011528e-04   2.0342529e-04   1.1128380e-04
  -1.5896587e-02   3.5559317e-03   8.3147016e-03   1.3206427e-04  -1.9011305e-05   4.7735691e-05
  -1.1586387e-02   7.1449617e-03  -5.2775195e-03  -9.0646433e-06  -9.5076777e-05  -2.2508688e-05
  -1.1035092e-02   4.3615558e-03  -6.5882569e-04   8.8502744e-05  -1.1581038e-05   5.2707982e-05
  -2.4551748e-02   2.6309469e-03   5.6500553e-03   3.1826391e-04   8.3644086e-05   1.5982807e-04
  -1.3250508e-02   4.9384302e-04  -7.9575376e-03   5.5368892e-05  -1.2656254e-04  -6.4974183e-05
  -7.8501259e-03   9.6020168e-03  -4.2342338e-03  -1.1000136e-05  -1.6486791e-04   2.8598657e-05
  -8.8717943e-03   4.7076202e-04  -5.2047413e-03   1.3518233e-05  -1.2537876e-04   3.5280324e-05
  -1.8913771e-02  -3.2321513e-03   1.2797456e-02   3.6877734e-04   1.2607256e-04   9.7227967e-05
  -1.4612236e-02  -4.7477803e-03   5.7523955e-03   8.5866798e-05   1.5065746e-04  -2.4461124e-05
  -7.2800508e-03  -8.3944187e-03  -4.9714783e-03  -3.8792309e-05   5.7568993e-05  -4.3117036e-05
  -8.7851571e-03   4.3496608e-03   7.6759483e-03  -9.8949537e-06   2.0419580e-04   4.9000682e-05
  -3.7186815e-03  -4.7571326e-05  -6.2231743e-04   1.9098142e-05  -3.3357816e-05   6.5085719e-05
  -7.6616845e-03   2.7711128e-03   2.9688599e-03   7.1257135e-05   1.0015887e-04   6.5232942e-05
  -1.6449936e-02   1.3592083e-03  -1.3009011e-03   2.0334232e-04   4.5195716e-05   7.1043423e-05
  -1.0264031e-02   5.0161837e-03   2.1563490e-03   3.1482896e-04   6.1786595e-05  -1.0332050e-04
  -1.8493926e-02   3.2218555e-04   8.0759373e-03   4.4302568e-04   2.9387515e-05   1.4082456e-04
  -1.3101180e-02   2.9473632e-03   1.0693180e-02   5.1006914e-04  -1.5822376e-05   1.0598680e-04
  -1.4163149e-02   2.0759917e-03  -1.4695677e-03   4.4891600e-04   8.8605524e-05   9.7327476e-06
  -1.5524538e-02   1.6224196e-02   4.4232117e-03   2.2210669e-04  -1.3170814e-04   1.6219940e-05
  -1.8263228e-02   1.8715588e-02   4.4711148e-03   4.8790848e-04  -1.3301773e-05   1.1224202e-04
  -9.2021307e-03   9.7734652e-03  -2.2620794e-03   1.5757967e-04  -1.2312118e-05  -5.6346079e-05
  -7.3525637e-03   1.5973708e-02   3.8553320e-04   1.2100202e-04  -8.1243103e-05   1.5543861e-05
  -6.1099704e-03   1.0869387e-02   1.0870182e-03   2.5398809e-04  -7.9994704e-05  -7.5862638e-06
  -1.0697893e-02  -3.8435167e-04   3.6758731e-03   4.4585359e-04  -3.9796265e-05   7.6708947e-05
  -9.8393104e-03  -1.5011957e-03  -9.6550619e-03   3.2140618e-04  -4.1813387e-05  -1.0795564e-04
  -9.0686290e-03  -4.9236038e-03  -1.1775782e-02   2.4383108e-04  -1.4761288e-04  -7.2621429e-05
  -6.1875980e-03  -6.5001605e-03  -1.1064733e-02   3.1168177e-04  -1.4084313e-04  -3.0135399e-05
  -9.5844732e-03  -1.2250631e-02  -1.7411470e-02   2.6579089e-04  -1.3344625e-04  -1.8351468e-04
  -8.1417475e-03  -7.2450837e-03  -6.9478391e-04   4.8266913e-04  -1.8498971e-04   3.4430940e-05
  -8.2408814e-03  -9.2737342e-03  -5.3027141e-03   2.8018141e-04  -4.2915644e-04  -2.4666534e-04
  -1.9663330e-02  -2.2907883e-02   8.0141387e-03   6.8559520e-04   9.5737086e-04  -3.2470368e-03
  -4.3228263e-02  -5.9489310e-03   3.9031099e-03   1.3743112e-03  -2.3197810e-04  -3.5187689e-03
   2.7491874e-02  -1.2454437e-02   1.8372164e-03   1.3972445e-03  -6.5397700e-04   1.8223542e-03
  -3.1331241e-03   4.5061529e-03   8.4077344e-03   7.0229077e-04  -4.2057662e-04  -5.6653323e-04
   7.1215256e-05   1.2108877e-03   8.1215620e-03   6.7595347e-04  -4.1124070e-04  -7.0008508e-04
   2.0065903e-03   3.4318911e-03   1.0913001e-02   7.2549934e-04  -3.1129006e-04  -5.9838498e-04
   5.2295851e-04   8.7767913e-04  -1.1534367e-02   3.3912570e-04  -3.4537901e-04  -5.2318726e-04
  -5.8818631e-04   3.4836489e-03  -1.8565061e-02   6.1778771e-04  -2.4329713e-04  -6.6670857e-04
   2.5927707e-03  -7.5084147e-03  -1.8244387e-02   4.6040201e-04  -3.2498367e-04  -6.9868481e-04
   8.1559624e-03  -1.0966276e-02   3.2247522e-03   5.2859029e-04  -5.6233112e-04  -6.0211055e-04
  -1.7659106e-03   2.3504095e-03  -2.5496056e-03   4.1589659e-04  -2.7858466e-04  -6.0444323e-04
   3.8383323e-04   6.2782880e-03   3.8741101e-03   2.5717003e-04  -4.8339644e-04  -5.3203548e-04
  -8.2380272e-05   1.5916446e-02  -6.4731061e-04   4.0764158e-04  -3.7795744e-04  -5.1663040e-04
  -2.8764968e-03  -9.7640596e-04  -7.0360650e-04   5.4143255e-04  -4.0911801e-04  -5.8990308e-04
  -5.1608032e-03  -5.6724517e-04  -1.4489490e-03   4.4745412e-04  -2.8376745e-04  -5.8980325e-04
  -2.9769385e-03  -1.0231905e-02  -4.3444608e-03   2.1322951e-04  -3.3619279e-04  -4.7733575e-04
  -6.1984009e-03   7.5510935e-03  -1.3591259e-02   1.5216197e-04   4.7841199e-05  -6.9814138e-04
  -4.4567791e-03  -8.0998480e-03  -3.4986672e-03   2.0186793e-04  -2.5784426e-04  -6.4111304e-04
  -8.7247580e-03   2.6383228e-03   1.3538238e-02   5.3274968e-04  -1.9846999e-04  -4.8111248e-04
  -6.7888815e-03   2.8914868e-04   7.2185319e-03   3.6992759e-04  -2.1156913e-04  -5.3681573e-04
  -9.0318904e-03  -2.2353682e-02  -9.9485985e-04  -5.9500302e-04  -4.8982635e-04  -6.0888473e-04
  -1.3777813e-03   4.2334631e-02   1.8451804e-02   3.8820023e-04  -2.2724331e-04  -2.2377039e-04
  -8.1873894e-04   1.8297251e-02   1.2215807e-02   2.1172526e-04  -3.3616223e-04  -2.0502491e-04
  -2.4520486e-03   2.4186789e-02   1.8118947e-03   2.0967089e-04  -5.1514011e-04  -3.1424398e-04
  -5.5351457e-03   2.0609417e-02   3.4158209e-04   2.3445897e-04  -4.3466402e-04  -3.5384742e-04
  -4.7676278e-03   1.1934676e-02   6.0404568e-03   1.0818522e-04  -4.1755350e-04  -3.1222460e-04
  -4.0166102e-03   4.1745446e-04   1.9117334e-02   1.8131066e-04  -3.7402358e-04  -3.7039694e-04
  -7.8701167e-04   7.5773354e-03   2.4341881e-02   1.9297322e-04  -3.1145530e-04  -3.8047616e-04
  -5.0817764e-03   1.1151023e-02   1.5953885e-02   9.5105094e-05  -2.7734671e-04  -3.2321859e-04
   7.2638180e-04   2.8124541e-03  -2.8608977e-05  -1.3257296e-04  -4.3780765e-04  -2.1891995e-04
   2.1038486e-05   3.5099628e-03   1.3722916e-03   9.0382156e-05  -2.8194139e-04  -2.4848601e-04
  -9.2028083e-04   3.3649682e-03  -1.1727802e-02  -2.0632042e-04  -3.0819419e-04  -2.4495239e-04
  -1.1628649e-03   3.7043423e-04  -9.8015781e-03   5.0283673e-04  -1.6160705e-04  -1.4941155e-04
  -5.6173708e-03  -2.5879260e-03   6.0419476e-04   4.1476158e-04  -2.4562987e-04  -1.9884977e-04
  -2.3629108e-03   2.6856735e-03   9.0452543e-03   5.8922053e-04  -3.1760614e-04  -2.4680626e-04
  -3.7750662e-03   1.1911483e-02   6.5744811e-03   8.4954986e-05  -3.3468537e-04  -2.2591995e-04
  -1.0352411e-02   1.4654289e-02   3.8719998e-03   1.5991871e-04  -3.6951607e-04  -4.1258426e-04
  -4.1230359e-03   1.1596394e-02   1.3223751e-03   2.1155648e-04  -4.5640555e-04  -4.0441935e-04
