   0.0000000e+00   0.0000000e+00   0.0000000e+00   0.0000000e+00   0.0000000e+00  -3.4694470e-18
  -5.3311409e-04   1.3553768e-04  -4.7010544e-03   1.9633499e-04  -7.0995751e-05   1.2713034e-04
  -1.0682978e-04  -8.8153595e-05  -2.6377548e-03   2.8631879e-04  -3.5804844e-05   2.3562979e-05
   8.6028740e-04   1.4938233e-03   9.9785189e-04   8.1230896e-05  -9.8660978e-05   6.0999235e-05
   4.8744826e-05   4.4721953e-03  -7.9556763e-04   7.9673024e-05  -1.2909565e-04   7.5096054e-05
   5.7922076e-03   4.0241593e-03  -3.3961547e-03   2.4473411e-04  -3.3658367e-06   5.0005566e-05
   1.0107742e-02   2.3236893e-03  -1.9796654e-03   1.3391889e-04  -7.1451132e-05   8.7688895e-05
   7.6761048e-03   1.9368781e-03  -9.3644176e-03   1.0460759e-04  -8.4696914e-05   4.8548954e-05
   5.0854811e-03   4.5415577e-03  -7.3249024e-03   1.8663386e-04  -3.1761824e-05   1.2102491e-04
   5.9469569e-03   3.0512506e-03  -1.0312672e-03  -1.1311309e-05  -1.2323139e-04   1.2833487e-04
   4.3750515e-03  -1.5538888e-04  -1.2284092e-02   4.4328081e-05  -9.8082609e-05   3.6575573e-05
   4.2399223e-03   2.4504579e-03  -2.3127594e-03   4.4355892e-04   3.1106753e-05  -1.5213849e-04
   5.2297987e-03  -4.3302898e-04  -2.0967838e-03   3.3280786e-04  -1.1206605e-04  -1.2043676e-04
   3.2787256e-03  -4.1563623e-03   2.4695413e-03   3.5165682e-04  -1.3366652e-04  -3.0132519e-05
   6.2259472e-03   2.7123092e-04   6.0614118e-03   2.5378841e-04  -3.6984483e-05  -1.3613131e-05
   1.2150100e-02  -2.9494524e-03   7.7496664e-03   2.0869164e-04  -1.3101002e-04  -3.2126752e-05
   7.6155571e-03   2.7994551e-04   6.0389362e-03   2.3104521e-04  -9.5037147e-05  -2.7769708e-05
   4.7910098e-03  -1.8176018e-03   1.0120217e-03   2.2752316e-04  -1.8574777e-04  -7.6589207e-06
  -2.0190905e-04   1.8960811e-02  -1.0192775e-02   2.2358039e-04  -5.8498805e-05   3.6128910e-05
   1.5227614e-03   1.2448999e-02   6.9714521e-03   1.7913008e-04  -1.1126533e-04   9.5363389e-06
   8.0522606e-04   1.4844264e-02   5.4271995e-03   2.8883702e-04  -8.8848439e-05   3.1730711e-05
   3.4061496e-03   1.7917419e-02   6.5011542e-03   2.9392080e-04  -1.6486333e-04  -3.4700705e-06
   1.9157982e-03   1.9582779e-02   5.1872262e-03   2.6843821e-04  -2.2952417e-04  -1.1479727e-04
   6.8511266e-03   1.1465156e-02   5.3954434e-04   3.9760536e-04   2.2586903e-05  -7.3828591e-05
   6.8012513e-03   5.2730092e-03   9.9068902e-05   1.2811650e-04  -1.0872905e-04   6.0127539e-05
  -6.6731387e-04  -1.8038546e-04   1.3327591e-05   1.4557219e-04  -1.3461222e-04  -8.4093151e-06
  -2.2782769e-03  -1.7556636e-03   3.9407287e-03   3.6098635e-04   5.2878749e-06  -1.9015249e-05
   2.6840978e-03  -2.8324921e-03  -6.9337457e-05   1.8765703e-04  -1.5135465e-04   1.5728320e-05
   2.6281270e-03   4.6813988e-03   2.9531109e-03   2.1780409e-04  -1.7834178e-04  -1.4190542e-05
   1.3505504e-03   9.6993786e-03  -3.0168671e-03   4.6523176e-05  -1.9805932e-04  -7.2074775e-06
  -2.3535989e-03   4.8426338e-03  -9.6290672e-03   1.9941180e-04  -1.2406674e-04  -4.9753553e-05
   2.3789379e-03  -8.2689356e-04  -2.6063542e-03   1.8280430e-04  -2.2314004e-05  -2.0220076e-04
   6.9238641e-03   4.0699877e-03   9.3285386e-04   6.8115904e-05  -1.4086805e-05   1.2617877e-05
   1.2030504e-02   2.0262995e-04   5.2746202e-03   2.0572243e-04  -5.6141194e-05   6.1842035e-06
   1.3994761e-02   2.9077806e-03  -1.4557634e-04   1.4727513e-04  -1.7915186e-04  -2.7843515e-05
   7.5526717e-03   4.4186592e-03  -1.8500367e-03   6.2954278e-05  -1.9035379e-04  -4.3972825e-05
   3.1737206e-03   5.1139488e-03  -1.1432896e-02   1.4169962e-04  -1.6754162e-04   2.4206907e-05
   6.4344260e-03  -6.6664045e-04  -8.2644999e-03   3.0525729e-04  -6.6206356e-05  -1.2360089e-04
   8.3760536e-03  -1.8435272e-03  -1.0400346e-02   2.4872782e-04  -1.0033465e-04  -1.7932721e-05
   7.0951378e-03  -1.1825804e-03  -3.3728003e-03   1.9767926e-04  -5.8907096e-05   3.5785708e-05
   8.2652960e-03  -4.6916379e-03  -7.6005529e-03   2.1404607e-04  -1.5178927e-04  -3.8799355e-05
   8.4270276e-03  -1.5973459e-03   5.3126535e-04   3.2998899e-04  -3.9326498e-05  -1.4522058e-04
   1.2707711e-02  -7.8069393e-03  -6.6458630e-03   2.7737719e-04  -1.2211825e-04  -4.7549389e-05
   9.7552200e-03  -1.7945224e-03   3.4326228e-04   4.1872033e-04   4.3997376e-05  -6.3855633e-05
   5.9851625e-03   5.5885795e-03  -4.8117330e-04   2.0913049e-04  -1.2722885e-04  -2.5629242e-05
   4.9670914e-03   5.9728512e-03  -1.0516311e-03   4.0963126e-04  -8.8911806e-05  -1.0483887e-04
   5.9774006e-03  -3.8942924e-04  -5.8166227e-03   2.7896727e-04  -8.1296188e-05  -5.6657756e-05
   6.8647565e-03  -5.9669114e-03  -9.2574211e-03   4.1045243e-04  -9.3941665e-05   3.3011592e-05
   4.1698594e-03  -1.1218193e-02   1.9101978e-03   5.2056233e-04  -1.5190755e-05   1.8410398e-05
   6.1993220e-03  -5.7528324e-03  -1.5070619e-03   2.3754643e-04  -9.4322017e-05   6.6203402e-05
   7.3619717e-03  -3.4034828e-03   5.9139518e-04   5.0876475e-04   1.3039069e-04  -3.8871373e-05
   1.2734055e-02  -1.0592755e-03   2.2993826e-03  -6.1829759e-05  -2.2925363e-04   1.1528855e-04
   7.2728187e-03   7.4068794e-03  -8.7483149e-04   2.9102803e-04  -4.3459129e-05  -3.2806152e-05
   1.2381747e-02   7.3436772e-03   3.5621062e-03   3.2816909e-04  -2.7416737e-05  -5.8499450e-05
   1.1011537e-02  -7.1776249e-05  -6.4957545e-03   4.1204579e-04  -6.1484461e-05  -1.6735042e-05
   5.8631750e-03  -8.1816828e-03   1.5897655e-03   2.3383654e-04  -9.0257932e-05  -2.1996407e-05
   5.8100175e-03  -4.1753190e-03  -4.2843489e-03   4.6548386e-04  -8.5338359e-05  -1.1503985e-04
   8.3061299e-03  -2.9692680e-03   5.3378002e-03   3.2288027e-04   6.7780554e-05  -1.6653400e-05
   1.4378496e-02   6.9538810e-03  -2.2184465e-03   1.8940931e-04  -1.2103741e-04   1.4224493e-05
   9.9363069e-03  -8.1971451e-03  -2.7223590e-03   3.9459288e-04  -7.8800906e-06  -2.7101658e-05
   9.4188703e-03  -9.4120968e-03   1.3998071e-03   1.4426698e-04  -2.8334689e-05  -6.0704558e-05
   6.2282628e-03  -4.8779198e-03  -5.8900793e-03   2.9781040e-04  -1.0561920e-04  -1.1172618e-04
   5.0008935e-03  -1.0844264e-02   6.1452414e-03   5.6987155e-04   1.5387370e-05  -1.3770102e-04
   1.2040515e-02  -5.9640910e-03   8.1774442e-03   3.1126963e-04  -8.2057778e-05  -4.1119639e-05
   6.4466509e-03  -3.7274334e-03  -2.9158100e-03   4.1047383e-04  -6.8744188e-06   2.9817131e-06
   8.5575496e-03  -9.1004996e-03   3.4806458e-03   3.4812046e-04  -7.6204697e-05  -1.2698735e-05
   5.3394717e-03   1.9947048e-03  -1.5248003e-03   2.3678838e-04  -1.1265525e-05  -3.9824136e-05
   8.5397202e-03   3.0310965e-04   1.8994775e-03   2.9939439e-04   5.2621121e-05  -9.2961150e-05
   7.2507620e-03  -5.1264376e-04  -1.5430567e-03   1.9841829e-04  -1.0151415e-04  -6.3781809e-05
   4.0863630e-03   1.4024884e-03   3.6176028e-03   3.9316419e-04  -1.3375075e-04  -1.2760186e-04
   5.3157339e-03   4.6926788e-03   1.0920881e-02   3.9332075e-04  -6.7576870e-05  -1.4080074e-04
   1.3618462e-02   9.1441717e-03   1.7122667e-02   7.4069763e-05  -3.6410254e-04   1.1447296e-04
   9.6969733e-03   5.6408962e-03  -4.0534202e-03   2.5138765e-04  -1.1790176e-04   1.3612112e-05
   1.2716158e-02   3.8017093e-03   4.5674113e-03   2.5665234e-04  -2.9352687e-04   5.1288976e-05
   1.0175136e-02   5.5618121e-03   8.2469771e-03   1.9157733e-04  -2.8488222e-05  -1.1047680e-05
   7.4980513e-03   4.5845475e-03   1.0712718e-03   5.0319062e-04  -4.6632404e-05  -2.7098847e-05
   8.6127554e-03   5.9971613e-03   2.9634849e-03   2.6072995e-04  -6.1368659e-05  -1.1991642e-04
   4.5433717e-03   2.8593400e-03  -1.8726942e-02   3.8570774e-04  -2.5745898e-04   2.0047790e-04
   6.2386901e-04  -9.6465868e-04   2.7456951e-03   3.7440702e-04  -1.4039678e-04   3.7944270e-05
   2.2996653e-03  -4.9214909e-03   3.8273139e-03   3.0634659e-04   3.7105668e-05   1.1896729e-05
   9.8780619e-03  -1.1181726e-03   6.3756856e-03   1.0109251e-04  -2.1025682e-04   1.0096005e-04
   6.9173720e-03  -3.8078285e-03   4.6279180e-03   4.5465033e-04  -5.5176086e-05  -5.7158336e-05
   1.2722834e-02   7.1439166e-03   1.3180396e-02   1.6455995e-05  -3.7784639e-04   1.2698338e-04
   5.9001306e-03   3.3169840e-03   4.8038489e-03   2.2193845e-04  -3.4579558e-04   5.2510759e-05
   5.9135627e-03   5.6715690e-03   4.0900845e-03   1.5580130e-04  -1.4633198e-05  -7.7229518e-05
   9.2979382e-03   9.6722608e-03   4.5301532e-03   1.0295368e-04  -1.7120223e-04   1.4781396e-04
   9.5199394e-03   1.0663253e-02   5.2759012e-04   1.3766055e-04  -6.4258730e-05  -7.1122991e-05
   9.9651247e-03   1.0406282e-02  -4.2632343e-03   1.0240795e-04  -1.2906888e-04  -1.2911830e-05
   8.7748506e-03   4.2531132e-03  -2.8080340e-03   4.4546886e-05  -1.8815666e-04  -2.8367046e-05
   2.9444548e-03   8.0870543e-03  -1.7506354e-03   4.5337932e-04   3.8014328e-05  -9.5058243e-05
   3.0118325e-04   1.0352147e-02   7.7629208e-04   3.2056972e-04  -1.6037612e-04  -6.9948828e-05
   4.7739648e-03   1.6715606e-03   8.9089420e-03   4.3251091e-04  -6.3432391e-05  -1.2461498e-04
   1.0577293e-02   2.2792086e-03   9.4407109e-03   2.2971892e-04  -1.6935241e-04  -7.5795717e-06
   1.0814767e-02   1.6285165e-03  -3.8416234e-03   2.5833468e-04  -1.6561126e-04  -5.4838239e-05
   1.2657952e-02  -6.7642925e-03   2.0028921e-03   3.1486308e-04  -6.7523135e-05  -1.5664553e-04
   9.1184186e-03  -4.4174137e-03   5.0017442e-04   1.8202069e-04  -9.4377805e-05  -7.2967469e-05
   4.7621978e-03  -4.2751000e-03  -6.4934762e-04   3.1681815e-04  -2.3242349e-05  -1.0312596e-04
   9.3714300e-03  -2.4634298e-03   1.3589076e-03   9.4382688e-05  -2.3269455e-04  -1.0127347e-04
   6.2301222e-03  -2.8144338e-03  -2.9870609e-03   2.3329481e-04  -1.4932571e-04  -1.3599150e-04
   6.7780268e-03  -6.9697934e-04  -6.4520379e-03   6.9415880e-05  -3.6144428e-04  -7.2428565e-05
   5.6116250e-03   5.5914855e-03  -1.8371996e-03   3.0222668e-04  -5.6021159e-05  -1.5195475e-04
   3.1192890e-03   2.3002995e-03   3.0114676e-03   2.0066057e-04  -1.9723730e-04  -5.6654052e-05
   2.9805277e-03   1.2697852e-02   8.3735403e-03   1.7331242e-04  -8.6904796e-05  -2.0193273e-05
   5.6810703e-03   1.6376353e-02   5.3686782e-03   2.6234662e-04  -1.3536906e-04   1.6064447e-05
   3.1314635e-03   1.1293311e-02  -1.4627336e-03   4.3196761e-04   1.2385896e-04  -1.1804099e-04
   3.5587338e-03  -7.0811813e-03   2.8794879e-03   2.4684569e-04  -5.8409226e-05  -2.8360173e-05
   6.8225851e-03  -1.2560077e-02   1.5460724e-02   4.2084951e-04   1.0111101e-04   3.8298835e-05
   1.4579510e-02   1.2760916e-04   1.2297332e-02   7.7089630e-05  -1.1157585e-04   1.1525394e-04
   1.1044838e-02  -5.4872713e-03   2.2488053e-03   1.3846416e-04  -3.0950721e-06  -2.1696604e-05
   1.8142626e-02  -2.2239101e-03   6.5987561e-03   1.6833788e-06  -2.1859652e-04   4.8526331e-05
   1.0694352e-02   2.4495696e-03  -1.1574500e-03   1.5319116e-04   1.1742464e-04  -9.0631529e-05
   7.8740612e-03  -6.9993624e-03   2.1331818e-03   9.2527935e-05  -4.5233344e-05   2.3052728e-05
   2.3397966e-03  -1.0042096e-02  -2.8611059e-03   2.2228787e-04  -7.7591542e-05   1.2366528e-05
   5.6772340e-03  -9.8738057e-03   6.4422766e-03   3.4208755e-04  -7.1825541e-06  -1.3205895e-04
   4.4560453e-03  -1.2389229e-02   6.2090287e-03   2.9776726e-04   1.0394629e-05  -2.8435949e-05
   7.7174265e-03  -5.5012005e-03  -1.6190496e-04   2.0404884e-04  -2.5937822e-05  -6.0977937e-05
   9.1221128e-03  -3.6836817e-03   6.3610966e-03   2.6850802e-04  -3.1723590e-05  -1.2733886e-04
   1.0019919e-02   2.2879805e-03   1.6914330e-03   2.4308083e-04  -1.4331683e-04  -5.3677927e-05
   1.1415334e-02   2.7805456e-03   3.0644925e-03   2.3169248e-04   6.5337138e-05  -1.0444298e-04
   1.1582691e-02  -4.4304405e-03  -1.1628363e-03   4.2328011e-05  -6.1917416e-05  -3.1892751e-06
   7.6897110e-03  -6.4619213e-03  -2.2318181e-03   2.4574454e-04   1.5222226e-05  -9.8524771e-05
   7.5504394e-03  -9.0563891e-03  -9.9527360e-04   2.3544308e-04  -9.4751271e-05  -4.4174654e-05
   8.9626523e-03  -3.7496390e-03  -5.6594997e-03   1.7033726e-04  -2.0546961e-04   5.2360523e-05
   5.9523726e-03  -8.4073362e-03  -7.7698683e-03   2.4786929e-04  -1.5644694e-04   6.0394386e-05
   4.9667878e-03  -6.3262077e-03  -1.3653009e-03   3.6795319e-04  -1.0230091e-04  -2.8254154e-05
   3.7857716e-03   8.3680900e-03  -1.8009155e-03   1.3709414e-04  -2.1682922e-04   1.9350152e-05
   4.4980643e-03   9.7291142e-04  -4.7050815e-03   4.3032490e-04  -5.8125489e-05  -9.2983102e-05
   5.5762091e-03   2.8686273e-03  -1.0421718e-03   1.2811515e-04  -1.2453472e-04   3.0040694e-05
  -1.0128711e-03  -7.7156540e-04  -1.0286328e-02   3.2870139e-04  -5.0915668e-05   9.9482362e-05
   2.8903531e-03   4.9535251e-03  -2.6119672e-03   2.6013246e-04  -2.6618640e-05   3.1627460e-05
   1.4792290e-04  -2.5881811e-03  -9.5437568e-03   2.7286164e-04  -1.5709340e-04   1.1141882e-04
   4.4220864e-03  -1.9266058e-03  -1.3069380e-03   1.0775618e-04  -1.1249943e-04   3.8867379e-05
   2.3850236e-03   7.2535655e-03  -3.0010133e-03   8.8044417e-05   3.0682187e-06   5.5588104e-05
   2.6015573e-03   2.6722277e-02  -5.4254959e-03   9.3079725e-06   3.2574114e-06  -4.1375655e-05
   6.7466104e-03   8.5319342e-03   8.6455987e-03   2.9847434e-04  -1.7177594e-04   6.6940660e-05
   8.4055189e-03   2.8788083e-03   9.1704632e-03   3.5291359e-04  -1.1051714e-05   2.3829058e-05
   1.4447054e-02  -1.6627241e-04   9.7790692e-03   7.5101478e-05  -7.3025420e-06   5.3654143e-06
   1.1757673e-02   2.1069101e-03   7.6940727e-03   1.8037546e-04  -8.3993774e-05   2.1028363e-05
   1.2245582e-02   2.9994641e-03   4.4733540e-03   1.1767196e-04  -1.4007628e-04  -7.1220599e-05
   1.2052079e-02   1.2624391e-02  -1.0529526e-02   1.2545302e-04  -7.6713797e-06  -1.5263709e-05
   1.0867572e-02  -3.2320192e-03   6.7534673e-03   3.3480256e-04   2.6396264e-05   4.8594264e-05
   8.1090453e-03  -6.8538563e-03   3.9061733e-03   9.5029182e-05  -2.9228599e-05   5.6518043e-05
   1.0827561e-02   1.8434754e-03   5.6240013e-03  -5.0802928e-05  -1.9090820e-04  -1.5896421e-05
   1.3308314e-02   9.2236830e-03   2.1475050e-03  -5.2528043e-05  -2.4369898e-04   2.6083689e-05
   1.4477103e-02   1.5933173e-02  -2.1224539e-04   4.7378229e-05  -1.7414268e-04  -1.2914667e-05
   1.3784887e-02   1.1152781e-02  -2.7422613e-03   9.7361861e-05  -4.7688202e-05  -4.7732011e-05
   5.0403392e-03   1.8645596e-02   4.7430737e-04   2.3618613e-04  -1.0515427e-05  -1.0858402e-04
   5.4081859e-03   2.1940268e-02  -4.7225126e-03   7.6172676e-05  -1.7406483e-04  -9.7279520e-05
   6.5511283e-03   7.8566169e-03  -5.5844995e-03   2.9826913e-04  -1.2030342e-04  -1.5689991e-04
   9.0393556e-03  -9.1709658e-03  -9.4926468e-04   6.5362545e-05  -1.4737937e-04  -1.4978809e-04
   5.3790418e-03  -9.6955877e-03  -2.0355983e-03   8.3706413e-05  -1.2275806e-04  -6.2113591e-05
   8.5693346e-03  -1.9096971e-03   3.0118010e-03  -1.6871880e-04  -3.2705515e-04  -2.0438845e-05
   1.0507777e-02   7.3270889e-03   3.0414786e-03   7.1162380e-06  -1.3328144e-04  -4.6037196e-05
   8.2210497e-03   1.4729600e-02   8.7645233e-03   3.6127507e-04   4.9287146e-05  -1.6023095e-04
   4.8428266e-03   2.8505752e-03  -2.5109326e-04   4.2722314e-04  -1.4308229e-04  -1.9157219e-04
   8.2655813e-03  -4.9027143e-03   6.3448447e-03   3.4972862e-04  -7.2731909e-06  -2.0414689e-04
   1.2453782e-02  -3.1609996e-03   6.9954336e-03   7.7471130e-05  -3.3657938e-05  -9.3727269e-05
   1.0246983e-02   6.7392688e-04   6.1447932e-03   1.9319087e-04  -4.4369869e-05  -1.5344201e-04
   1.1108887e-02   6.2655483e-03   7.3321276e-03   1.8252348e-04  -1.9297880e-05  -9.1284551e-05
   8.8418780e-03   6.6588391e-03   5.8951680e-03   1.1050962e-04   1.7534892e-05  -1.5876712e-04
   7.9541887e-03   1.3774258e-02  -4.4111316e-03   3.8225151e-05  -1.3302521e-04  -7.0184799e-05
   4.8410122e-03   1.5828027e-02  -4.5311396e-03   3.0448132e-04  -2.6225149e-05  -2.3107863e-04
   7.1293949e-03   1.3930668e-02  -6.3604430e-03   1.2395471e-04  -7.6141891e-05  -1.4017420e-04
   3.0222292e-03   8.6145415e-03  -1.2605226e-04   4.7542519e-05  -2.3863698e-05  -1.9460117e-04
   2.9182673e-03   1.5945181e-02   1.2001509e-03   2.4391149e-04  -1.3327882e-04   3.2609230e-05
   6.1174510e-03   2.9433356e-02   1.3309500e-02   4.2068584e-04  -5.6543672e-05  -7.8478643e-05
   3.7665865e-03   1.4348677e-02   4.6959392e-03   2.9610746e-04  -8.0770782e-05  -1.1180255e-04
   2.5812798e-03   4.4267693e-03   1.0257892e-02   2.5254853e-04  -4.8273095e-05  -1.3308431e-04
   4.7584649e-03   1.8323293e-03   1.1150330e-02  -3.4705083e-05  -1.0593651e-04  -9.4077328e-05
   1.4969077e-03  -1.2420789e-04   6.8139844e-03   1.5254720e-04  -3.2647018e-06  -1.7715057e-04
   7.8789850e-03   1.2758833e-02   1.0500381e-02   1.5208926e-04  -1.0126283e-04  -1.2357354e-04
   6.6761174e-03   6.3502450e-03  -5.5867583e-03   2.5636614e-04  -1.5198633e-04  -6.4030606e-05
   6.9706797e-03   2.0015250e-02   2.3635401e-03   2.5816982e-04  -2.2965919e-05  -9.6949381e-05
   9.5181296e-03   1.0700825e-02  -9.8625493e-04   1.6456868e-04  -1.0039574e-04   2.3472173e-05
   1.0493774e-02  -1.6274506e-03  -6.5396219e-03  -2.2824290e-05  -5.0175307e-05   1.1170643e-04
   1.1428752e-02  -4.1182317e-03  -1.6090953e-03  -5.6163213e-05  -1.5910921e-04   5.2719120e-05
   1.4007556e-02  -1.0561372e-03  -6.9296311e-03  -3.5476612e-06  -1.7552331e-04  -4.5335233e-05
   1.4215681e-02   5.7084058e-03  -2.7338556e-03   1.3878298e-05  -2.8944164e-04  -5.3155592e-06
   8.7006543e-03   1.3144539e-02  -1.1908087e-02   1.7360382e-04  -1.7773278e-04  -4.2819081e-05
   8.7006659e-03   2.3797603e-03  -1.4447681e-03   2.5801957e-04   1.3436134e-05  -7.6984064e-05
   1.2072787e-02  -1.0550667e-02  -1.4244401e-03  -2.2423986e-05  -2.0935450e-04   1.4039341e-05
   1.0221220e-02  -8.9892938e-03   5.8774775e-03   1.6182010e-04  -5.0325942e-05  -6.3558052e-05
   1.3479471e-02   1.6232291e-03  -8.2336900e-03   4.0159477e-05  -2.5166637e-04  -3.8530278e-05
   1.2720845e-02  -8.5906482e-03  -4.6714611e-03   1.9239314e-04  -4.0857136e-05  -1.6696385e-04
   1.1861409e-02  -2.9399571e-03  -9.0687764e-03   1.5404617e-04  -5.7578088e-05   5.3088849e-05
   1.4150544e-02  -8.1927811e-03  -6.4421929e-03   3.6448803e-05  -9.9045047e-05   1.7216056e-05
   1.4460946e-02   7.6093402e-04  -7.8969989e-03   1.8571106e-04   6.6207547e-05  -3.8934900e-05
   1.8907519e-02   6.0578903e-03   1.4667999e-04   1.4978095e-04  -1.9589178e-04   1.1069936e-04
   1.3553568e-02   2.5538789e-03  -8.2619933e-03   2.3680728e-04  -5.7967589e-05  -9.7108138e-05
   1.6298366e-02   5.2358714e-03  -3.0948846e-03   4.2791729e-05  -2.8460907e-04   9.8106950e-06
   1.1704327e-02   5.7747525e-03  -1.1594937e-02   2.1286302e-04  -1.2506689e-04  -7.2734860e-05
   1.0373779e-02   6.9142470e-03  -4.3947416e-03   1.0766792e-04  -1.0184030e-04  -5.8628177e-05
   2.6666905e-03   9.8147411e-03   1.3446050e-03   4.1863362e-04  -1.7597282e-04  -8.4511386e-05
   1.9092984e-03   8.8854309e-03   1.5696763e-02  -2.1863390e-05  -1.3030763e-04  -1.0740050e-04
   6.1144124e-03   2.8801359e-03   1.0395366e-02   1.6979207e-04  -1.4921730e-04  -1.8094117e-04
   9.9110871e-03  -4.7405913e-03  -4.0944599e-04   1.0695173e-04  -1.3500342e-04  -7.9386361e-05
   7.1551877e-03  -9.6336432e-03  -1.4126322e-03   2.4570372e-04  -1.0035619e-04  -3.4791477e-05
   6.8684169e-03   1.6238261e-03   1.3047707e-02   3.1262197e-04  -9.0316122e-05  -1.9251458e-04
   1.0133610e-02  -9.1803541e-04   9.3181170e-03   7.1557470e-05  -3.9635361e-04  -5.3930355e-05
   5.8490235e-03   2.3080938e-03  -1.2433417e-03   1.6247175e-04  -7.7992644e-05  -2.7148157e-05
