   0.0000000e+00   0.0000000e+00   0.0000000e+00   1.1102230e-16  -2.3509887e-38   2.6101218e-54
   3.3465113e-04   8.8885706e-04  -1.3276117e-02  -1.8363760e-04   8.4961667e-06  -3.9223594e-05
  -8.5261081e-04   8.7930830e-03  -2.8338118e-02   4.4660061e-04   1.7780396e-05  -3.4153913e-06
   4.7737898e-03  -1.5452778e-02   1.3606938e-04   8.3128339e-04   2.3214906e-05  -1.1250655e-04
   1.1201855e-03  -7.6830292e-03  -6.3268509e-03  -1.1876041e-04   1.0221402e-05   1.0579593e-05
   3.0028163e-04  -3.0694238e-03  -1.4158920e-02  -4.8832431e-05   5.5090071e-05  -3.3990841e-05
   5.4991204e-03   7.8470150e-04  -5.0350979e-03  -5.9770719e-05  -1.1746341e-04   5.8977802e-05
   2.2683218e-03   6.8168102e-03  -8.6262351e-03  -1.9311217e-04  -3.2097428e-05   3.1292759e-06
   3.7757901e-03   3.8187956e-03  -3.0986023e-02   3.3487016e-04  -1.3442167e-04  -5.4495455e-06
   3.2216403e-03  -6.5046125e-03   5.9346261e-03  -5.6647849e-05  -9.1570676e-05   4.3737857e-05
   1.4972205e-03  -7.3417233e-03  -1.1396443e-02   3.2706024e-05   3.7337702e-05   4.3766287e-05
  -3.0787361e-04  -2.1788805e-03  -1.4747464e-02   2.7322009e-04   8.2764824e-05  -2.8164821e-05
   7.2157780e-04  -2.8042817e-03  -6.6519863e-03  -1.0139935e-04   1.0084307e-04  -2.1035350e-05
   4.4904910e-04  -1.7599220e-03  -2.1032612e-02  -3.5500255e-05   6.7245429e-05  -2.0982752e-05
   3.8927640e-03  -2.8311913e-03  -7.4843184e-03   2.3194482e-04  -4.8487657e-05  -6.2240094e-05
  -6.8452459e-04   1.2231538e-03  -2.5127156e-02   6.6262642e-06   6.3288941e-05  -3.7351340e-05
   1.1500906e-03   5.5531235e-03  -2.6926560e-02   3.1198020e-04  -2.5711383e-05  -1.0676932e-04
   1.4716953e-03  -3.3871830e-04  -6.2870643e-03  -9.0044872e-05  -7.0918180e-05  -9.9218944e-05
  -9.8305312e-05   4.2348197e-03  -2.7198175e-02   7.6083075e-05   1.6555168e-05  -1.4766585e-04
   2.2183351e-03  -6.6969788e-03  -3.0719093e-03   1.5875616e-04  -6.1477042e-05  -1.0785363e-04
  -2.7014715e-04  -8.6883457e-03  -8.7648840e-03  -2.5334505e-04  -5.6596041e-05   1.3775587e-05
   2.3887504e-03   1.6164082e-03  -8.8603014e-03  -9.9982846e-05  -4.2194574e-05  -5.4826277e-05
   3.8940669e-03   7.0836522e-03  -1.8395089e-02   2.5183979e-04  -4.9842792e-05  -6.1547067e-05
   4.6134007e-03  -1.2600625e-02   5.5615940e-03   4.9558662e-05  -2.6902869e-05  -1.2331775e-04
   4.4802314e-03   1.1032059e-02  -3.0427267e-02   1.1473207e-04  -1.8503451e-04   4.5015539e-05
   3.7511497e-03   6.9270048e-03  -1.3023101e-02   8.6622989e-04  -7.9454747e-05  -1.5686731e-05
   3.0026806e-03   1.1683555e-02  -4.5194960e-03   1.5346284e-04  -4.0826276e-05  -2.3411844e-06
   1.9696660e-03   1.2367800e-02  -1.0000783e-02  -4.4818764e-04  -6.4528547e-05   5.0739598e-05
   1.2760807e-03   2.8084030e-03  -8.6217263e-03  -2.7085970e-04   1.2483405e-05   3.3921349e-05
   2.3277617e-03   1.3592891e-02  -2.1824689e-02  -2.9254583e-05  -1.5850367e-05   4.6849962e-05
   1.1096207e-03   6.5951145e-03  -3.8552742e-03  -1.0226198e-04   5.3265558e-05  -9.0670411e-05
   2.8945559e-03   6.8862956e-03  -8.2447012e-03  -1.9837631e-04   3.2275914e-05  -2.5230380e-05
   3.1855739e-03   8.1729329e-03  -8.0222022e-03   6.6777864e-05  -6.7959093e-05   1.6170460e-05
   2.1861981e-03   8.3024736e-03  -3.9209230e-03  -3.2654043e-04  -2.7665626e-05   6.1492621e-05
   5.5670894e-04   9.5516504e-03  -1.3587521e-02  -1.1952881e-04  -2.3498503e-05   2.5806184e-05
   1.5846918e-03   1.1745393e-02  -1.5660000e-02  -2.5762303e-04   8.5438970e-05   3.8996349e-06
   2.1829842e-03   1.0271268e-02  -3.5183909e-02   3.0359603e-04  -8.9074293e-05   1.9943061e-05
   3.3137619e-03   7.9386774e-03  -7.1352905e-03  -2.5268981e-04  -5.5609621e-05   1.5676958e-05
   2.7986649e-03   4.4780706e-03  -1.1595572e-02   2.6522871e-04   8.8854622e-05  -3.4084745e-06
   2.2933883e-03   1.0301648e-02  -1.8711619e-03  -1.2614904e-04   1.0651269e-04  -3.3152131e-05
  -4.0914484e-03   1.6028636e-02  -1.3477691e-02  -1.6566355e-04   1.3311888e-04   1.7792809e-05
   2.0160948e-03   1.4492256e-02   2.1606025e-03  -4.4363302e-04   7.3011949e-07  -1.5002624e-05
  -6.4381272e-04   2.2041961e-02  -1.3374102e-02  -2.5295025e-04   1.0005899e-04  -4.0188578e-05
  -4.7953775e-05   2.5554973e-02  -2.3041482e-03  -5.2149537e-05   1.3640837e-04  -8.1177359e-05
   8.6061050e-04   1.3251302e-02   2.6578918e-04   8.1609686e-05   9.2852629e-05  -7.8058245e-05
  -2.8124705e-03   1.7707976e-02  -5.6423915e-03   2.8454185e-05   1.1194523e-04  -3.9044128e-05
   4.8308755e-04   2.3490059e-02  -5.6799275e-03  -2.6833166e-04   1.7119896e-04  -2.1093471e-06
   2.0169707e-03   2.0638024e-02  -1.5780148e-02  -9.6272034e-05   3.2264100e-05  -1.2863253e-05
  -2.9956490e-04   1.0177329e-02  -1.0505190e-02   1.1622645e-04   1.1473242e-04  -2.7780206e-05
   1.1923797e-03   1.0323129e-02  -2.3189424e-03   1.3064593e-04   3.9994123e-05  -1.7408289e-05
   9.6733650e-04   1.5349631e-02  -1.3591736e-02  -2.8667632e-04   5.9283231e-06   3.7375738e-06
   2.7871261e-03   2.0277705e-02  -2.2332823e-02  -1.3889816e-04   3.9831982e-05   1.0222786e-05
   6.8825197e-03   1.2506763e-02  -1.0891411e-02  -1.5091789e-04  -4.5885395e-05   5.8882804e-06
   1.6894758e-03   1.0299454e-02  -1.3650847e-02   9.0197809e-05   2.8157420e-05  -4.6350135e-05
  -3.0261699e-04   1.2907526e-02  -1.2693602e-02  -7.4163356e-05   2.2788901e-05  -3.1198510e-05
  -2.6443775e-03   2.4590434e-02  -1.7255789e-02  -7.6968758e-06   2.6524311e-05  -5.8424333e-05
  -8.6007222e-05   2.0772251e-02  -4.1308558e-03  -1.0987995e-04  -2.9231750e-05  -2.9475500e-05
  -6.1734361e-04   1.4916372e-02  -1.4063955e-02  -1.5386856e-04   1.1187727e-04  -1.3400882e-04
   6.6691630e-03   2.2543785e-02  -2.0456031e-03  -1.9170033e-04   1.3222445e-05   3.6696372e-05
   3.3527556e-03   1.2078938e-02  -5.9172069e-03  -2.0432038e-04   1.0168723e-04  -1.2650635e-05
   4.2591937e-03   7.6313393e-03   9.8911726e-04  -6.1467398e-05  -6.7350349e-06  -2.5159843e-05
   1.4459799e-03   6.5794527e-03  -7.7910354e-03  -5.4195130e-05   4.4375888e-05  -4.6457019e-05
   5.0477315e-03   1.5008186e-02   5.3829898e-03  -1.2902511e-04   5.1711561e-05   7.3102796e-05
   2.5847386e-03   1.3752650e-02  -8.8332238e-03  -2.4703492e-04   4.8914273e-05   1.3060807e-05
   2.2487723e-03   1.6773076e-02  -3.1604493e-03  -1.8353505e-04   1.3525708e-05   2.5847842e-05
   2.0724883e-03   2.0896253e-02  -1.5633386e-02  -1.5897518e-05   8.2665089e-05  -4.1925168e-05
   3.6094029e-03   2.5308492e-02  -1.2089484e-02  -7.3085977e-05   9.4439574e-06   5.5815091e-05
   2.9443255e-03   2.3021719e-02  -2.1501543e-02  -1.2218606e-04   4.2590852e-05  -4.9109561e-05
   3.2980590e-03   2.0147427e-02  -1.0067358e-02  -4.9121770e-05   2.6600410e-05  -2.4140417e-05
  -6.3892478e-04   1.3407045e-02  -1.4379575e-02  -4.0330223e-04  -3.8337054e-07  -1.0922744e-05
   1.0479194e-03   1.6837176e-02  -8.2428218e-03  -8.8921119e-05   3.8693560e-05   5.5534051e-05
   3.4398777e-03   2.0242164e-02  -1.3882970e-02  -2.5739885e-04   2.1443757e-05  -6.5474983e-05
  -6.1870227e-05   1.5345764e-02  -1.2025052e-02  -1.3559531e-04   6.8297469e-05   1.0587774e-05
   1.4156205e-03   2.0718256e-02  -1.1593664e-02  -4.2156812e-04   6.8733133e-05  -9.2024390e-05
   1.3041103e-03   1.5353354e-02  -1.3364614e-02  -1.8055998e-04   6.1484348e-05  -1.9224430e-05
   3.2953888e-03   1.6065900e-02  -7.1168809e-03  -2.4033300e-04   6.4357513e-05   5.5794677e-06
   2.2862649e-03   2.0439453e-02  -2.5583411e-02   1.3688929e-05   8.8922897e-05   4.9844298e-05
   2.4406837e-03   1.5982858e-02   4.6062220e-04  -1.4669083e-05   7.3175481e-05  -6.7871573e-05
   1.6625840e-03   2.1041634e-03  -4.1128668e-03  -1.0849341e-05   6.9444159e-05  -1.6057357e-05
   1.9980499e-03   2.2437926e-02  -2.3768299e-02   2.7594539e-04   3.0879454e-05  -3.4618788e-06
   8.3325981e-03   2.7451891e-02  -5.3129629e-04   7.0252482e-04  -2.9603737e-04   7.1522472e-05
   2.9993423e-03   4.8586895e-02  -2.7175485e-04   7.4580119e-05   8.4342630e-06   1.5972014e-04
   3.5007830e-03   5.9796718e-02   6.1919961e-04  -5.4507859e-04   6.2310254e-05   1.9913891e-04
   5.0178600e-03   3.8238835e-02   1.5425746e-04  -4.0723862e-04  -1.2454916e-04   1.6616260e-04
   2.9558202e-03   4.1436204e-02   4.0205593e-03  -6.4128099e-04  -7.3876954e-05   2.6794096e-04
   3.7229364e-03   5.3080832e-02  -1.1888627e-02  -4.8988219e-04   1.6795011e-05   2.2143577e-04
   2.3613690e-03   4.5646557e-02  -1.4308709e-03  -2.7953047e-04   2.8118875e-05   1.7220556e-04
   2.6000681e-03   4.0011683e-02  -9.4463040e-04  -4.3022980e-04   2.8357072e-05   8.1213213e-05
   5.5658198e-03   4.5813392e-02  -7.4235595e-03  -2.4854849e-04  -1.1895167e-04   8.8624532e-05
   7.3163100e-03   4.5613700e-02   4.2939953e-03  -2.6806578e-04  -1.0104352e-04   1.8465182e-04
   3.1885919e-03   4.5873496e-02  -2.7393800e-03  -7.5539504e-04   3.9504055e-05   1.9326501e-04
   5.3779915e-03   4.8157571e-02  -1.0514132e-02  -5.5464651e-04  -4.0702337e-05   7.9219321e-05
   4.9711004e-03   5.1455452e-02   9.9833217e-04  -2.1568222e-04   1.5568332e-05   1.8700573e-04
   7.8449542e-03   5.0948091e-02  -7.5606376e-03  -6.1731969e-04  -3.2781140e-05   2.4031615e-04
   5.9157877e-03   5.0702898e-02  -9.7131647e-03  -6.7493449e-04  -5.6049391e-06   2.1120076e-04
   5.8158617e-03   5.6560291e-02  -1.1420202e-02  -4.1475619e-04  -1.0289028e-04   1.2001260e-04
   5.1193367e-03   5.8637683e-02  -6.1975070e-04  -5.9993464e-04  -1.3006931e-05   2.1271563e-04
   5.7662817e-03   4.6021689e-02  -6.2217420e-03  -4.1839644e-04  -8.3943486e-05   1.9952439e-04
   2.4058490e-03   5.5513308e-02   1.0991492e-02  -4.3890477e-04  -7.9421681e-05   3.0145688e-04
   5.2828743e-04   5.5467059e-02   2.4436856e-03  -6.4383305e-04  -9.9136691e-06   1.5066784e-04
  -7.8828246e-04   5.6494694e-02   2.7435457e-04  -5.9440275e-04   1.1800901e-05   1.7243294e-04
   5.7240869e-04   6.0141831e-02   3.7934701e-03  -6.7722119e-04   7.2159080e-05   1.5197147e-04
   4.2308630e-03   6.1721883e-02  -1.2002201e-03  -8.5493141e-04  -6.7391620e-05   1.4680138e-04
   2.9149785e-03   6.0422035e-02  -2.1945864e-03  -5.0650127e-04  -7.2004948e-06   1.4673272e-04
   4.2535680e-03   5.3600425e-02  -6.0087963e-03  -3.7956190e-04  -3.0643149e-05   1.8767773e-04
   3.9010924e-03   5.5015605e-02  -3.0860358e-03  -4.9957063e-04   4.6268308e-05   1.4593556e-04
   4.2136548e-03   5.8262908e-02  -7.1352875e-03  -6.2689031e-04  -5.1231414e-05   1.7642361e-04
   7.1679872e-03   5.5705175e-02  -1.0029140e-02  -6.2143526e-04  -1.5828677e-05   1.3569440e-04
   6.8780356e-03   6.6733960e-02  -5.3362634e-03  -6.8890918e-04  -2.2320257e-05   1.3458328e-04
   5.5564906e-03   5.7038766e-02  -1.5832118e-02  -7.5071394e-04  -4.9059337e-05   1.3438104e-04
   3.9170559e-03   6.0314362e-02  -1.2206322e-02  -6.5822585e-04  -2.8697662e-05   2.3395254e-04
   4.7915672e-03   5.5620212e-02  -7.7821248e-03  -4.6133900e-04  -5.7182796e-05   1.6025794e-04
   5.1151168e-03   6.1895831e-02  -1.4202576e-02  -5.2035189e-04  -5.1284531e-05   8.9389377e-05
   4.8239163e-03   6.7705014e-02  -1.6910778e-02  -4.6070009e-04  -2.1019391e-05   1.9476390e-04
   5.5138744e-03   5.4037520e-02  -4.8377422e-03  -6.1687455e-04  -4.2007662e-05   1.5381540e-04
   4.7790113e-03   5.1056234e-02  -7.9491897e-03  -5.9029527e-04  -3.9631543e-05   1.1044544e-04
   5.0044818e-03   5.3101509e-02  -7.2452177e-03  -1.6291218e-04  -6.5245583e-05   1.7997701e-04
   4.8525225e-03   4.8781309e-02  -8.2851079e-03  -4.3761489e-04  -1.1107797e-05   1.4074657e-04
   3.3008894e-03   5.1940112e-02  -1.2590530e-02  -4.4857045e-04  -2.8874467e-06   1.2502229e-04
   9.2181471e-03   4.9708055e-02   4.5947342e-03  -3.3436411e-04  -4.4144884e-05   1.7902585e-04
   2.5441606e-03   5.0874628e-02  -7.1485685e-03  -7.3284715e-04  -3.2822457e-05   1.8827638e-04
   4.6268859e-03   5.3093624e-02  -1.2114382e-02  -5.3508106e-04  -7.2174595e-05   1.7487555e-04
   2.0439817e-03   4.7402322e-02  -3.4545490e-03  -3.6348371e-04   7.2140569e-06   2.4803758e-04
   5.1674000e-03   4.8416491e-02  -6.1698212e-03  -4.4709679e-04  -4.3031179e-05   5.0090341e-05
   3.1341173e-03   4.8208420e-02   5.1494142e-03  -2.6970439e-04  -3.4971749e-05   2.1819114e-04
   2.8551054e-03   4.7084297e-02  -1.5604312e-03  -6.8999256e-04   6.2065141e-05   1.3571867e-04
   2.5718173e-03   4.6634034e-02  -4.3244497e-03  -5.8128124e-04   5.4140938e-05   7.6090262e-05
   6.4044008e-03   4.5283191e-02   1.2965073e-03  -4.3043497e-04  -2.4972876e-05   1.5876262e-04
   1.0379056e-03   4.8926547e-02  -1.0115894e-02  -6.8271064e-04   6.3807893e-05   5.2402187e-05
   3.1638178e-03   4.7179296e-02  -5.9855607e-03  -4.6039803e-04  -7.0655314e-07   1.1262676e-05
   4.0724574e-03   5.3006533e-02  -1.2204018e-03  -5.4508650e-04  -8.1009760e-05   1.6068059e-04
   3.2920801e-03   5.2394995e-02  -7.5084376e-03  -6.5357918e-04  -8.3657495e-05   1.5234114e-04
   5.1113675e-03   4.2736091e-02  -4.0964167e-05  -3.3492769e-04  -5.5688533e-05   1.5768048e-04
   6.0693620e-03   4.4634966e-02  -5.4104245e-03  -4.1941273e-04  -7.5626049e-05   1.4715968e-04
   3.6240519e-03   3.6793059e-02  -5.2652080e-03  -5.1847397e-04   3.5703034e-06   1.6288868e-04
   6.5730634e-03   4.9244092e-02   2.9628319e-03  -5.4168662e-04  -2.8483266e-05   1.9242888e-04
   5.0619844e-03   5.8544995e-02  -4.6997188e-03  -7.0821321e-04  -1.4767305e-05   1.9314969e-04
   2.8927894e-03   6.2866051e-02  -1.8226687e-02  -5.3628261e-04  -4.9399684e-05   1.2606494e-04
   6.5077479e-03   5.2900099e-02  -5.2288156e-03  -6.7624031e-04   2.1183713e-05   1.9068383e-04
   4.7406246e-03   4.1168616e-02   2.9025087e-04  -4.1230469e-04  -2.5858696e-05   1.9772516e-04
   4.1099268e-03   4.7328294e-02  -5.5564217e-03  -3.2919409e-04  -2.3414920e-05   1.6720499e-04
   8.6565251e-03   4.7512260e-02  -1.0379470e-02  -6.4266229e-04   5.6319589e-05   2.1001277e-04
   8.4607406e-03   4.9855813e-02  -1.1780867e-02  -5.9077860e-04   7.8430007e-05   2.2471859e-04
   8.6369924e-03   4.1366358e-02  -7.7532999e-03  -5.3662427e-04   5.9869195e-05   2.4659011e-04
   5.9251372e-03   4.6865892e-02  -3.6124252e-03  -5.3156571e-04  -5.1202137e-05   2.1963003e-04
   1.9995354e-03   4.5009668e-02  -6.0616546e-03  -6.5671107e-04  -1.8947608e-05   1.6634637e-04
   1.3741293e-03   5.0263773e-02  -7.8762753e-03  -4.9675785e-04  -4.8848945e-05   1.2262293e-04
   2.0353775e-03   4.9447282e-02  -3.2617211e-03  -5.9147309e-04  -7.0471556e-05   1.8419114e-04
   3.5516215e-03   4.8391565e-02  -4.6923914e-03  -6.1250312e-04  -1.1058768e-04   1.3691695e-04
   5.6567431e-03   4.8267555e-02  -3.0783182e-04  -4.5959202e-04  -1.2982938e-04   1.5380146e-04
   2.2415233e-03   4.7324287e-02  -3.2389899e-03  -6.3414620e-04  -6.4041952e-05   2.8010320e-04
   3.5889580e-03   5.0002612e-02  -9.9398593e-03  -3.6556395e-04  -5.8217968e-05   1.9466698e-04
   3.6190330e-03   5.5110226e-02  -9.8821048e-06  -6.7718462e-04  -2.6775899e-05   2.1318629e-04
   6.0351910e-03   4.5414755e-02  -8.2573038e-03  -3.8646317e-04  -8.7612915e-05   1.7848445e-04
   5.2875034e-03   4.3027957e-02  -4.6819603e-03  -4.5332693e-04  -1.7144086e-04   1.8910131e-04
   4.3173601e-03   4.6370721e-02  -1.2842109e-02  -5.8480507e-04  -6.7820538e-05   9.3424564e-05
   4.6770002e-03   4.7894047e-02  -7.5995697e-03  -6.3023403e-04  -3.5775875e-05   1.9973212e-04
   5.6152987e-03   4.7982510e-02  -1.9414872e-02  -5.2605876e-04  -7.0207580e-05   1.0517556e-04
   7.1373118e-03   4.6423601e-02  -2.6881271e-03  -4.7331211e-04  -1.4283592e-04   1.8540092e-04
   5.8851478e-03   4.0648465e-02  -9.7796320e-03  -5.7604445e-04  -7.3394865e-05   1.9377051e-04
   5.2526521e-03   4.7536135e-02  -3.9371024e-03  -4.6457983e-04  -1.5941750e-04   2.8229850e-04
   5.1332426e-03   4.7456437e-02  -8.1141702e-03  -6.2383652e-04  -1.2533721e-04   2.0587084e-04
   6.8020979e-03   4.7792651e-02  -8.2512512e-03  -4.8677757e-04  -1.9345542e-04   2.2462245e-04
   6.0180152e-03   4.8211962e-02  -7.7792543e-03  -6.1764064e-04  -1.7113134e-04   1.3247830e-04
   6.9334770e-03   4.5245517e-02  -7.3785118e-03  -4.3277995e-04  -1.7294870e-04   1.8338449e-04
   7.1135874e-03   4.5896633e-02  -1.0310821e-02  -5.7981367e-04  -1.4822217e-04   1.9561172e-04
   5.7723936e-03   4.3598613e-02  -9.8406814e-03  -4.4020861e-04  -2.1838336e-04   1.5456687e-04
   4.9837928e-03   4.5562155e-02  -7.4746660e-03  -5.8368155e-04  -1.8655663e-04   2.2475193e-04
   5.1032520e-03   4.7886766e-02  -1.2168796e-02  -5.9784830e-04  -1.9445668e-04   1.2237278e-04
   3.5543028e-03   5.0397185e-02  -9.6689579e-04  -4.6155149e-04  -1.4662286e-04   1.5422844e-04
   6.8167112e-03   4.7948120e-02  -7.1605460e-03  -5.7832321e-04  -2.1817739e-04   2.5509196e-04
   5.9854859e-03   4.5087559e-02  -6.2507761e-03  -3.8969821e-04  -2.1451591e-04   2.8311707e-04
   6.8710166e-03   3.6874542e-02  -6.4717780e-03  -1.2690949e-04  -2.2067353e-04   1.9009837e-04
   7.0284497e-03   4.7277973e-02  -4.5427918e-03  -4.6959126e-04  -2.4580792e-04   2.3698029e-04
   5.9219445e-03   4.2596136e-02  -8.9182415e-03  -5.6743570e-04  -1.3831900e-04   1.6027170e-04
   7.9524163e-03   4.9514027e-02  -5.8647195e-03  -5.5906826e-04  -1.5403620e-04   2.2685099e-04
   1.0054858e-02   5.2214860e-02  -1.6562436e-02  -6.0287676e-04  -2.6230439e-04   2.2887530e-04
   9.5388398e-03   5.6353503e-02  -1.2043097e-02  -7.1560024e-04  -1.9182772e-04   3.0830656e-04
   1.3128287e-02   5.1719794e-02  -1.0098687e-02  -2.5750406e-04  -2.2984566e-04   2.7283752e-04
   1.3654635e-02   4.9898435e-02  -1.4886639e-02  -5.7401411e-04  -1.9685913e-04   3.5321566e-04
   9.7358580e-03   3.9935347e-02  -1.7233840e-02  -4.3506852e-04  -1.1802203e-04   3.0663178e-04
   1.0842457e-02   4.0350914e-02  -3.9399035e-03  -4.5444610e-04  -2.2271540e-04   2.4241198e-04
   5.6793340e-03   3.9696758e-02  -8.7284362e-03  -6.7106621e-04  -9.8181305e-05   2.2686944e-04
   8.4200191e-03   5.6024401e-02  -1.0876876e-02  -8.2048141e-04  -1.8641425e-05   2.4054763e-04
   1.0045921e-02   5.8421399e-02  -1.0331138e-02  -6.0528165e-04  -1.2044760e-04   2.2471483e-04
   9.2668473e-03   5.3787732e-02  -7.8360587e-03  -5.0221733e-04  -1.0418535e-04   2.0420977e-04
   1.0170304e-02   5.6738580e-02  -1.1883353e-02  -4.8486607e-04  -2.1172412e-04   2.6670212e-04
   7.3713891e-03   5.1891711e-02  -7.1102264e-03  -4.0518793e-04   3.9250205e-06   2.6187917e-04
   8.1168272e-03   4.5316299e-02  -6.4738955e-03  -2.2994992e-04  -1.5742990e-04   2.7659173e-04
   7.1383271e-03   5.6329980e-02  -7.7797860e-03  -5.1532463e-04  -1.3295079e-04   2.2148962e-04
   2.6114654e-03   6.1462061e-02  -1.5004989e-02  -6.7989696e-04  -1.6942616e-04   2.5479528e-04
   6.5499503e-03   6.1263666e-02  -1.9824764e-02  -4.9302257e-04  -2.1880168e-04   2.3009200e-04
   7.8587314e-03   4.4879600e-02  -1.9353963e-02  -4.5421336e-04  -2.0456189e-04   2.4298226e-04
   8.0705633e-03   4.5000151e-02  -1.6375244e-02  -2.8789166e-04  -2.7878964e-04   1.4683661e-04
   7.2368687e-03   4.9223618e-02  -1.0325797e-02  -4.1770628e-04  -1.6121645e-04   1.1846448e-04
   7.6015690e-03   4.7497418e-02  -1.5949091e-02  -4.6684878e-04  -2.2398313e-04   1.4229777e-04
   7.9502190e-03   4.7415100e-02  -1.0802668e-02  -4.5316871e-04  -1.9989752e-04   2.6954116e-04
   9.4957728e-03   4.7162121e-02  -1.5541019e-02  -4.4079739e-04  -1.6919755e-04   1.9232035e-04
   9.6601072e-03   4.8534988e-02  -1.3042189e-02  -2.1949545e-04  -1.8967248e-04   2.2244683e-04
   1.0309377e-02   4.4559213e-02  -1.6720964e-02  -5.1181871e-04  -2.3765731e-04   2.1494512e-04
