   0.0000000e+00   0.0000000e+00   0.0000000e+00   0.0000000e+00   0.0000000e+00   0.0000000e+00
   3.7337131e-03  -3.0384875e-03   1.1278498e-03   1.8854053e-04   1.1392707e-05   2.3548633e-05
  -1.0727038e-03   7.9896326e-03  -3.7620141e-03   2.3193338e-04   1.1318324e-04   7.8787529e-05
  -5.6658681e-03   1.2724272e-02  -1.5471047e-02   1.2484872e-04   1.1557510e-04   5.9718996e-05
  -7.2917446e-03   7.3592663e-03  -2.2414460e-02   9.1382290e-05   3.1034498e-05   2.0149677e-05
  -6.3822666e-03   1.3997776e-02  -2.0476014e-02   1.7997184e-05   1.1419501e-04  -6.3270498e-06
  -6.2424879e-03   1.6451845e-02  -1.9236525e-02  -1.9710959e-04   8.4769999e-05   3.0428298e-05
  -3.3858996e-03   6.3145012e-03  -2.9922065e-02   1.5339720e-05   8.8338014e-05   5.1155678e-05
  -5.1983413e-03   3.9968418e-03  -2.4533314e-02  -1.2338509e-04   7.5768520e-05  -2.3057297e-05
  -9.1381679e-03   5.8646572e-03  -2.3682837e-02   2.2519468e-05   1.2833735e-04  -8.3291814e-05
  -6.1539054e-03   1.5981696e-02  -2.9130674e-02  -1.0986608e-04   7.8994992e-05  -4.3623640e-05
  -8.1880122e-03   1.2343437e-02  -3.0556074e-02  -5.2388243e-05   5.5576009e-05  -4.7132560e-05
  -7.6911609e-03   9.4189051e-03  -2.9912299e-02  -2.8211228e-05  -4.2334577e-07  -1.6502625e-04
  -8.5579985e-03   5.6142376e-03  -2.6734773e-02  -2.2500479e-04   9.5223565e-05  -6.0445968e-05
  -6.4810057e-03   1.3037994e-02  -3.5870278e-02   9.9604743e-05  -3.3958193e-05  -2.4365844e-04
  -7.8265171e-03   1.3604103e-02  -3.7862513e-02  -1.2849415e-04   3.1861502e-05  -2.2959950e-04
  -8.3038441e-03   7.8889788e-03  -3.0650478e-02   4.1332544e-05   1.0145361e-04  -2.5558617e-04
  -5.5990262e-03   8.7599868e-03  -2.7770886e-02   1.0326695e-04   1.5386523e-05  -3.2679710e-04
  -5.2833799e-03   1.4056553e-02  -2.2926995e-02  -5.9713689e-05   2.0574804e-04  -2.9900195e-04
  -9.3709417e-03   9.6147623e-03  -3.2524128e-02   1.1208887e-04   1.3640766e-04  -3.5495621e-04
  -9.6334911e-03   7.4348537e-03  -3.0229325e-02  -3.9764978e-05   1.3375047e-04  -2.6637880e-04
  -7.2277325e-03   5.1535931e-03  -3.0194345e-02   6.3167379e-05   2.4871694e-05  -2.5563418e-04
  -8.6909512e-03   4.3293048e-03  -3.6294758e-02   4.9944569e-05   7.2143858e-05  -2.3640646e-04
  -7.5418753e-03   1.6087436e-03  -3.1425434e-02  -1.6913343e-05   1.4691059e-04  -3.5449474e-04
  -2.5238180e-03   9.4921767e-03  -2.4833198e-02   2.3405724e-04   5.5321203e-05  -3.1323147e-04
  -9.1569873e-03   7.8249588e-03  -3.2380863e-02  -1.6133387e-04   2.3629633e-04  -1.8662968e-04
  -6.5451301e-03   1.6141582e-02  -3.2549894e-02  -2.6163273e-04   4.8509617e-05  -1.4204785e-04
  -3.4940489e-03   1.0809880e-02  -4.5729287e-02  -1.2532199e-04   7.9049382e-05  -2.3360446e-04
  -1.1664858e-02   3.1905018e-03  -3.4872981e-02  -3.3229611e-04   2.4318574e-04  -2.4975948e-04
  -4.0790450e-03  -1.9481685e-03  -4.5533713e-02  -4.4128648e-04   6.3042690e-04  -2.4442697e-04
   5.4692702e-03  -2.9742877e-02  -7.1612173e-02   2.4653106e-04   3.6773257e-04   1.9710581e-04
  -2.0599924e-03   1.4473623e-03  -2.8958647e-02   3.9508973e-04  -1.8517271e-04  -4.2975652e-04
   6.2125742e-04  -3.7388614e-02  -5.1330567e-02   4.7794347e-04   1.2800830e-04  -2.0971424e-04
  -1.1749455e-03  -1.1954036e-02  -3.1264821e-02   8.0064608e-06   2.2283032e-05  -2.0925954e-04
  -2.0841410e-03  -6.8063201e-03  -1.8989559e-02   3.2848622e-04   6.0537816e-05  -3.1181736e-04
  -1.9296018e-03   4.8038112e-03  -1.7782687e-02   1.7212936e-04  -3.9712574e-05  -1.5059751e-04
  -8.3504277e-05  -1.6594641e-02  -2.6691195e-02   2.2405795e-04  -1.5593150e-06  -8.1687762e-05
  -2.2021843e-04  -1.0219793e-02  -2.3741984e-02   3.6281858e-04  -2.7388861e-05  -1.5291795e-04
  -1.9882696e-03   3.5216223e-03  -1.2012000e-02   5.4739519e-05   1.6418424e-05  -1.3358391e-04
  -3.9467940e-03  -1.4926439e-02  -3.0345020e-02   4.2879584e-04  -1.3000218e-04  -1.0716658e-04
   1.5424321e-03  -1.0790845e-02  -2.4756037e-02   1.8553779e-04  -7.8165053e-05  -1.3106747e-05
  -4.9449883e-03  -8.0866015e-03  -2.6220895e-02   9.2115465e-05  -1.0356396e-05  -6.4798614e-05
  -5.7158187e-03  -1.2479146e-02  -3.2060035e-02   2.7581493e-04   8.6940613e-06  -8.3290680e-05
  -7.1178199e-03  -1.1711804e-02  -3.3945251e-02   2.2425207e-04   3.3618556e-05  -6.9262864e-05
  -8.9903976e-03  -9.2390250e-03  -2.7577142e-02   2.8163181e-04   2.8043122e-05  -1.0023035e-04
  -1.0245517e-02  -9.9731005e-04  -3.0908203e-02   1.1233064e-04   9.7133373e-05  -1.0809801e-04
  -8.9190249e-03  -3.4298655e-03  -2.7661175e-02   1.7066105e-04   8.5925229e-06  -1.5725685e-04
  -4.0276253e-03  -1.8401601e-02  -3.8913838e-02   3.2941742e-04  -1.0296663e-04  -2.0395748e-04
  -9.2658476e-03  -2.4826256e-03  -3.0678884e-02   1.2642440e-04   1.0828097e-05  -1.0873600e-04
  -7.2360390e-03  -1.3390822e-02  -3.6275552e-02   2.5219719e-04  -4.5104312e-05  -6.4031071e-05
  -8.8165139e-03  -1.3289455e-02  -2.8839782e-02   2.4019520e-04   7.9229568e-05  -9.5443773e-05
  -8.8429024e-03  -1.7228184e-02  -3.2785461e-02   2.6277276e-04   1.0116944e-05  -1.1465175e-04
  -1.2199115e-02  -9.6374024e-03  -2.8240014e-02   2.6097274e-04   2.0161868e-05  -1.0762059e-04
  -9.6119112e-03  -1.1586362e-02  -3.1111684e-02   1.9416206e-04  -5.3594033e-05  -1.6258037e-04
  -7.9987683e-03  -1.1538747e-02  -3.0846796e-02   4.1276198e-04  -1.1624305e-04  -5.1466307e-05
  -9.7438938e-03  -1.8378619e-02  -3.6618339e-02   3.3906761e-04  -5.9315292e-05  -1.5817553e-04
  -1.0054925e-02  -1.6051220e-02  -3.1447024e-02   1.0531722e-04   9.7410997e-05  -1.6101558e-04
  -6.6462683e-03  -1.0237692e-02  -2.6497845e-02   9.3022956e-05   4.4828393e-05  -9.0796796e-05
  -6.5241831e-03  -9.1278941e-03  -3.5293806e-02   1.3530738e-04   1.0734914e-05  -9.7830449e-05
  -7.2134812e-03  -1.2636076e-02  -3.0549918e-02   6.7511530e-05  -2.6673304e-05  -1.6439203e-04
  -7.0234016e-03  -4.7909629e-03  -2.7319431e-02   9.3960429e-05   3.2194985e-06  -1.9670294e-04
  -8.7868415e-03  -1.1315943e-02  -3.6940980e-02   2.7607740e-04  -5.7390484e-06  -2.5243537e-04
  -1.1848919e-02  -1.4808181e-02  -4.0219557e-02   5.2568187e-04   7.6892154e-05  -2.2005762e-04
  -8.1210271e-03  -1.0302800e-02  -2.8455414e-02  -6.5415831e-05   5.4516092e-05  -1.3498478e-04
  -7.8007037e-03  -9.6968674e-03  -3.1089016e-02   1.9123298e-05  -1.1492655e-05  -1.0967818e-04
  -1.1680181e-02  -8.0452509e-03  -3.3980412e-02   6.0868393e-05   2.0460720e-04  -1.7144188e-04
  -6.8835304e-03  -8.8984632e-03  -2.8449926e-02  -1.1232103e-05   3.4439775e-05  -6.6160185e-05
  -7.9831692e-03  -1.4128279e-02  -3.6334756e-02  -4.4321434e-06   5.7949530e-05  -1.3691463e-04
  -6.9883215e-03  -1.2446103e-03  -3.2173723e-02  -9.6953133e-05   4.5583181e-05  -6.2528848e-05
  -4.1106160e-03  -9.3403839e-03  -4.3275209e-02  -2.6871082e-05   4.6320452e-05  -9.8968827e-05
  -4.8968905e-03  -6.0388991e-03  -4.1588855e-02  -2.1277643e-05   3.4701750e-05  -1.5272240e-04
  -5.1928115e-03  -7.6112816e-03  -4.6035581e-02   1.1187352e-04  -3.7961943e-06  -9.7479475e-05
  -8.2851279e-03  -1.1324666e-02  -4.0344183e-02  -7.4643093e-05   1.3676661e-04  -2.2432187e-05
  -6.9623062e-03  -9.3374504e-03  -3.7506290e-02   4.8789420e-05   7.1220496e-05  -2.0431757e-04
  -8.7324764e-03  -5.7796323e-03  -4.3637985e-02   1.7589551e-06   1.4701476e-04  -1.2782452e-04
  -7.4359257e-03  -1.3597698e-02  -4.2667767e-02   3.1065464e-05   6.0710032e-05  -9.0387715e-05
  -9.8762596e-03  -1.5682432e-02  -4.0863325e-02   1.5673645e-04   8.9876738e-05  -1.9264354e-04
  -1.0464687e-02  -5.9280083e-03  -3.7855046e-02  -9.7022702e-05   1.2005995e-04  -7.3680172e-05
  -9.4691339e-03  -7.5927701e-03  -4.1327125e-02   1.3042925e-04   6.6841855e-05  -1.7403603e-04
  -7.6243031e-03  -1.0108942e-02  -4.3938336e-02  -2.2551505e-05  -1.0721912e-05  -5.0787579e-05
  -9.7587880e-03  -1.1149773e-02  -4.0741894e-02   6.4088773e-05   4.2406914e-05  -1.3608665e-04
  -9.4830371e-03  -1.0088398e-02  -3.9296717e-02  -1.5520275e-04   1.0335400e-04  -2.5083056e-05
  -9.1964702e-03  -6.8488277e-03  -4.3175563e-02   8.0968899e-05   4.1508628e-05  -1.0698431e-04
  -7.4147856e-03  -1.1261809e-02  -4.3441682e-02  -2.1220912e-04   2.6301802e-05  -6.3864892e-05
  -1.1081971e-02  -4.8926573e-03  -3.2353429e-02  -8.9546522e-06   1.5460275e-04  -1.0401481e-04
  -8.0569297e-03  -7.2538320e-03  -3.9156841e-02   4.2410187e-05  -2.7016162e-05  -4.8733053e-05
  -9.0290942e-03  -2.5845629e-03  -4.4890978e-02  -1.0836114e-04   2.4588483e-05  -7.4461186e-05
  -1.0438078e-02  -5.4978081e-03  -4.4016065e-02  -2.2881579e-05   1.3165720e-05  -1.8875722e-04
  -1.2710882e-02  -3.1092773e-03  -3.5949955e-02  -4.3843447e-05   3.3224327e-05  -1.0306106e-04
  -1.0337963e-02  -4.6298584e-03  -3.9163774e-02  -1.2336929e-04   2.1472547e-06  -8.6606768e-05
  -9.2741367e-03  -1.3088395e-02  -4.6286638e-02  -2.0032894e-05  -1.7617826e-05  -2.0110429e-04
  -5.4574870e-03  -1.7370968e-03  -4.0345561e-02  -1.2044066e-04  -1.1221317e-04  -1.2238494e-04
  -1.0069702e-02  -8.3112323e-03  -4.9549971e-02   9.1283901e-06  -1.8153516e-05  -1.1755456e-04
  -1.1081927e-02  -1.0578228e-02  -5.0317370e-02  -2.8336853e-05   1.4758668e-06  -1.3632082e-04
  -7.7076842e-03  -4.5640660e-03  -4.9249433e-02   9.3855417e-05  -4.3121472e-05  -2.3388876e-04
  -4.6280171e-03  -1.1780539e-02  -4.4126566e-02  -6.4474410e-05  -1.0033429e-04  -2.0261902e-04
  -6.4833748e-03  -1.5410586e-02  -4.8775012e-02   1.1712687e-04  -5.7168241e-05  -1.3307260e-04
  -7.6078649e-03  -1.5867170e-02  -3.9546746e-02  -5.1864122e-05   3.6991159e-05  -1.2042647e-04
  -5.4525111e-03  -8.1257070e-03  -3.9424702e-02   5.1697656e-05  -2.9031439e-06   3.1131302e-05
  -8.1708709e-03  -6.2645041e-03  -4.4092671e-02   9.8672901e-05  -1.5582803e-05  -7.9194731e-06
  -4.7670975e-03  -8.3127693e-03  -4.3913206e-02   4.0232913e-05  -4.5157816e-05   9.7936058e-06
  -8.3651344e-03  -7.0070928e-03  -4.4543694e-02   1.7447180e-04   7.5999839e-05  -9.7967965e-05
  -6.3130457e-03  -6.1336776e-03  -4.5787035e-02  -6.1661383e-05   6.2026162e-05  -8.8490235e-05
  -9.2587843e-03  -4.3601098e-03  -4.5799243e-02   1.4654568e-04   1.3620621e-05  -2.7565071e-05
  -5.1000075e-03  -7.3922303e-03  -4.2108063e-02  -6.6620070e-05  -6.2732453e-05  -6.3884720e-05
  -9.0389495e-03  -4.9127114e-03  -3.8419862e-02   1.2423532e-04   7.0696635e-05  -5.6380690e-05
  -9.7586997e-03  -7.1759596e-03  -4.1364383e-02  -5.8307180e-06   3.9219800e-05  -5.2304290e-05
  -1.0472298e-02  -1.2043708e-03  -3.8049717e-02  -5.4749579e-06   7.1225141e-05  -1.6901575e-05
  -8.7367088e-03  -1.9596171e-03  -4.1956378e-02   1.6582566e-04   1.3671701e-05  -5.5063439e-05
  -8.1051800e-03   4.4333920e-04  -4.3073521e-02   4.0138462e-05   1.1794548e-06  -1.0400640e-04
  -7.1245936e-03  -8.5825949e-03  -4.3803012e-02   3.0115758e-05   1.9392520e-05  -9.5313997e-05
  -5.6440169e-03   7.9774601e-04  -4.7377255e-02  -6.8197214e-05  -8.2708059e-07  -7.9063024e-05
  -7.2900462e-03  -8.3192432e-03  -5.0119752e-02   6.8493896e-05  -7.0430239e-05  -9.5042480e-05
  -9.4166238e-03  -1.0241820e-02  -4.4820007e-02  -8.3458705e-05   6.2712959e-05  -6.8031793e-05
  -1.0636544e-02  -5.3799595e-04  -4.8218704e-02  -8.4980148e-05  -4.7076317e-06  -1.4408482e-04
  -8.2291273e-03   8.3025814e-04  -4.6756449e-02  -7.3290879e-05  -2.6087207e-06  -1.6253813e-04
  -7.1241140e-03   2.3962592e-03  -4.5844487e-02  -2.0305430e-04   4.2702383e-05  -8.3465749e-05
  -8.2204580e-03   4.1785876e-04  -4.8289884e-02   4.0916201e-05  -3.3514341e-05  -1.3859923e-04
  -8.1331930e-03   9.9612916e-04  -4.8010745e-02  -4.0447053e-05  -1.0102887e-04  -1.3303488e-04
  -7.9123380e-03   6.2007368e-03  -4.5101418e-02   1.4944559e-05   2.2823781e-05  -9.0001073e-05
  -6.2475184e-03   8.3722186e-03  -4.3972015e-02  -1.0648308e-04   8.5846967e-06  -1.7319069e-04
  -5.8972063e-03   7.5857946e-03  -4.9811979e-02  -1.1664328e-04  -4.4434189e-05  -8.0411783e-05
  -3.3428059e-03   5.5671191e-03  -5.1900891e-02  -1.3504754e-04  -7.7964028e-06  -2.0650896e-04
  -5.3067626e-03   7.9890649e-03  -5.0527302e-02  -9.3795655e-05   2.2470107e-04  -1.1989635e-04
  -5.1602266e-03   2.9041622e-03  -4.4649334e-02  -4.3179865e-05  -1.0017091e-04  -1.7435147e-04
  -8.2855751e-03   3.7663774e-03  -5.5294212e-02  -5.6693840e-05  -4.7569830e-05  -2.0614758e-04
  -9.2481179e-03   6.2722447e-03  -5.6465211e-02  -1.7199082e-04  -5.8778607e-05  -2.3281593e-04
  -6.9156374e-03  -2.8410952e-03  -5.3416334e-02  -1.8027921e-04  -7.2820962e-05  -2.6465513e-04
  -6.8296457e-03   5.4212806e-03  -4.6845335e-02  -3.0698088e-04   1.2142840e-05  -1.8211370e-04
  -5.8426647e-03  -1.4167939e-04  -5.1924073e-02  -4.0759798e-05  -1.4036835e-04  -2.4885540e-04
  -4.6940590e-03   3.9778173e-03  -5.0105565e-02  -2.8279252e-04  -1.0442881e-04  -2.4332837e-04
  -6.1547836e-03   5.5185417e-03  -4.4731586e-02  -2.5749035e-04  -1.1378134e-05  -2.1212356e-04
  -7.3227445e-03   1.5233557e-03  -5.7317205e-02  -4.5575368e-05  -1.2063499e-04  -2.5536170e-04
  -5.1714163e-03   1.1780021e-02  -4.7779798e-02  -4.3964231e-04  -1.1200079e-04  -2.2381949e-04
  -6.2855707e-03   9.7152057e-04  -5.1183331e-02  -1.9252856e-04  -1.0123326e-04  -2.5947523e-04
  -2.3750173e-03   4.5186742e-03  -5.5703561e-02  -3.1633858e-04  -1.7612600e-04  -2.7157586e-04
  -4.2723826e-03   4.9055272e-03  -5.2833330e-02  -4.6551722e-04  -1.5464471e-04  -3.0395758e-04
  -3.5744579e-03   9.2020962e-03  -5.4240327e-02  -3.8798560e-04  -9.4354971e-05  -2.6286224e-04
  -7.5249745e-03   4.5706231e-03  -5.7822033e-02  -5.2342232e-04  -6.4483534e-05  -2.7420107e-04
  -4.9991604e-03   9.5622925e-03  -6.7879364e-02  -1.4424800e-04  -2.2193753e-04  -3.4315456e-04
  -2.0353262e-03   5.2651914e-03  -6.4457456e-02  -2.0156042e-04  -8.8504947e-05  -3.5193803e-04
  -3.3483378e-03   7.3916797e-03  -5.7250094e-02  -1.7131410e-04  -7.0780676e-05  -2.9867867e-04
   6.3885972e-03  -2.5798210e-03  -5.1772147e-02  -3.8496709e-05   9.3257086e-05  -1.3432640e-04
  -1.5280204e-02  -4.4953446e-02  -8.9988409e-02   1.3121927e-03   2.7042111e-04  -3.8860478e-04
   2.2224811e-03  -2.1596817e-03  -4.0765206e-02  -1.2096296e-04  -5.4201353e-05  -1.0111835e-04
  -5.4445069e-04  -1.0984098e-03  -4.2265511e-02  -1.6081993e-04  -1.1602082e-04  -2.2225605e-04
  -2.4053618e-03  -1.3398469e-02  -4.4006676e-02   1.0269774e-04  -2.7085692e-05  -1.9618358e-04
  -4.7354152e-03   7.3283476e-03  -3.4639570e-02  -2.7651753e-04   5.0719542e-05  -5.9558268e-05
  -3.5603117e-03   1.0372889e-02  -4.3289605e-02  -9.2342391e-05   1.1154154e-05  -1.0516540e-04
  -2.3794515e-03   8.5953638e-03  -4.4674497e-02  -1.4654400e-04   3.1803659e-05  -2.0735634e-04
  -3.5177884e-03  -5.9311228e-04  -5.2564166e-02  -2.3189322e-04  -5.2714684e-05  -5.6208117e-05
  -3.1464327e-03   1.0226011e-03  -4.7655972e-02   2.8635019e-05   3.3121662e-05  -1.2381460e-04
  -1.6031946e-03   1.3234162e-03  -5.7094383e-02   9.4632843e-05   2.0561792e-05  -9.6907926e-05
  -5.4735516e-03   5.5709718e-03  -5.1930007e-02  -1.4235351e-04  -4.9180243e-05  -5.4191394e-05
  -1.0023163e-03  -4.9352893e-03  -4.7907675e-02  -1.6671000e-05  -2.3193784e-05  -1.9703176e-04
  -1.7289907e-03   2.3926865e-03  -4.9984549e-02  -8.6747237e-05  -1.8485610e-05  -1.0710138e-04
  -2.4263184e-03   8.5293875e-03  -4.4981876e-02  -9.6793162e-05  -7.4510945e-05  -1.5722721e-04
  -2.6420058e-03  -2.3911550e-03  -5.3345238e-02  -4.0673536e-04  -5.6489781e-05  -1.4934933e-04
  -3.4449712e-04   5.7609462e-03  -5.0935056e-02  -1.4942280e-04   5.6794373e-05  -1.3724759e-04
  -4.4771858e-03   5.6114686e-03  -4.9881950e-02  -8.1190804e-05  -4.4417450e-06  -9.5106369e-05
  -2.5466458e-03  -1.5136510e-03  -5.2199317e-02  -2.3105725e-04   1.9899089e-09  -1.9727732e-04
   3.4850838e-04   9.1725790e-03  -4.4318143e-02  -2.1871936e-04   4.0733380e-05  -9.7692638e-05
  -3.7623000e-03   1.9154226e-03  -4.8688262e-02   1.3196629e-05   3.2688591e-06  -1.7149103e-04
  -5.1651459e-03   2.4798550e-03  -4.5036094e-02  -2.2996867e-04  -1.6425838e-05  -1.9487025e-04
  -9.5352473e-03  -2.1631793e-03  -4.8793659e-02  -2.0752880e-05   2.0862588e-04  -3.2585078e-04
  -3.9459531e-03   2.0444739e-03  -4.8365630e-02  -1.6568961e-04  -9.5396974e-06  -1.6226717e-04
  -6.0940967e-03   3.6778636e-03  -4.9108011e-02  -2.7004855e-04   8.2783756e-05  -1.1883269e-04
  -6.5906129e-03   2.8654815e-03  -4.9147500e-02  -1.5794205e-04   6.6856576e-05  -2.0901791e-04
  -5.9214216e-03   9.1394883e-03  -4.8335669e-02  -4.4597762e-04   8.7696092e-05  -1.1960620e-04
   9.5340295e-04   5.1424572e-03  -4.8061969e-02   1.5665427e-04  -1.1857743e-04  -6.1661924e-05
   1.6366210e-03  -2.2895118e-03  -5.0954943e-02  -3.6355555e-05   2.3821086e-06  -1.3499361e-04
  -4.9158063e-03  -3.7651641e-03  -5.0523300e-02   8.3016560e-05  -2.1678512e-05  -8.9454935e-05
  -9.1631151e-03  -7.2351335e-03  -4.4484271e-02   2.7870790e-04   7.7248723e-05  -1.8630528e-04
  -1.2202476e-02  -4.4553446e-03  -4.4112346e-02   9.8958433e-05   8.2729760e-05  -1.6912241e-04
  -1.2732490e-02   3.1770179e-03  -4.4846941e-02   5.1964735e-07  -1.1658910e-05  -1.6617823e-04
  -1.0303757e-02   2.5586168e-03  -4.5984248e-02  -1.8285988e-04   1.0575219e-04  -2.0255987e-04
  -1.0187142e-02   3.5666828e-03  -5.0044946e-02   2.0623474e-05   1.5071394e-04  -1.9736027e-04
  -9.7885570e-03   3.1527160e-03  -4.9433735e-02  -3.6033067e-04   2.1158386e-04  -1.6608936e-04
  -8.5916274e-03   1.0267280e-02  -4.3727896e-02  -2.4800332e-04   1.9532725e-04  -1.1308938e-04
  -8.0510830e-03   1.2087721e-02  -5.8045517e-02  -2.8480228e-04   2.7945670e-04  -1.0977763e-04
  -6.8458830e-03   1.1101082e-02  -5.6773440e-02  -3.2745247e-04   1.7530159e-04  -1.3085864e-04
  -7.2758105e-03   6.4227139e-03  -5.3339944e-02  -2.5811788e-04   2.0992257e-04  -1.7732455e-04
  -7.7207300e-03   1.0892260e-02  -5.2431021e-02  -2.5506742e-04   1.9344872e-04  -1.7121719e-04
  -9.0696381e-03   5.6276821e-03  -5.4874362e-02  -4.3834800e-05   1.1767334e-04  -2.1293601e-04
  -1.1453007e-02   5.7755336e-03  -5.8763029e-02  -4.3564635e-04   1.6488321e-04  -1.8008609e-04
  -1.1248983e-02   7.1617039e-03  -4.6267837e-02  -2.7574008e-04   2.2107158e-04  -1.5157016e-04
  -1.2091931e-02   9.4953424e-03  -5.8021889e-02  -2.4983409e-04   1.6073646e-04  -1.8642899e-04
  -1.2816899e-02   9.0421099e-03  -5.5391904e-02  -4.8455958e-04   1.7954307e-04  -1.9948516e-04
  -9.2468767e-03   5.0107532e-03  -5.4936406e-02  -2.7517952e-04   1.4189198e-04  -1.9981395e-04
  -1.3947912e-02   9.9195246e-03  -5.2679102e-02  -3.8022689e-04   3.3941016e-04  -1.2578523e-04
  -1.0580160e-02   1.3037385e-02  -5.5291863e-02  -4.2272417e-04   1.7723738e-04  -1.8649703e-04
  -1.0898623e-02   9.9383825e-03  -5.6713681e-02  -3.0329454e-04   2.4596536e-04  -1.7460393e-04
  -8.6330730e-03   7.2059254e-03  -5.6801715e-02  -5.8387273e-04   2.4081087e-04  -1.1279641e-04
  -1.1488743e-02   8.2742005e-03  -5.5295505e-02  -3.6336570e-04   2.5964580e-04  -1.1388947e-04
  -9.2090494e-03   1.3867370e-02  -6.1947835e-02  -5.2705853e-04   1.7978913e-04  -1.0719686e-04
  -1.0354250e-02   1.1889392e-02  -6.1903267e-02  -4.6335826e-04   1.6989714e-04  -1.5931533e-04
  -1.1604421e-02   7.6051604e-03  -5.6760456e-02  -4.8365832e-04   2.5364386e-04  -1.6782485e-04
  -1.1339941e-02   7.3956488e-03  -5.9250832e-02  -4.1434908e-04   2.0587989e-04  -1.5054288e-04
  -1.1911769e-02   5.2207258e-03  -5.7172279e-02  -6.3784047e-04   2.0289106e-04  -2.1036619e-04
  -1.2106955e-02   1.2036417e-02  -5.3831244e-02  -4.5871458e-04   2.9471228e-04  -1.1827057e-04
