   0.0000000e+00   0.0000000e+00  -1.3133312e-14   4.6923549e-17  -2.6868443e-37   1.2607627e-53
   1.1280905e-03  -1.4900616e-02   9.7802161e-03   7.7236965e-05   1.5278837e-05   4.1955474e-05
  -9.9455550e-04  -4.5587589e-03   3.0552983e-03  -1.0837344e-04   1.0603438e-04   7.0857201e-05
   3.3637521e-03   1.8946086e-03  -2.4563747e-03  -3.0455400e-04   1.9980361e-04   3.1991491e-05
  -5.5114826e-04  -2.0687538e-03  -3.8417422e-03  -5.2378498e-04   1.7002663e-04   4.9681610e-05
   2.5049853e-03   5.0889462e-03   1.8678657e-03  -9.0348657e-05  -3.8081582e-05   8.7798367e-05
   5.9707112e-04   5.9706539e-04   6.5500642e-05  -1.7766869e-04   1.6433004e-04   1.6812382e-04
   1.0317990e-03   3.8176707e-03  -4.1181234e-03  -8.5428066e-05   1.7510770e-04   1.2798694e-05
  -8.5095066e-04   1.7916387e-02   1.6763713e-03  -5.7727875e-04   2.2618872e-04   5.0368495e-05
   1.7345769e-03   1.3905347e-02  -6.5772742e-03  -2.8305988e-04   1.6057618e-04   6.9709897e-05
   4.8770086e-04   5.3176153e-03  -1.8821892e-03  -2.2475402e-04   3.3038327e-04   5.6540248e-05
  -2.0753651e-03   2.0073259e-02  -1.0842803e-02  -1.4705196e-04   2.4945533e-04   1.5328108e-04
  -1.0967630e-03   1.4210122e-02  -1.6999665e-02  -2.6741021e-04   3.8447568e-04  -7.7194430e-05
   4.4689653e-03  -4.5777092e-03   9.8299818e-03  -2.5227321e-04   1.0376558e-04   6.4311181e-05
   2.4330748e-03  -6.4792385e-04   5.3307487e-03  -3.3979708e-04   2.2883122e-04  -1.7801187e-05
  -9.7961103e-04   2.0092908e-03   1.5631203e-02  -6.2760112e-04   2.9534371e-04   1.2624756e-04
  -2.7226816e-03   2.6324172e-02  -8.8205705e-03  -2.6031618e-04   3.4749820e-04   2.3626442e-04
  -2.2928390e-03   2.4788241e-02  -6.8917655e-03  -5.5834984e-04   5.0158559e-04   4.5779067e-05
   4.8589461e-04  -6.5232051e-03   1.3397058e-02  -1.7923357e-04   4.4263903e-04   4.5994203e-05
   2.4488138e-03  -5.2864952e-03   1.4638799e-02  -5.4433658e-04   5.1134186e-04   3.6112612e-05
  -3.2413771e-04  -4.2439332e-03   1.7043608e-02  -3.8317655e-04   4.8280106e-04   2.2065160e-04
  -1.2751634e-03   4.9103257e-03   1.1461497e-02  -7.6937029e-04   4.9292581e-04   2.3790729e-04
  -5.3800952e-03  -7.0724331e-03   3.8785548e-03  -3.6700400e-04   5.1226079e-04   1.6013144e-04
  -4.0268257e-03   3.2532201e-03  -1.0980445e-02  -6.5794649e-04   5.1080928e-04   1.0497614e-04
  -2.9051229e-03   1.3639296e-02  -8.0549728e-03  -8.3237288e-04   5.6290547e-04   5.4049517e-05
  -2.5316850e-03   9.3266899e-03  -5.8739247e-03  -6.6658333e-04   4.9959542e-04   1.7397663e-04
  -3.5812165e-03   3.9090902e-03   3.9579852e-03  -7.0283070e-04   6.3515078e-04  -2.5997168e-05
  -2.9849043e-03  -3.2286472e-03   2.4456153e-03  -4.9779369e-04   4.9736415e-04  -3.4367058e-05
  -6.0798616e-03  -1.1457953e-02   9.3062131e-03  -5.2035474e-04   5.5515851e-04   3.7909136e-05
  -4.6693200e-03  -8.3896785e-03   1.0969074e-02  -5.7348204e-04   4.4233238e-04   8.9923288e-05
  -6.6952225e-03   4.1239801e-03   8.5034615e-03  -3.8410908e-04   5.3806261e-04   4.2414959e-05
  -7.6728578e-03   2.3516731e-04  -3.0854170e-03  -2.9676646e-04   4.7566649e-04  -8.6199068e-06
  -5.1869310e-03  -5.3441076e-03   8.4437363e-03  -3.2878896e-04   5.4293193e-04  -2.6964746e-05
  -3.5652718e-03  -9.6358207e-03   1.6848079e-02  -3.8139870e-04   4.7182089e-04   2.6474353e-05
  -6.4682669e-03  -9.4398108e-03   1.2581445e-02  -4.0868558e-04   4.3435833e-04   5.8155807e-05
  -8.2246725e-03  -5.0684298e-03   4.9490807e-03  -4.2480169e-04   5.3355442e-04   3.8597437e-05
  -5.9122715e-03   5.8684295e-03   8.0760189e-03  -7.0959883e-04   5.3124714e-04   9.2738802e-05
  -2.4939924e-03   1.4479492e-02   3.5746898e-03  -7.6255933e-04   6.2551402e-04   7.1150427e-05
  -3.7222359e-03  -1.4519769e-03   5.8753512e-03  -2.5426175e-04   5.6718184e-04  -6.8189088e-05
  -2.7847128e-03  -2.0582534e-03   7.6462660e-03  -1.4099201e-04   4.9385318e-04  -7.4335195e-05
  -3.9165235e-03   4.1110632e-03   9.6055706e-03  -3.5077183e-04   6.2551621e-04  -4.8542387e-05
  -2.8250192e-03   2.1383335e-02  -5.8425392e-04  -5.4175417e-04   5.1954113e-04   1.5151898e-05
  -3.3702033e-03  -7.2229779e-04  -4.5438927e-03  -3.6039424e-04   5.4019512e-04   2.0007983e-05
  -3.9251511e-03  -1.7386721e-02   1.7613339e-02  -1.7425758e-04   5.4444115e-04   4.9262353e-05
  -7.1142976e-03  -6.1397027e-03   1.7747700e-02  -5.1700913e-04   5.6867703e-04   9.1627592e-05
  -5.6878581e-03   1.1030412e-02   9.0893212e-03  -5.4407890e-04   5.8195887e-04   1.0385074e-04
  -5.0347155e-03   4.6488524e-04  -1.6292105e-03  -2.7768327e-04   4.9830122e-04  -1.8071865e-05
  -5.2577642e-03  -4.4716924e-03   3.8718228e-03  -2.9827785e-04   5.5310005e-04  -4.9548541e-05
   1.2254707e-03  -1.1797919e-03   1.6899118e-02  -3.7245953e-04   4.7615622e-04  -7.2723148e-05
   5.0239605e-04  -8.7130350e-03   1.3962367e-02  -2.9853900e-04   3.8518179e-04  -2.2678720e-05
  -4.4278362e-03  -1.3222756e-02   1.1424620e-02  -1.7315670e-04   5.0647808e-04   1.1405347e-04
  -4.7866104e-04   2.3820685e-02   1.2507451e-03  -7.2974373e-04   4.3442299e-04   1.7714661e-04
  -6.4906234e-03   1.0699141e-02   9.6429344e-03  -5.4714781e-04   6.9065586e-04  -6.7789320e-05
  -1.7281039e-03   7.0655861e-03   1.0923362e-02  -2.8041130e-04   5.2776477e-04   1.3153931e-04
  -4.1124961e-03   1.0866385e-02   9.6683254e-03  -3.6647169e-04   7.0193076e-04  -1.8821847e-04
  -2.7262101e-03   8.7688920e-03   1.3604651e-02  -1.1718077e-04   4.6044966e-04  -2.1466301e-05
  -2.5934083e-03   1.6403395e-03   1.2602113e-02  -4.6198300e-04   6.8022007e-04   1.0118913e-04
  -6.1070787e-03  -2.0082596e-02   2.9711435e-02  -1.5490131e-04   5.6765875e-04  -9.8398596e-06
  -1.7926707e-03  -2.5155641e-02   4.0927228e-02  -2.4451656e-04   4.1994432e-04   5.3291287e-05
  -4.9109977e-03  -7.2517358e-03   3.8567996e-02  -3.9914317e-04   5.7639473e-04   4.9223536e-05
  -7.6981578e-03   1.3521617e-02   1.6687375e-02  -8.0947497e-04   6.3648891e-04   1.2201821e-04
  -6.7292886e-03  -5.2163789e-03   9.8893717e-03  -4.0148578e-04   6.0895846e-04  -4.9742808e-06
  -7.8166184e-03  -6.6607473e-03   8.4941062e-03  -4.4719153e-04   6.9137494e-04  -7.9113565e-05
  -3.8956912e-03  -1.9096559e-04   1.1102155e-02  -4.8059864e-04   7.6834280e-04  -1.0754852e-04
  -2.4140209e-03   3.8497054e-03   4.3682455e-03  -5.2457795e-04   8.0752321e-04   7.5693034e-05
  -2.1034982e-03  -5.4805292e-03  -2.7366698e-03  -4.6749176e-04   6.3338647e-04   1.4271686e-05
  -5.1424634e-03  -2.3218286e-03   8.6537763e-04  -6.5037104e-04   7.3436482e-04  -1.5105043e-04
  -4.4778731e-03  -8.0281623e-03   6.2931836e-03  -3.7938679e-04   6.3506006e-04  -7.9384916e-05
  -9.7092431e-03   6.8598839e-03   4.9392775e-03  -5.3049876e-04   5.1684617e-04   1.3795765e-04
  -5.5909175e-03   3.9594399e-03   4.4567551e-03  -4.9929006e-04   6.2468140e-04  -5.9411566e-05
  -3.0559458e-03  -1.7370714e-03   1.5454502e-02  -4.1160486e-05   5.3296234e-04   1.1094650e-04
  -1.3139300e-03  -5.9982890e-03   3.0167147e-02  -1.8591791e-04   5.6501633e-04  -2.2666366e-05
  -1.1129404e-03   4.0268762e-03   3.1798432e-02  -4.1722990e-04   6.4713501e-04   6.4854527e-05
  -1.9917867e-03   1.1142973e-02   1.3327867e-02  -4.6790360e-04   7.3518989e-04   3.2886199e-06
   2.1016114e-03   9.9261629e-03   3.6238754e-03  -4.6421530e-04   7.0824292e-04   5.1624289e-05
   1.5602648e-03   1.6729156e-03   1.7788205e-02  -7.7215456e-04   7.4243089e-04  -2.8753388e-05
   2.4990220e-04  -3.4390524e-03   2.8835145e-02  -5.3844479e-04   5.6914481e-04   3.1170018e-05
  -5.7334290e-03   5.7579760e-03   1.0696114e-02  -6.3093751e-04   7.4399129e-04  -4.9694149e-05
  -9.7906258e-04   1.2422660e-02  -3.6026608e-03  -6.4822143e-04   6.9291263e-04  -4.4615288e-06
  -1.7471996e-03   2.5654406e-03   1.6243100e-03  -8.6362371e-04   7.7999190e-04  -1.5245793e-04
  -3.4109587e-03   2.6297862e-04  -5.8168131e-03  -8.1207421e-04   7.2915030e-04  -1.2832135e-04
   3.4168160e-04   6.1396366e-03  -1.3355554e-02  -7.1660121e-04   6.6163972e-04  -1.0213700e-04
  -7.9615253e-04   2.1868205e-02  -8.0187829e-03  -7.9702898e-04   7.4914265e-04  -6.8897137e-05
  -6.1419403e-03   9.9711006e-03  -8.4294449e-03  -6.7372801e-04   7.9203602e-04  -8.6233982e-05
  -3.4416896e-03  -8.0808177e-03  -2.1615781e-03  -4.5896928e-04   7.2563100e-04  -2.3698163e-04
  -3.7921283e-04  -7.0053539e-03   1.0763946e-02  -5.3714175e-04   7.5128079e-04  -2.2475902e-04
  -3.9007552e-03   5.8825006e-03   7.7698501e-03  -5.8325834e-04   8.0466952e-04  -1.6554153e-04
  -3.4538663e-03   9.0405749e-03  -8.4461604e-03  -4.4902675e-04   7.8645893e-04  -2.2727136e-04
  -3.3594648e-04  -5.8782702e-03   3.5245288e-03  -6.9902827e-04   7.4324914e-04  -2.0693163e-04
   3.4825902e-04  -1.0577205e-02   1.7408689e-02  -6.7675876e-04   7.0232638e-04  -1.5260788e-04
  -3.9435505e-03  -1.1225291e-02   3.2420685e-03  -5.2558881e-04   6.9916665e-04  -1.7206563e-04
  -1.0559339e-02  -1.0502561e-02   7.7607955e-03  -3.8042692e-04   7.7845570e-04  -1.1350650e-04
  -9.8043635e-03  -5.6955996e-03   8.6185210e-03  -6.1049644e-04   8.6612126e-04  -9.5223360e-05
  -5.7714301e-03   1.9824390e-03  -6.1963206e-03  -4.7660349e-04   8.0860005e-04  -9.1876314e-05
  -3.0316695e-03   2.8122799e-03   5.7829176e-05  -5.6326928e-04   7.3786285e-04  -1.2361677e-04
  -1.0275724e-04  -2.5276717e-03   1.5906658e-02  -7.5079750e-04   8.4777384e-04  -2.0267992e-04
   1.2236349e-03  -5.8928309e-03   2.7596669e-02  -5.4475944e-04   6.1414969e-04  -5.2059436e-05
  -1.5042246e-03  -6.0894891e-03   1.0937347e-02  -4.4891638e-04   7.4350801e-04  -4.4564224e-05
  -2.8522710e-04   1.7631329e-02  -7.8170210e-03  -7.3030250e-04   8.3836608e-04  -1.1255228e-04
  -9.7532003e-04   1.7141683e-02  -1.5226554e-02  -8.8623396e-04   8.4610559e-04  -1.1764782e-04
   1.3043434e-04   1.7139331e-02  -1.0329916e-02  -8.3138302e-04   9.0244740e-04  -8.9406796e-05
   2.5556741e-03   1.6833489e-02  -1.3069339e-02  -7.8606966e-04   8.8082521e-04  -2.2944621e-04
   3.9846723e-03   1.0624095e-02  -1.3105643e-02  -6.3701309e-04   7.8290943e-04  -1.5252704e-04
   1.6952380e-03   4.5713536e-03  -8.5279234e-03  -7.3193204e-04   8.1652032e-04  -1.7839763e-04
  -3.3458678e-03   8.0526723e-03  -1.1945004e-02  -6.8612259e-04   8.3331562e-04  -6.2530562e-05
  -3.7297650e-03   1.4028893e-02  -1.5222277e-02  -5.8562703e-04   8.4709157e-04  -1.7573335e-04
   9.0042853e-04  -2.6904227e-03   1.9170978e-03  -9.2806862e-04   8.3067446e-04  -2.5186982e-04
   6.8838754e-03  -1.3376900e-02   3.5609467e-02  -6.6326328e-04   5.8420255e-04  -1.8405339e-04
   6.9173184e-04   3.0749324e-03   1.0618957e-02  -5.7438780e-04   8.3915537e-04  -1.1298529e-04
   3.5909251e-03   2.7444717e-02  -1.7232734e-02  -9.3343280e-04   7.6330287e-04  -1.2172748e-05
   2.4512521e-03   2.4291015e-02  -2.6816965e-03  -7.6564544e-04   6.8171777e-04   7.9213123e-05
   7.1172686e-04  -2.7764205e-03  -6.4083435e-04  -5.2424065e-04   8.1370424e-04  -1.8290872e-04
   3.2087852e-03   1.3931478e-02  -7.0093057e-03  -4.6300280e-04   7.2221747e-04  -2.0345427e-05
   2.3771769e-04   8.9569117e-03   6.3221551e-03  -5.5365687e-04   7.0119301e-04  -1.5724680e-04
  -5.1907667e-03   2.6669723e-03   1.3926530e-02  -5.3374180e-04   7.9384570e-04  -1.5364832e-04
  -2.2641735e-03  -2.2000207e-03   1.2504574e-02  -4.0347016e-04   6.1076647e-04  -9.5424954e-05
  -3.8746719e-03   3.1440841e-03   1.5123944e-02  -7.0591039e-04   8.2906165e-04  -2.4275546e-04
  -8.2439325e-03   7.3248364e-03   2.2161629e-02  -6.7694283e-04   8.0935037e-04  -1.1517112e-04
  -3.8121267e-03   2.6608055e-03   1.3047280e-02  -5.7598986e-04   7.4439298e-04  -3.4903487e-05
  -2.7494535e-03   1.6628220e-02  -1.9556540e-03  -7.1219105e-04   6.8729269e-04  -2.6185221e-05
  -2.9821982e-03  -9.6165695e-04  -1.9144527e-02  -7.2224097e-04   8.6268471e-04   7.0615604e-04
  -6.3419921e-03  -1.5749504e-02   3.4177421e-02  -2.9721410e-04   3.9763321e-04  -3.7193587e-04
  -1.1515615e-03   2.6539046e-03  -2.1892369e-02  -4.9697699e-05   7.9896541e-04   4.3889882e-04
  -1.6119084e-03  -1.6279493e-02   1.2196235e-02  -2.8573096e-04   7.4452099e-04   2.5043376e-04
  -2.9418936e-04  -4.2194695e-02   5.7898617e-02  -1.3787582e-04   6.2280499e-04   4.3584690e-04
   3.6143250e-03  -2.1963303e-02   6.1835295e-02  -3.6101744e-04   5.5327709e-04   3.2770931e-04
  -1.2680303e-03   7.4728264e-03   3.1649566e-02  -6.5965778e-04   6.4597491e-04   3.7448883e-04
  -6.2742730e-03   1.7089074e-02   2.6055688e-02  -7.2207736e-04   8.0196300e-04   4.1618150e-04
  -2.1896861e-03   4.6573742e-03   1.5725478e-02  -8.4373620e-04   7.8973743e-04   2.3995307e-04
  -1.5673088e-03  -2.4431722e-03   8.1545560e-03  -6.1468379e-04   7.3822945e-04   1.9891021e-04
  -1.7158377e-03   9.4486750e-03  -1.2041840e-03  -6.3514688e-04   6.9386520e-04   2.0026330e-04
  -1.6618723e-04  -3.7301683e-03   1.0663578e-02  -1.6846251e-04   8.1976702e-04   9.6642904e-05
  -4.8572892e-04   1.9927496e-02   9.9926441e-03  -7.2702869e-04   6.9274582e-04   4.1947330e-04
   4.9611224e-04   1.3191418e-02   2.5965758e-03  -5.4852692e-04   7.2531757e-04   2.8369746e-04
  -1.2021143e-03   1.0084666e-02   3.3084866e-03  -5.0926242e-04   6.9129281e-04   2.4018976e-04
  -4.5808538e-03   1.6571773e-02  -7.2726340e-03  -6.3200638e-04   7.2450162e-04   1.1489337e-04
  -9.2186997e-03   1.5319682e-02  -1.5540626e-02  -6.2901809e-04   7.4773915e-04   1.4921179e-04
  -1.6983605e-03   1.8144434e-02  -1.0644541e-02  -6.4675562e-04   6.3385611e-04   1.7726315e-04
  -3.1615088e-04   4.4978973e-03   1.4092238e-03  -3.4754940e-04   6.0423922e-04   2.5607664e-04
  -5.2263265e-03   3.4951579e-03  -9.3570280e-03  -3.3843475e-04   7.7471123e-04   1.9746681e-04
  -8.5092303e-04   1.6954799e-02  -1.1631471e-02  -6.1359211e-04   7.0213866e-04   2.7715956e-04
  -1.8358295e-03   2.7162370e-02  -1.7104157e-02  -7.9540231e-04   7.7424191e-04   1.6726063e-04
  -1.9895262e-04   1.8379753e-02  -1.3503918e-02  -6.6120158e-04   7.0560710e-04   2.0800543e-04
  -1.1976227e-03   8.7338114e-03  -7.5015063e-03  -3.7634319e-04   7.5966943e-04   1.0361058e-04
  -4.1428222e-03   1.7975247e-02  -2.0508579e-02  -4.3610795e-04   7.3832766e-04   3.1803709e-04
  -7.0021091e-03   1.8451763e-02  -1.7397260e-02  -7.6285065e-04   1.0423421e-03   1.9729676e-04
  -3.8845831e-03   5.2102660e-03  -1.8331385e-02  -7.1585663e-04   8.7222183e-04   4.1660800e-05
   9.9740861e-04   6.1923529e-03  -7.0540559e-03  -5.3065418e-04   8.2064106e-04   5.3702282e-05
  -3.4311140e-03   1.3565872e-02  -3.4357856e-03  -7.1546482e-04   9.4521051e-04   1.1803074e-04
  -2.4450005e-03   7.5418106e-03  -1.2126737e-02  -6.2602553e-04   8.4552208e-04   7.9746545e-05
  -7.7039355e-03   2.3376521e-03  -1.2662815e-02  -4.0835074e-04   8.8610637e-04   1.2130545e-04
  -2.1020147e-03  -3.9873829e-03  -1.5270875e-03  -6.1047063e-04   8.0944107e-04  -2.7337209e-05
  -4.7935412e-03  -5.0610099e-03   9.7039845e-03  -8.7030735e-04   8.6137803e-04   6.4997838e-05
  -6.5178152e-03   9.0230036e-03  -5.1803557e-03  -5.8896474e-04   8.7507577e-04   2.8917832e-04
  -4.0773182e-03   1.6807667e-02  -1.0369226e-02  -8.8490518e-04   9.6251706e-04   1.7503729e-04
  -3.5384362e-03   1.2977249e-02  -3.3791696e-04  -7.9447141e-04   1.0013652e-03   1.1158944e-04
  -5.5529763e-03   8.2551198e-03  -4.5287080e-04  -7.8563203e-04   9.6786347e-04   1.5818750e-04
  -6.3669484e-03  -4.7102270e-03   1.8912613e-03  -5.6072985e-04   9.8031060e-04   1.1811235e-04
  -5.8385253e-03   1.5908539e-02   5.5217416e-03  -9.0658226e-04   1.0571211e-03   1.4444039e-04
  -1.0136805e-02   5.7297907e-03  -1.6020595e-02  -2.9171439e-04   9.9808376e-04   1.9025106e-04
  -5.9440758e-03   2.3261566e-02  -1.2122777e-02  -9.0130451e-04   7.7525248e-04   2.9078888e-04
  -8.4773702e-03   8.3164081e-03  -3.2598212e-04  -5.0535461e-04   1.0822358e-03   6.4333439e-05
  -5.8722614e-03   3.3794259e-03   7.2450448e-03  -6.8760578e-04   1.0262623e-03   2.1160020e-04
  -2.7294255e-03   7.3954773e-03   1.2243326e-02  -4.4287023e-04   8.7360249e-04   2.6102720e-04
  -8.8751718e-03   8.8624389e-03   1.4284523e-02  -5.0278596e-04   1.0402856e-03   1.8282246e-04
  -8.6683652e-03   2.3813007e-02   8.9590060e-03  -7.6255185e-04   9.6798000e-04   2.5074494e-04
  -1.2013318e-02   1.3956208e-02   8.4827661e-03  -5.3313372e-04   1.0668652e-03   1.9378647e-04
  -9.9435960e-03   2.6222887e-02   2.2882108e-03  -8.3237477e-04   1.0719248e-03   1.8247648e-04
  -6.1050328e-03   2.9664844e-02  -1.9258824e-02  -1.1070798e-03   1.0968489e-03   9.3371951e-05
  -9.8260961e-04   2.6521394e-03  -1.3145374e-02  -7.6079589e-04   1.0173454e-03   1.4356665e-04
  -4.7012682e-04   4.0153975e-03  -5.6087853e-03  -7.1533046e-04   9.9141511e-04   2.0210802e-04
  -2.0184132e-03   1.9607368e-02  -5.7658132e-03  -1.0746077e-03   1.0682727e-03   1.2412479e-04
  -5.9698062e-03   5.3889408e-03  -2.6436189e-02  -8.1105663e-04   1.0765289e-03   2.0952272e-04
  -7.0335543e-03   2.1233691e-02  -2.1228577e-02  -6.6754852e-04   1.0790313e-03   1.9367485e-04
  -1.0628457e-02   1.8439761e-02  -9.9218108e-03  -9.7502031e-04   1.2760243e-03  -1.5008879e-06
  -9.8267602e-03  -6.3898835e-03  -2.4001442e-03  -1.3671298e-04   1.0435700e-03   1.5548674e-05
  -1.5337763e-02  -5.6696375e-03   8.2038758e-03  -7.4193173e-04   1.2744810e-03   8.8838808e-05
  -1.0928755e-02   2.3688572e-03  -7.6408124e-04  -8.4090770e-04   1.1130582e-03   2.4549962e-04
  -1.0651274e-02  -1.1172383e-03   1.4342461e-02  -7.9460267e-04   1.1262072e-03   1.7834615e-04
  -1.1977014e-02   1.8581750e-03   1.7843459e-02  -8.7003313e-04   1.2102320e-03   5.9199749e-05
  -1.5248806e-02  -1.6870550e-03   7.6548254e-03  -5.9448827e-04   1.1335230e-03   2.8790253e-04
  -1.3434664e-02   8.1079524e-03   2.9358207e-03  -9.4449649e-04   1.1133246e-03   1.6529438e-04
  -7.9761770e-03   1.5001197e-02   6.4379159e-03  -1.1186458e-03   1.1434487e-03   2.0985757e-04
  -9.0204759e-03   1.1787628e-02   5.4005689e-03  -8.7841370e-04   1.2532831e-03   2.6770373e-04
  -1.0096811e-02   1.6257991e-02  -3.2441280e-03  -6.0537934e-04   1.1370559e-03   3.0871963e-04
  -1.2777608e-02   2.1728866e-02   3.6497558e-03  -8.7289762e-04   1.2824213e-03   1.9462664e-04
  -1.0893600e-02   7.3171368e-03   6.1804399e-03  -9.2433612e-04   1.3039816e-03   4.9488161e-05
  -1.0104024e-02   8.8552979e-03  -5.2880562e-04  -7.0376421e-04   1.0285576e-03   1.8060205e-04
  -1.4020758e-02   1.6821870e-02  -3.6778335e-03  -8.3283166e-04   1.1189384e-03  -3.6270009e-06
  -1.2547942e-02   1.9775590e-02   1.6308095e-03  -1.0074318e-03   1.0934457e-03   9.1873287e-05
  -1.1178289e-02   3.0229270e-03  -3.1989882e-03  -8.8038790e-04   1.0526572e-03   1.0240935e-04
  -9.5881525e-03   1.0363101e-02  -9.4561688e-03  -8.7408288e-04   1.1861706e-03   9.7379040e-05
  -5.7607683e-03   2.7317148e-02  -4.6915952e-03  -1.1142159e-03   1.1437627e-03   1.7262158e-04
  -7.2905625e-03   1.4882666e-02  -1.4957401e-02  -7.4222900e-04   1.2472818e-03   2.5947453e-04
  -5.3007062e-03   2.3700789e-02  -1.5107499e-02  -1.1338013e-03   1.4033350e-03   4.6428120e-06
  -9.7789850e-04   2.7998029e-02  -2.1582021e-02  -9.1949828e-04   1.1534868e-03   1.3938549e-04
  -5.7626498e-03   3.1224992e-02  -2.3327673e-02  -8.1625044e-04   1.3327280e-03   1.2527172e-04
  -4.1023700e-03   2.3580304e-02  -2.0257893e-02  -8.7664414e-04   1.4531896e-03   2.0493537e-05
   1.8580949e-03   6.9101453e-03   6.2715082e-03  -6.2846382e-04   1.1309596e-03   7.4355884e-05
  -3.9888258e-03   1.6949326e-03  -2.9938506e-03  -7.9002822e-04   1.2867331e-03   2.3845658e-05
