   0.0000000e+00   0.0000000e+00   0.0000000e+00   0.0000000e+00   0.0000000e+00   0.0000000e+00
   3.5390378e-04  -5.6079022e-03   7.9044725e-03  -1.1401944e-04  -2.1280287e-04  -6.8206244e-05
  -4.0384688e-03  -1.7653390e-03   7.1051944e-03   7.1973689e-05  -3.3251771e-05  -1.4173848e-04
   1.5301134e-03   1.1872083e-02   1.2072066e-02  -1.0963690e-04  -8.2346638e-05  -1.0684979e-04
   4.7878340e-05  -6.9202529e-04  -3.9028055e-04   1.9520087e-04   1.0734694e-04   1.3864078e-06
   4.4430202e-03   5.1476959e-03   2.8345349e-03  -2.4059885e-04  -8.4880796e-05   1.1360555e-04
   3.2591439e-03   2.6260950e-04   8.3591927e-04   1.3325259e-04   1.6364479e-05  -5.8940698e-05
   4.7779078e-03   1.3321586e-02   7.6276288e-03  -1.0430252e-04   2.1368091e-05  -4.2903760e-05
   8.5655082e-04   1.4677094e-02   6.6235823e-03   2.6635268e-04   1.7677384e-04  -2.1076856e-05
  -1.2193255e-03  -2.2249583e-04   7.5830169e-03   3.0285452e-04   1.6002633e-04   7.2368232e-05
   3.3453793e-03   1.6203202e-03   1.0378450e-02  -1.1150418e-04  -5.5812585e-05   1.9956516e-05
   1.5415393e-03  -2.5646048e-03   8.7356121e-03  -8.3831796e-06   1.0393212e-04  -1.1848790e-04
  -5.2802944e-04  -6.0898600e-03  -9.6202653e-04  -3.1331727e-05   3.3654490e-04   9.8167406e-05
   1.0124526e-02   1.2207105e-03  -1.9155957e-03  -2.6679353e-04   5.7644229e-05   8.5693869e-05
   5.2984502e-03  -6.4578496e-03  -6.2180665e-03   5.6296038e-05   1.2702319e-04   5.3916295e-05
  -2.8788214e-03  -1.5647352e-02   3.8159304e-04   2.6568974e-04   2.3394379e-04   6.2023096e-05
  -2.3567537e-04  -6.2770394e-03   1.5708482e-02  -1.9687824e-05  -1.2908542e-04   1.8348248e-05
   3.4535345e-03  -4.0827010e-03   7.0840134e-03   7.6847079e-05  -3.6603867e-05   2.8396786e-05
   1.9534438e-03   3.9391227e-03   5.2272347e-03  -2.9421855e-04  -6.4629691e-05  -3.4947300e-05
  -4.1491849e-03   2.8039874e-03   4.5963093e-03   9.2967001e-05  -6.6244627e-05  -5.2623839e-05
  -6.0600562e-03   2.1673288e-04   1.9150954e-03   1.6666844e-04   1.3952890e-04  -3.3014867e-05
  -3.2691278e-03   1.1992768e-02   2.6931395e-03   2.6475057e-04  -4.4445951e-05  -1.0450950e-05
  -8.7078217e-04   8.9651655e-03   1.3996371e-02  -1.7695088e-04  -1.4330852e-04   1.5475010e-05
  -2.0472357e-03  -2.9663688e-03   9.3758969e-03   1.0192473e-04  -8.0707950e-09  -1.6175194e-05
  -2.1525286e-03  -3.1903401e-03   8.2767350e-03  -1.4096301e-04  -7.1460409e-05   1.5116841e-05
   3.1587729e-03  -7.7824175e-03   1.9054466e-02  -2.5296737e-04  -1.3652200e-04   1.4086101e-04
  -5.9172485e-03  -1.4841191e-02   2.0108198e-02  -2.1239204e-04   7.8583964e-05   1.2673662e-04
  -5.4043186e-04   1.3030932e-03   1.6716447e-02  -2.5742930e-04  -1.5752703e-04   1.1348442e-04
   1.1375363e-03   2.6834293e-03   1.1201234e-02  -4.7662230e-04  -1.2439350e-04   1.3490941e-04
  -2.9793715e-04  -1.2584989e-02   8.4115726e-03  -3.2927063e-05  -5.6730590e-05   1.7942503e-04
   7.3281398e-04   2.1850872e-03   6.3491494e-04  -3.8296752e-04  -2.3015412e-05   4.3931318e-05
   5.6060466e-03   1.3405806e-03   2.0838556e-02  -3.3095357e-04   6.2161306e-05  -1.3137879e-04
   3.9010285e-03  -5.4768314e-03   6.8580034e-03   8.8955841e-05   9.2274928e-05   8.0521887e-05
   8.6158376e-03  -2.1274144e-04   1.8073593e-03  -4.3648691e-04  -1.2018473e-04   1.6297009e-04
   4.0878259e-03  -1.5659162e-02  -8.8638414e-04   7.6216543e-05  -6.9587060e-06   7.8927876e-05
   2.3940003e-03  -1.3919380e-02   1.3612332e-02  -1.6569923e-04  -2.0865412e-04   6.5014437e-05
  -5.6183705e-03  -1.1065874e-02   1.2271640e-02  -7.4281339e-05  -2.5089353e-04   1.0809641e-05
   1.6634474e-03   9.7768590e-03   6.9264919e-03  -4.4349534e-04  -3.1380959e-04   3.4496867e-06
   2.9293475e-03   8.4679043e-03  -3.4481380e-03  -3.4442517e-04  -2.6623028e-05   5.4559515e-05
   2.0806499e-03  -1.8506078e-02  -2.3707323e-03   1.5294824e-04  -2.1262801e-05   6.5279387e-05
   7.7072451e-03  -1.9457048e-02   1.3489810e-02  -2.5007477e-04  -2.8961529e-04   1.3381291e-04
   2.8619397e-03  -2.6467651e-02   1.9966318e-02  -9.1730032e-05  -1.9183715e-04   1.7767742e-04
   1.6620819e-04  -9.0187643e-03   2.1708373e-02  -6.9506929e-04  -1.9420320e-04   7.4755901e-05
   1.1743637e-04  -1.3814249e-02   1.4926855e-02  -2.8646714e-04  -2.2171251e-04   1.1516733e-04
   2.7623534e-03   8.8576587e-03   2.5756149e-03  -6.2796389e-04  -3.2009328e-04   3.5613852e-05
   1.7651997e-04   3.6701885e-03   8.9182993e-03   1.3628823e-04  -1.2678192e-04  -3.8765368e-06
   9.3436053e-03  -1.0060306e-02   2.9678541e-02  -1.3322244e-04  -3.0665044e-04   2.0737757e-04
   2.0215673e-03  -1.7908126e-02   2.4298081e-02  -1.7516315e-05  -4.6240190e-05   1.7391206e-04
   3.3123718e-03   7.5374797e-03   1.3031017e-02  -2.5568136e-04  -1.7996277e-04   8.8377182e-05
   4.8098020e-03   4.7989564e-03   2.3738690e-03  -1.9694033e-04  -5.0544142e-05   6.2348672e-05
  -9.3073916e-04   1.1420931e-02  -1.6825038e-03  -2.1969924e-04  -4.2833805e-06   5.3544425e-05
  -3.0194067e-03  -8.0674380e-03   2.7011518e-03  -1.8524852e-05  -6.6528294e-05   1.3319304e-04
   1.8213087e-03  -1.3504936e-02   1.3959049e-02  -5.7284148e-05  -2.8366682e-04   1.5566119e-04
  -3.5063278e-03  -9.5897395e-03   2.2923957e-02  -2.6068831e-04  -1.2596041e-04  -1.0564179e-04
  -3.0556725e-03   1.7389077e-03   1.7324589e-02  -4.5043569e-04  -1.7967428e-04   2.3514239e-04
  -5.5672046e-03  -6.6190989e-03   5.5205835e-03  -1.7449812e-04  -7.8414196e-05   1.3645540e-04
  -4.4672865e-03  -6.9872290e-03   1.2819900e-02  -2.6592603e-04  -3.2337002e-04   1.8208072e-04
  -6.6314336e-03  -1.7419983e-02   1.2570140e-02  -3.5500468e-04  -1.9972834e-04   1.5570941e-04
  -2.0390119e-03  -9.8156330e-03   6.4657241e-03  -2.3318025e-04  -1.1331217e-04   1.0793716e-04
   3.3666972e-03  -2.8129550e-04   3.1014561e-03  -7.7534279e-05  -5.9234962e-05   8.9601375e-05
   8.0947368e-03  -8.6409019e-03   4.6511359e-03  -2.0921517e-04  -1.4051817e-04   2.8752170e-04
   3.9596788e-03  -2.7858281e-02   1.3085845e-02   1.3755302e-04   1.0316973e-06   3.1745124e-04
   4.6488459e-03  -1.2698306e-02   1.4705200e-02  -4.1702987e-04  -3.1400827e-04   3.8162846e-04
  -4.6782077e-03  -1.1701590e-02   9.0322999e-04  -2.1425151e-04   1.6815865e-06   2.1544339e-04
   1.8081682e-03  -4.3512650e-03   2.6266076e-03  -8.9915393e-05  -8.2318806e-05   1.4011212e-04
  -4.9683470e-04   4.1798291e-03   2.5534090e-03  -9.9722081e-05  -1.5294640e-04   2.2186405e-04
  -3.1800826e-03  -7.6887960e-03   6.4328828e-03  -2.3699116e-04  -1.4226238e-04   2.0996728e-04
  -3.1414372e-04  -1.6084100e-02   5.6456647e-03   7.6568486e-05  -1.5606116e-04   2.5636245e-04
   6.0721573e-03  -6.6465782e-03   8.1312253e-03  -1.5039677e-04  -3.1432932e-04   4.0631387e-04
  -8.1628576e-04  -1.5443003e-02   4.2286575e-03   6.9103673e-06  -1.2758983e-05   1.4515344e-04
   2.3470162e-03  -1.6302252e-02   3.4500005e-03   9.8932795e-05  -1.1197700e-04   1.5566820e-04
   5.1476896e-03  -1.3202645e-02   1.2186769e-02  -8.1761483e-05  -1.4787323e-04   1.6878417e-04
  -3.5835618e-03  -2.2455108e-02   9.7551936e-03   2.0857686e-05   7.8870311e-05   2.3611953e-04
  -1.4483624e-03  -6.7130719e-03   1.7007866e-02  -2.1731640e-04  -1.8759121e-04   2.2006415e-04
   2.9505306e-04   2.7329332e-03   9.1299443e-03  -3.9153827e-04  -1.9251611e-04   1.6718757e-04
  -1.1949820e-03  -1.7342200e-02   4.0129468e-03   3.9220858e-05  -1.0736630e-04   2.8582921e-04
  -1.2456951e-04  -1.1765138e-02   1.7326085e-02  -2.8791828e-04  -1.3683738e-04   2.3808967e-04
  -6.1700693e-03  -5.7524164e-03   1.0740710e-02  -1.6361880e-04  -1.2754636e-05   1.3889900e-04
  -3.0735725e-04  -4.8909941e-03   1.0348759e-02  -5.4380485e-05  -9.9725465e-05   2.1671911e-04
   4.7293515e-04  -1.8658173e-02  -2.5504264e-03  -4.1499493e-05   3.8596175e-05   2.6183714e-04
   4.0014320e-03  -7.3143859e-03   1.0609174e-02  -5.9928560e-05  -1.2281178e-04   2.6414233e-04
   2.1240132e-04  -4.9628595e-03   8.8353582e-04  -9.2462118e-05   1.0068943e-04   2.5756882e-04
   8.1920849e-03   4.7262824e-03   1.0780442e-02  -7.3523100e-05  -7.1139292e-05   2.1120195e-04
   7.0495007e-03   3.2665545e-03   1.5868397e-02  -3.3714182e-04  -4.5109789e-05   1.7744109e-04
   5.7003311e-03  -7.6237641e-03   3.6592404e-02   2.3052083e-04   1.6781033e-05   1.2748441e-05
  -1.6100917e-03   1.3642981e-03  -8.4294489e-03   8.8770736e-04   2.0680472e-05  -2.6592048e-05
  -2.0162150e-03  -1.2313035e-03   7.4814452e-04   3.4113817e-04   1.2362034e-04   1.0195635e-04
   2.3198447e-03  -8.8144490e-03   1.3870902e-02   1.4082528e-04   8.7945785e-05   2.3088642e-04
   5.6260529e-03  -9.3918366e-03   2.0025482e-02   1.9273895e-04   8.0221698e-05   9.1602977e-05
   7.8891606e-03   6.2226685e-03   1.4109124e-02  -6.2625170e-05   1.7695417e-04  -6.4366792e-07
   3.3840413e-03   1.4296783e-02   3.4337261e-03  -3.2705552e-04   7.7800973e-05   1.0679413e-04
  -1.7926270e-03   1.9183504e-04   1.1932404e-02  -4.0821744e-05   2.6326132e-05   2.3833324e-04
   1.1122214e-03   1.2582731e-02   2.3892587e-02   2.8854218e-04  -2.9008319e-04   4.0021585e-04
  -2.8620352e-03   9.8750183e-03   4.9989181e-02  -2.7457385e-04  -2.3612900e-04   2.1774643e-04
  -1.0654072e-02  -1.7488254e-02   4.9405434e-02  -6.1465828e-05  -1.8448820e-04   2.1164120e-04
  -3.4259901e-03  -8.4631719e-03   4.3709197e-02  -5.9389668e-04  -5.3937485e-04   3.3843224e-04
  -2.9084092e-03  -1.5150016e-02   2.7442998e-02  -4.6552889e-04  -2.7857830e-04   2.9599296e-04
  -8.3750612e-03  -1.7934066e-02   3.0763921e-02  -3.3505021e-04  -1.5116075e-04   2.1749998e-04
  -2.2370052e-03   4.7129794e-03   2.4394620e-02  -4.5719756e-04  -2.5455133e-04   1.5266919e-04
  -4.0659474e-03   2.2491531e-03   1.5254412e-03  -2.2864613e-04   1.0297294e-05   2.0279145e-04
   3.2403416e-03  -3.0255332e-05   8.9542560e-03  -8.1070944e-06  -1.2005746e-04   2.7051501e-04
   6.6574962e-03  -2.6456919e-04   1.2494159e-02  -3.1841028e-04  -1.7385608e-04   1.3016485e-04
   8.1879801e-04   9.6818606e-03  -8.5623977e-03  -2.5657658e-05   5.2894424e-06   8.1603462e-05
   5.9047388e-03   3.6946502e-05   8.5694229e-03   7.1741992e-05  -1.0798827e-04   1.6264872e-04
   5.4312462e-03  -1.5483135e-02   1.6836774e-02   2.1198637e-04  -2.0716418e-04   3.5878766e-04
   5.6683076e-04  -1.9000441e-02   1.7766032e-02   5.7555981e-06  -1.1612068e-04   3.2067812e-04
   3.2593808e-03  -2.7582638e-03   1.9983072e-02  -6.4830834e-05  -1.7506366e-04   2.3295246e-04
   5.8356820e-03   1.8462228e-02   1.2244762e-02  -2.5314715e-04  -1.1690449e-04   1.9664284e-04
   7.7866940e-03   7.8170798e-03  -2.8177403e-03   5.3254525e-05  -1.7085360e-04   2.5618407e-04
   8.6520262e-03   1.3560792e-03   1.1209834e-02   5.2834225e-05  -3.2901037e-04   4.0606976e-04
   3.3220168e-03   3.3497755e-03   1.0147136e-02  -2.4138410e-04  -2.5999913e-04   2.6251316e-04
   5.2935211e-03   3.9080858e-03   1.6998452e-02   2.8469418e-04  -2.8070544e-04   1.3647772e-04
   1.0358634e-02   1.3010157e-02   1.2138339e-02  -1.5667581e-04  -3.4049396e-04   2.5913726e-04
   5.5125102e-03   3.1596920e-03   5.7247345e-03   6.1225243e-05  -2.6833691e-04   3.4690814e-04
   7.9858522e-03   4.9618669e-03   7.2633270e-03   1.6481843e-04  -3.6432875e-04   3.2166303e-04
   7.0522307e-03   1.3792423e-02   2.4290850e-03  -5.9826962e-05  -2.7291403e-04   3.1218444e-04
   6.9325623e-03   1.5826327e-02   1.5237415e-02  -1.5397702e-04  -3.0128576e-04   2.9835140e-04
   8.5258467e-03   4.3964478e-03   1.5793426e-02   6.9695514e-05  -2.0090174e-04   3.7249789e-04
   8.1051963e-03   8.8800679e-03   6.3482377e-03  -1.3842939e-04  -2.9724728e-04   4.6077632e-04
   4.5084465e-03   1.4108616e-03   1.1133977e-04   5.3283883e-06  -2.1654765e-04   3.9168937e-04
   4.0351130e-03  -4.7622238e-03   1.4385827e-02   1.5204129e-04  -2.3044550e-04   2.8056965e-04
   2.5848708e-03   4.4251811e-03   1.6585687e-02  -2.9134852e-04  -2.3711517e-04   2.7587192e-04
   6.1842982e-03   4.6391839e-03   1.3685672e-02  -1.0184451e-05  -1.9416557e-04   3.6228451e-04
   7.2893728e-03   1.9530822e-02   6.8350915e-03  -3.8060274e-04  -2.7603828e-04   3.6834821e-04
   3.4550564e-03   4.2519629e-03   8.4789668e-03   1.3907362e-04  -2.2149436e-04   2.4980457e-04
   4.4712235e-03   9.5220712e-04   2.4837496e-02  -2.6869648e-05  -4.3557988e-04   4.0510292e-04
   2.0116320e-03  -1.6066346e-03   1.9378049e-02   2.8402966e-05  -1.8039253e-04   4.2964039e-04
   6.6372029e-03   1.2414349e-02   8.7158522e-03  -2.0104229e-04  -3.7322990e-04   4.2016588e-04
  -2.9504919e-03   3.8392815e-03   1.0542300e-02  -1.2883248e-04  -3.1117292e-04   3.8184134e-04
  -5.0876939e-03   1.3969426e-02   1.7989509e-02  -5.5707772e-05  -3.6143506e-04   2.0686771e-04
  -4.7443312e-03   2.1672443e-02   1.5672955e-02  -2.5386986e-04  -5.0603791e-04   1.8297090e-04
   5.0187208e-04   1.3174294e-02   1.3957774e-02   3.6727236e-04  -4.2596857e-04   3.4072749e-04
  -2.2280890e-03   2.3526611e-02   1.8099427e-02  -6.8324441e-05  -3.4444201e-04   1.7821354e-04
  -1.6596125e-03   1.8319912e-02   2.1436585e-02  -9.7525366e-05  -2.9407298e-04   9.0960008e-05
  -5.1082779e-03   2.0449387e-02   1.6913777e-02  -1.1426085e-04  -7.0978096e-05   9.2208513e-05
   2.5637017e-03   3.8351151e-02   2.0109725e-02   1.9662649e-04  -3.2175374e-04   9.0366531e-05
   7.6866853e-03   4.4302088e-02   2.4950257e-02   1.3215583e-04  -3.7612400e-04   2.7020475e-04
   6.6425132e-03   2.2627591e-02   2.0353634e-02   4.8285488e-04  -5.0075215e-04   7.5840162e-04
  -2.4566202e-03   2.9072043e-02   1.7080323e-02   2.5812177e-04  -1.0341468e-04  -5.4312374e-04
   6.5043951e-03   3.9695256e-02   1.0863449e-02   2.8807691e-04  -3.0350500e-04   5.5604339e-05
   9.8959957e-03   3.4599448e-02   1.1969025e-02   2.3413001e-04  -3.3525724e-04   1.4608179e-04
  -2.6983473e-03   1.2104882e-02   1.0951373e-02  -1.7101410e-05  -1.7484508e-04  -2.7215627e-04
   2.0329402e-03  -2.2846072e-03   1.9786624e-02   1.8162477e-04  -5.1238922e-04   3.7603191e-04
  -3.3024356e-03   3.4258287e-03   2.9101862e-02  -1.9348448e-04  -4.7043284e-04   2.3825041e-04
  -3.6035308e-03   8.7941888e-03   2.6494421e-02  -3.6696391e-04  -5.9349396e-04   3.0985311e-04
  -2.7890096e-03   1.9605923e-02   1.9838137e-02  -3.2844775e-04  -5.1116444e-04   2.1354751e-04
  -2.0544567e-03   1.6611545e-02   1.4907079e-02  -1.5763817e-04  -5.0041759e-04   2.6651015e-04
  -5.8530103e-03   8.9846087e-03   1.9064927e-02   9.4329233e-05  -2.7019557e-04   1.0151636e-04
   5.8687047e-03  -1.5041023e-03   2.4042382e-02   4.0523547e-05  -5.0570832e-04   4.0353239e-04
   4.0942257e-03  -2.1805597e-04   2.4746579e-02  -1.3118952e-04  -5.3505530e-04   4.6565514e-04
   2.5551819e-03   1.8419216e-03   2.2903372e-02  -1.5727485e-04  -4.9481236e-04   4.5493869e-04
   1.0759003e-02   1.7733751e-02   2.0283219e-02  -2.4489352e-04  -3.4200614e-04   4.1757281e-04
   9.7449471e-03   1.0265036e-02   7.8600979e-03  -1.9035772e-05  -2.2778268e-04   4.1618737e-04
   5.0797547e-03  -7.2897556e-03   1.7268160e-02   3.0625542e-04  -2.2868770e-04   4.4608611e-04
   6.5376845e-03  -7.7582117e-03   2.0224387e-02  -4.7270220e-05  -3.4070847e-04   5.3857659e-04
   4.7673092e-03   3.7589578e-03   1.7543173e-02  -1.4293049e-05  -3.8554512e-04   4.7696725e-04
   3.4771338e-03   8.5745669e-04   8.5254171e-03   4.4012864e-05  -2.3827393e-04   3.2992522e-04
   7.2688127e-03   2.5979060e-03   5.4039589e-03   1.9244764e-04  -3.8924949e-04   4.5339778e-04
   7.4149475e-03  -1.9569003e-03   1.0065847e-02   6.9219850e-05  -3.4521225e-04   5.2459908e-04
   3.5530846e-03  -1.8032618e-02   1.8044847e-02   1.8275876e-04  -2.1452343e-04   5.6231603e-04
   4.5638571e-03   9.4738642e-03   1.4190408e-02   9.1851292e-05  -3.6887978e-04   4.3588034e-04
   1.6117835e-03   2.3867854e-02   5.0968663e-03   1.5952539e-04  -3.1824872e-04   2.5108094e-04
  -2.0246997e-03   4.7867168e-03   1.9707067e-03   3.8797449e-04  -1.2344923e-04   3.8575972e-04
   5.8084378e-03   5.3314030e-03   2.3351715e-02  -2.0004564e-05  -4.6900799e-04   5.7397029e-04
   4.1681485e-04   5.0685491e-04   2.5609100e-02   9.2207907e-05  -2.0791850e-04   4.8266559e-04
   3.8603166e-03   1.5788974e-02   1.5821003e-02  -2.0011478e-04  -2.6639936e-04   5.3123196e-04
   7.6632714e-03   2.1897282e-02   1.5763954e-02   8.2802823e-05  -3.1660322e-04   4.3285581e-04
   3.4071863e-03   2.5234916e-02   1.5593594e-02  -2.4329509e-04  -2.2376798e-04   3.2105576e-04
  -2.6193420e-03  -2.2521117e-03   1.9541035e-02   1.2669490e-04  -3.4945317e-04   3.6249012e-04
  -6.2492374e-03  -1.8117031e-02   2.5615344e-02   1.6714026e-04  -3.3890868e-04   4.8848835e-04
   3.9074750e-04  -1.3606683e-04   2.8357810e-02  -2.0650197e-04  -5.2564356e-04   3.7581733e-04
  -2.4021983e-03  -2.5903442e-03   1.2315383e-02   1.2672375e-05  -2.1969458e-04   3.6363875e-04
   1.8157559e-03   7.7294860e-03   8.2160734e-03   3.3419309e-06  -3.6319116e-04   3.2577394e-04
   1.2857528e-03   4.5350868e-03   1.1190181e-03  -1.5380909e-04  -2.7218956e-04   4.1869302e-04
   7.4096313e-03  -2.4819954e-03   2.3196783e-03   1.7031092e-04  -3.3167800e-04   4.3578896e-04
   8.5153867e-03   7.7701605e-04   2.2411905e-02  -2.2731513e-04  -3.5778797e-04   5.7472435e-04
   1.4539340e-03  -4.2802658e-03   2.4677876e-02  -4.2109774e-05  -2.6120609e-04   4.5213267e-04
  -6.5785709e-04   1.1065249e-03   2.0616566e-02  -9.3522623e-05  -1.4207104e-04   4.7988010e-04
   1.2569470e-03   1.7630997e-02   1.5957711e-02  -7.9900740e-06  -2.9761891e-04   4.0533617e-04
   2.2594185e-03   6.6233160e-03   1.2854663e-02   2.5282081e-04  -1.4793042e-04   4.8344947e-04
   9.2067807e-03   1.6002994e-02   1.5933684e-02  -2.1098149e-04  -3.9073044e-04   5.2335543e-04
   5.5326547e-03   7.4775719e-03   1.8212651e-02   9.5251289e-05  -1.8527379e-04   3.5140594e-04
   1.0853288e-02   1.6131822e-02   2.0515373e-02  -9.0987396e-05  -2.6480823e-04   3.9192813e-04
   6.1790574e-03   9.5267221e-04   4.9965441e-03   3.4382097e-04  -4.2395174e-05   3.8856489e-04
   6.4945862e-03   3.7262013e-03   7.5636934e-03   6.3046178e-06  -3.6053278e-04   3.9107163e-04
  -2.5166224e-03  -8.4742554e-03   7.8705279e-03   1.8786311e-04  -2.3446678e-04   4.3493718e-04
  -1.8918884e-03  -8.9028735e-05   1.6874913e-02   2.8327998e-05  -4.2395730e-04   4.0037187e-04
  -2.7040800e-03  -8.7964840e-03   1.3425349e-02   3.1426376e-05  -2.9753610e-04   5.4492898e-04
   1.5799858e-03  -6.5194972e-03   1.2740713e-02   8.1467098e-05  -4.7167066e-04   4.8784666e-04
   5.2793517e-03   1.9781786e-03   1.2436283e-02  -2.8678572e-04  -4.5244739e-04   5.6879023e-04
   1.8370475e-03  -8.8162536e-03   1.0281012e-04  -6.4601547e-05  -2.4166391e-04   5.1725138e-04
   5.8396938e-03  -4.3357330e-03   4.9584661e-03   1.1621835e-04  -3.0886142e-04   5.3468587e-04
   7.7364493e-03  -6.3839505e-03   1.3634313e-02  -2.2097359e-04  -4.1499301e-04   5.4843333e-04
  -1.8930290e-03  -1.6570547e-02   1.6617347e-02   1.4979938e-04  -1.8434417e-04   4.2670311e-04
   1.8384478e-03  -7.1170595e-03   2.4518340e-02  -1.2821867e-04  -4.3011394e-04   5.2823258e-04
  -1.8735536e-03   6.6072031e-03   1.8843142e-02  -3.0166044e-04  -2.9178977e-04   5.2511961e-04
   8.2103043e-04   4.4366719e-03   2.2348125e-02   5.8541608e-05  -3.8012673e-04   4.6199212e-04
   2.2137562e-03   9.8792694e-03   1.8939641e-02  -2.4507172e-04  -4.4401334e-04   5.5937162e-04
  -4.3325119e-04  -5.3555254e-03  -1.4175832e-03  -1.3270068e-04  -1.9252672e-04   5.6441599e-04
   4.7263121e-03  -3.4883790e-03   5.9220307e-03  -3.7905999e-05  -3.5154166e-04   6.3892105e-04
