   0.0000000e+00   0.0000000e+00   0.0000000e+00   0.0000000e+00  -2.1175824e-22   0.0000000e+00
   8.9481129e-04  -1.6593265e-03   3.3990367e-03  -8.6612299e-05  -1.3752988e-04  -1.2011044e-04
   9.1493780e-03   8.0248780e-03  -8.0179736e-03  -7.1072602e-05  -2.1337861e-04   4.3196496e-05
   6.1205741e-03   1.9671513e-03  -5.9269866e-03  -5.8153853e-05  -1.4177306e-04  -2.0891303e-04
   1.1132213e-02   2.0778042e-02  -1.1524755e-02  -4.8134952e-04  -1.5298681e-04   4.8653353e-06
   8.3116845e-03   2.5517864e-02  -1.0568617e-02  -3.4033592e-04  -6.9628817e-05   1.6900109e-04
   4.5653670e-03  -1.6054791e-03   7.6295092e-03   2.2048183e-04   1.1141011e-04   7.7211897e-05
  -1.2934029e-03   4.4338429e-03   1.5137658e-02   7.4060561e-05   1.7892315e-04   1.1218545e-04
   1.5820658e-03  -8.0741446e-04   9.2048324e-03   1.5692268e-04  -4.6260522e-05   3.3428871e-05
   4.3726912e-03   1.3198428e-02   7.3878634e-03   8.3467977e-05  -1.1787165e-04   4.5502979e-06
   1.0226522e-03   8.5973068e-03   3.8125202e-03   1.6023636e-04  -3.3481664e-05   2.5893294e-05
   3.8022656e-03   1.2279139e-02   1.7358810e-02   1.5449188e-04  -4.3538710e-05   5.1935395e-05
   3.7895303e-03   1.3713435e-02   1.7360122e-02  -4.4408340e-05  -5.7532450e-05   1.3963753e-04
   3.2399748e-03   1.5464013e-02   1.8367738e-02  -1.5377485e-04  -3.7826702e-05   5.7610405e-05
   1.2589898e-02   1.1083876e-02   1.4412306e-02  -7.0393432e-05  -2.8655531e-04  -3.4378012e-06
   1.1015568e-02   2.5196321e-02   1.3391407e-02  -3.0438811e-04  -1.9706469e-04   4.9972699e-05
   9.2803034e-03   3.2164020e-02   1.3357427e-02  -5.2227622e-04  -1.3852739e-04   9.6881343e-05
   8.1233246e-03   2.9913568e-02   1.5618250e-02  -4.3871889e-04  -1.0898974e-04   7.2893372e-05
   5.2942371e-03   1.6210434e-02   2.0703495e-02  -1.2063573e-04  -1.7948259e-04   8.1542933e-05
   1.1318962e-02   6.4429843e-02   3.6729281e-02  -3.9425773e-05  -3.1871003e-04  -7.0684715e-05
   2.3744640e-03   3.2024449e-02   2.2853803e-02   3.5339729e-04   1.3518838e-04   6.0540052e-05
  -1.0323594e-02   2.4145675e-02   2.6134582e-02   1.3818950e-04   2.1347954e-04   7.1332396e-06
  -6.9948150e-03   2.5095327e-02   2.5085300e-02  -4.3894005e-05   1.1903187e-04  -5.8003514e-05
  -2.0395458e-03   2.4474283e-02   2.8022768e-02  -3.2204944e-05   7.8786046e-05   4.1954473e-05
  -5.7354761e-03   3.6541245e-02   2.9644655e-02  -1.8127209e-04   7.3803013e-05   3.2659099e-05
   2.1651783e-04   4.1410981e-02   2.8922053e-02  -2.5976875e-04  -7.8995513e-05  -1.2979705e-04
   2.6872599e-03   3.6573263e-02   1.7961975e-02  -4.2352386e-04  -5.0480546e-05  -1.8975248e-04
   6.0266986e-03   3.2713302e-02   1.1095462e-02  -4.3581709e-04  -6.7420917e-05  -2.9450567e-04
   5.1332300e-03   3.0241109e-02   1.0324931e-03  -2.8544528e-04  -5.0300394e-05  -2.2829256e-04
   3.5750056e-03   2.9825677e-02  -4.7764140e-03  -4.3786995e-04  -4.9769421e-05  -2.0576040e-04
   5.4687741e-04   3.3539257e-02  -1.5836356e-03  -4.4176415e-04   1.1010472e-04  -2.3101026e-04
   5.8795692e-03   1.6158216e-02  -3.1925636e-03  -9.2749636e-05   5.5134405e-05  -2.5295076e-04
   8.9635934e-03   1.3001721e-02  -1.4483913e-03  -7.9636932e-05  -4.7965411e-05  -1.9109963e-04
   9.3967866e-03   1.0004861e-02  -1.1731337e-03   3.7385735e-05  -3.4317206e-05  -4.3098615e-05
   7.0491739e-03   6.5601023e-03  -2.3737142e-03  -1.2888818e-06   6.5323860e-05  -9.7842180e-05
   4.8854484e-03   3.8054273e-03  -1.9928955e-02   3.2544023e-04   1.2137956e-04  -3.4701754e-04
   9.7621086e-03   2.5708346e-02  -2.9852503e-03  -1.6961653e-04  -2.2320262e-04  -1.2296964e-04
  -2.2533297e-03   8.1219146e-03   1.8421724e-03   8.7897243e-05   1.3272320e-04  -9.7110288e-05
  -8.8540592e-03   1.4119863e-03  -5.0688504e-04   3.8516669e-04   3.8339370e-04  -1.5760308e-04
   2.1962103e-02   1.6440918e-02   3.6391664e-03  -2.0831844e-04  -4.2236463e-04   1.4602712e-04
  -2.8367591e-04   2.0273719e-02  -2.9056289e-03   7.8778183e-05   3.1850209e-05   2.4332864e-05
  -6.0804494e-03   2.7830046e-02   1.9541902e-03  -2.0463625e-05   1.0982257e-04   1.0583732e-05
   2.6355699e-03   1.7382647e-02   3.5793124e-03  -4.3048615e-05   6.1256044e-05  -5.0694948e-05
  -1.0288525e-02  -2.5726747e-04   1.1795693e-02   8.6454045e-05   3.2441454e-04  -1.6151951e-04
  -2.6314789e-02   2.0057330e-03   2.2057354e-02  -1.4102385e-04   8.2267946e-04  -2.5314470e-04
  -7.8591367e-03   8.6937845e-03   1.3607667e-02  -1.7228351e-04   7.4726066e-05  -1.0076572e-04
  -1.5335181e-03   1.9055372e-02   8.7298934e-03  -1.2562404e-04  -1.2209627e-05   1.4426914e-05
   6.1483750e-03   1.7510005e-02   4.0201758e-04   8.7468670e-05  -1.6673904e-04  -5.4030482e-05
  -7.1760630e-03   4.5912761e-02   9.5854902e-03  -3.4073129e-04   1.6529034e-04   5.1149314e-05
  -2.7808568e-03   4.1506221e-02   7.9019231e-03  -1.4736473e-04   7.0917914e-05   7.5218227e-05
  -3.4215372e-03   3.3886653e-02   1.6910698e-02  -1.5113150e-04   4.4304437e-05   1.4885430e-04
  -1.3508138e-02   2.9926600e-02   1.1397839e-02  -4.2735190e-05   3.3060429e-04   8.8152684e-05
  -3.9538659e-03   3.3513208e-02   1.4118635e-02   1.6141289e-04   1.0215598e-05   1.3101486e-04
  -2.6869261e-03   2.3025348e-03   3.8951533e-03   6.9334975e-04   7.5636621e-05  -1.7057616e-04
  -4.5667452e-03   1.6682157e-02   5.9470986e-03   1.0015924e-04   1.0390697e-04  -1.2557181e-04
  -6.7462899e-03   2.8661827e-02   1.3230755e-02   7.0826910e-05   1.7825243e-04  -9.8446631e-05
  -1.4332557e-02   2.0512001e-02   1.9843778e-02   1.9576996e-04   3.4948323e-04  -2.2998643e-04
   3.1950897e-04   2.5677934e-02   1.8740148e-02  -2.1865504e-04  -9.3376592e-06   8.4827138e-05
   4.6474715e-03   3.2760374e-02   1.4031536e-02   4.2140630e-05  -1.5059569e-04   6.6765721e-05
  -2.4440585e-03   5.8432329e-02  -1.9496548e-03  -4.3402718e-04   4.7632159e-05   6.9436173e-06
  -8.3648527e-04   4.2565548e-02   1.0525102e-02  -3.1390769e-04   4.0571463e-05   2.0157129e-04
  -1.3016127e-02   3.8357693e-02   9.6661929e-03   1.7106228e-04   3.7781550e-04   9.7904747e-05
  -4.5099174e-03   2.6469299e-02   1.2377532e-02   6.0868280e-05   2.7865018e-04   1.9789735e-04
  -3.0297797e-03   2.6609562e-02   1.7485776e-02   2.3938628e-04   1.8730850e-04   5.8064684e-05
   1.4297285e-05   3.2747986e-02   1.7933236e-02  -7.3393497e-06   1.0406257e-04   9.2496921e-05
  -8.7480008e-04   3.7941148e-02   1.3259724e-02  -2.0444299e-04   1.0279523e-04   9.4005124e-05
  -7.2265854e-03   3.1296358e-02   1.5592552e-02  -6.3188688e-04   3.4373218e-04  -9.3427431e-05
   3.7086762e-03   3.9587320e-02   2.1924664e-02  -7.5545280e-04  -7.0632445e-05   8.9525347e-05
  -7.2033409e-03   2.2410968e-02   1.4274973e-02   7.4277383e-05   1.9916511e-04  -1.9330682e-05
  -3.9553103e-03   2.1660387e-02   4.9789285e-03  -5.5454559e-05   3.1733853e-04  -2.2721273e-05
   3.2430584e-03   1.1095195e-02   6.6501201e-03  -9.1211549e-05   1.8456318e-04   2.3661678e-05
   1.2979593e-03   2.0068563e-02   9.5600805e-03  -4.3780852e-04   1.7614371e-04   4.0676432e-05
  -7.0761581e-03   7.3431725e-03   4.5625280e-03  -1.5476623e-04   3.8098317e-04  -1.4681335e-04
   1.7118118e-03   6.9101773e-03   3.1470482e-03  -2.8467279e-04   1.2228550e-04  -6.5176276e-05
   4.6998694e-03   8.6951742e-03   2.7311840e-03  -2.9428548e-04   4.9174135e-05  -9.6911804e-05
   1.6193337e-03   6.6145380e-03  -8.3851417e-03  -2.9378659e-04   3.5190687e-05  -1.2973848e-04
   1.3736076e-03   1.9350494e-02  -1.0350823e-02  -3.1878307e-04   1.5163858e-05  -8.1373757e-05
  -4.5387841e-03   1.5358800e-02  -6.3085509e-03  -3.7564903e-04   2.1714334e-04  -8.8674020e-05
  -9.2982830e-03   1.5579404e-02   9.7463187e-04  -2.7207935e-04   3.4504473e-04  -8.7929226e-05
  -2.2973907e-03   2.2883704e-02   5.5497864e-03  -3.0290647e-04   2.3578936e-04  -1.1154748e-05
  -5.5052973e-03   9.8566441e-03   3.2680742e-03  -5.5470760e-05   2.4308396e-04  -3.6133143e-05
  -4.2338415e-03   1.4275183e-02   6.8641860e-03  -7.8174334e-05   1.7810665e-04  -3.6783382e-05
  -3.0557221e-05   7.5112823e-03  -1.1005239e-05  -2.3455373e-04   1.2723957e-04   8.4031604e-05
  -2.9467067e-03   5.1116242e-03   6.6058525e-03  -5.2292596e-05   2.0889466e-04  -2.1897098e-05
  -6.4558740e-03   1.3096540e-02   3.2295656e-03  -1.3883164e-04   2.3700404e-04   2.6010906e-05
  -7.2232806e-03   2.1145141e-02   4.6525165e-04  -2.1059768e-04   2.6803473e-04  -1.5113505e-04
   3.2889738e-04   2.3030581e-02  -4.4896177e-03  -1.6005710e-04   1.1160457e-05   1.7872810e-06
  -1.6074695e-02   2.4887102e-02  -2.9278862e-03  -2.6929083e-04   5.9777222e-04  -1.3325597e-04
  -1.5079019e-02   1.0041340e-02   1.0325665e-02  -1.3247098e-04   8.1324515e-04  -3.1855473e-04
  -2.8071245e-02   2.0762104e-02   1.1392959e-03  -2.2962353e-04   1.0437953e-03  -2.2739592e-04
  -8.2503079e-03   3.3386866e-02   1.5149985e-02   1.9633929e-05   3.5841955e-04  -2.1071353e-05
   4.4263199e-03   4.6596110e-02   3.7241187e-03  -2.2517230e-04   4.3573107e-05   1.2080319e-04
   5.4358258e-03   3.7773951e-02   1.4790264e-02   5.4929439e-05  -5.8347453e-07   2.4891811e-04
  -2.9251356e-04   3.0784620e-02   1.2247637e-02  -1.3592918e-05   1.4699557e-04   2.1489226e-04
  -1.7191402e-02   3.2192151e-02   2.6672515e-02  -2.7183864e-04   7.2073159e-04  -2.8180619e-04
   4.4263504e-03   3.7865451e-02   2.6182185e-02  -5.0864140e-04  -1.5727298e-05   3.0981006e-04
  -8.8471204e-03   3.4114572e-02   1.8112853e-02   7.0171566e-05   3.3949597e-04   7.0181465e-05
  -1.0152472e-02   3.1661837e-02   8.2389569e-03  -2.2082631e-04   3.7735415e-04  -8.5395846e-05
  -8.9529384e-03   6.3117624e-03   9.8002464e-03  -3.5769469e-04   6.0527604e-04  -1.0797166e-04
  -4.0403824e-02   4.8846049e-03   1.6588495e-02   1.6864486e-05   1.5014286e-03  -7.9344340e-04
  -1.8810810e-02   6.0454551e-03   2.2437116e-02   6.8166174e-04   3.2283748e-04  -1.4761110e-04
  -1.7988649e-02   5.2319952e-02   3.2804600e-02  -2.0890043e-04   3.6214191e-04   3.9977869e-05
  -1.0790436e-02   2.4317473e-02  -2.6919253e-03   6.9138059e-04   2.9542498e-04  -2.7994933e-04
  -2.8496693e-02   2.5093244e-02   2.3674525e-02  -2.9374361e-04   7.9212540e-04  -1.5473696e-05
  -1.9428692e-02   3.4369963e-02   2.2032810e-02  -8.0433143e-04   5.2631096e-04  -1.1128844e-04
  -3.0495530e-02   4.2031527e-02   4.0956699e-02  -6.3986226e-04   8.1486604e-04   6.5120883e-05
  -2.5009979e-02   5.2418072e-02   3.6650337e-02  -8.2897118e-04   6.0634557e-04  -2.7304656e-05
  -8.9089866e-03   6.3846113e-02   2.4316845e-02  -1.3143999e-03   1.8897458e-04   2.0170250e-04
  -3.7157581e-02   5.8677185e-02   2.5844207e-02  -1.0277272e-03   1.1059227e-03  -5.7305351e-04
  -1.4331924e-02   4.7624787e-02   1.3841330e-02  -9.7677130e-04   4.7729119e-04   7.3417526e-05
  -2.0680596e-02   5.7612787e-02   1.0748994e-02  -8.7887943e-04   5.5630494e-04   7.4610059e-06
  -1.3778225e-02   2.2994019e-02   1.0008790e-02  -5.9218762e-04   5.1107588e-04  -9.1185485e-06
  -1.3294575e-02   4.4050778e-02  -6.7128159e-05  -8.5133711e-04   3.3888469e-04   1.1929395e-04
  -1.1532561e-02   3.4683655e-02  -4.6072611e-03  -3.7611678e-04   2.6874028e-04   5.0315194e-05
  -9.9098052e-03   1.1966459e-02  -2.1352019e-03  -4.3274593e-04   2.2746960e-04   1.8239543e-04
  -1.4011414e-02   1.6247138e-02  -5.1987112e-03  -3.4578449e-04   3.7510703e-04   1.1597132e-04
  -1.0647617e-02   1.7973870e-02  -1.1836821e-02  -8.6697180e-05   4.3207953e-04   5.2322757e-05
  -1.1786883e-02   2.4525060e-02  -7.1938524e-03  -3.7734926e-04   3.9378239e-04   2.2561565e-04
  -1.1380461e-02   1.3115610e-02  -2.5885134e-03  -1.6764536e-04   3.2035850e-04   2.2385634e-04
  -4.9843191e-03   1.0051185e-02  -2.6602644e-03  -2.0139896e-04   2.2013513e-04   9.8732834e-05
   6.9700062e-04   2.0876808e-02  -7.5724993e-03  -3.6051205e-04   1.9764676e-06   8.0218860e-05
   1.8935179e-03   2.2758488e-02  -9.9288528e-03  -5.0925125e-04  -9.8629078e-06   1.8939961e-04
   6.2954759e-03   1.8302249e-02  -1.8425557e-02  -4.0759823e-04  -1.0633918e-04   1.0571070e-04
   2.8204049e-03   2.5715465e-02  -1.6553417e-02  -7.7179585e-04  -1.9645915e-06   1.2342436e-04
   7.1524758e-03   1.7895345e-02  -1.7933134e-02  -6.9680857e-04  -6.3383045e-05   1.3347410e-04
   1.3292701e-02   3.3474733e-03  -2.6143735e-02  -5.0305682e-04  -2.0117189e-04   3.6703147e-05
   1.1688265e-02   6.3836064e-03  -1.9145676e-02  -6.0200148e-04  -1.2846070e-04  -7.9931999e-05
   1.7490535e-02   2.0588617e-02  -1.5943296e-02  -4.0968574e-04  -2.5041196e-04   8.3889942e-05
   9.1969056e-03   2.2440124e-02   6.3331394e-03  -9.9992816e-05  -8.1304126e-05   3.1074760e-04
  -1.2427233e-04   1.9584036e-03   6.2189216e-03   9.4001344e-05   1.3333854e-04   1.4328910e-04
  -2.1574110e-03   1.6031077e-02   4.6955927e-03  -1.3716707e-04   8.3115958e-05   1.5954848e-04
  -3.9102438e-04   1.0530853e-02   5.3391005e-03  -2.4116858e-04   4.6307905e-05   1.5532002e-04
  -1.0022799e-03   1.5136216e-02   1.3238589e-02  -1.4511348e-04   3.8537168e-05   1.5950318e-04
  -7.1745293e-03   2.6421184e-02   1.6181186e-02  -4.6022182e-04   1.7534941e-04   2.1908565e-04
  -2.4845544e-03   4.3533312e-02   8.2984432e-03  -9.1902894e-04   7.3967996e-05   1.2614051e-04
  -1.5576803e-03   3.1386555e-02   1.1894892e-02  -5.4446319e-04   3.3327673e-05   1.7251645e-04
   5.7599942e-03   3.5921483e-02  -1.3614108e-03  -5.6684084e-04  -7.5649690e-05   2.1381453e-04
   3.5321189e-03   1.7844804e-02   4.9689293e-03  -4.0770126e-04   1.6070413e-05   2.7108842e-04
   3.0819698e-03   1.5795241e-02   9.7778203e-03  -5.0115072e-04  -5.1865836e-05   3.5988678e-04
   5.7274298e-03   2.3786132e-02   1.1753589e-02  -6.6956514e-04  -2.9547701e-05   1.5022747e-04
   5.6466649e-03   2.6121441e-02  -3.8398512e-03  -6.9425999e-04  -3.2395222e-05   1.7079912e-04
  -3.7363054e-03   2.9741747e-02  -3.1227867e-03  -5.7983028e-04   2.4698740e-04   2.6182899e-04
  -1.0635168e-02   3.3758509e-02  -6.2940894e-03  -5.1845980e-04   2.3556624e-04   1.1116441e-04
  -1.6800289e-02   2.0833379e-02  -1.8444055e-03  -3.4569375e-04   4.3847011e-04   3.7025029e-05
  -9.8839342e-03   2.9673624e-02  -3.7756053e-03  -3.1541862e-04   2.1293442e-04   1.2417077e-04
  -2.4733831e-03   3.4980583e-02  -2.8700036e-03  -5.7330755e-04   7.4956775e-06   1.5332451e-04
   1.8885378e-03   3.1109938e-03  -3.3178951e-02   1.5311722e-04   1.1533674e-04  -1.3339109e-04
   7.6563813e-03   7.9974475e-03   5.5960143e-03   8.7138322e-05  -1.3554936e-04   7.5468604e-05
   7.9362897e-04   1.6650929e-02   2.0487958e-03  -3.8300397e-04   8.5414333e-05   9.1145563e-05
   6.7722021e-03   1.7207324e-02   6.0240898e-03  -3.3521102e-04  -6.2873275e-05   5.5611624e-05
  -7.9888243e-03   1.7120441e-02   7.2746855e-03  -6.2757456e-04   3.2044829e-04   8.4792130e-05
   4.0768643e-03   2.7205815e-02   4.5033652e-03  -5.3454567e-04   2.4734053e-05   2.3386314e-04
  -3.3271079e-03   2.8193438e-02   4.2442509e-03  -4.4484449e-04   1.6970531e-04   1.0128139e-04
  -2.1789113e-03   2.7596288e-02   5.8064714e-03  -4.0963582e-04   9.6071307e-05   1.2392909e-04
  -1.8901698e-03   8.5059409e-03   9.8198331e-03  -2.6597169e-04   1.4804324e-04   3.5107549e-05
   3.9527881e-03   8.7997825e-03  -6.7742199e-03  -2.9875055e-04   1.3253396e-04   1.2614732e-04
  -4.0985997e-03   1.8660182e-02  -6.7883263e-03  -5.4337640e-04   3.3498070e-04   1.1516418e-04
   6.5830910e-03   2.4406574e-02   1.5765745e-03  -5.9377161e-04   7.8053882e-05   2.4303246e-04
   5.6265430e-03   2.5729488e-02   2.4076947e-03  -8.3660420e-04   1.4336149e-04   1.9838526e-04
   4.8896121e-03   1.7666739e-02   4.2148664e-03  -5.8137450e-04   1.2652554e-04   2.0820042e-04
   1.0023726e-02   7.8128353e-03  -1.7696780e-03  -5.7260946e-04  -5.6604363e-05   2.4686835e-04
   4.1771346e-03   1.3209103e-02  -2.6382251e-03  -6.4809163e-04  -2.7960587e-05   2.3661802e-04
   3.5520542e-03   9.0427044e-03  -6.3767961e-03  -3.6899188e-04  -4.2024775e-05   2.1104528e-04
  -4.5671825e-03   1.4561679e-02  -6.5118236e-03  -4.8911812e-04   2.5970898e-04  -7.3258151e-05
   3.3428805e-03   1.6730258e-02  -1.4614531e-02  -3.9088158e-04   7.5765412e-05   3.1162963e-06
   6.4547543e-03   1.5231518e-02  -1.7793786e-02  -5.2865150e-04   7.1654746e-05   1.4869649e-04
   5.3454476e-03   2.2020025e-02  -1.5531621e-02  -6.3616307e-04   3.8972535e-05   1.5271220e-04
   7.2790533e-04   2.0575553e-02  -9.1500466e-03  -7.9313833e-04   1.2541759e-04   7.0643568e-05
  -2.9766036e-03   2.0980729e-02  -1.0527919e-02  -6.6871492e-04   2.8419683e-04  -2.8560646e-05
  -5.0486868e-03   3.7850564e-06  -1.0239024e-03  -2.8753073e-04   1.9054787e-04   1.5888407e-05
  -1.5456036e-03   1.6663086e-02   3.5820649e-03  -4.4733024e-04   2.2332428e-06  -2.8565636e-05
  -1.9092472e-03   6.9536282e-03  -1.2905122e-02  -7.4161460e-05   4.9016108e-05  -7.4445765e-06
   1.9770823e-03   3.8790014e-03   3.1949270e-03  -1.3494808e-04   6.3631823e-06  -1.0580513e-06
  -5.8269115e-04   9.7486053e-03  -1.7618778e-03  -2.0429879e-05   6.7750518e-05  -3.2259731e-05
  -1.2689354e-02   1.2753626e-02   2.1366395e-02  -3.5917485e-04   5.7472887e-04  -3.0876036e-04
   5.0069590e-03   2.2138730e-03   8.2270151e-03  -7.8497357e-05  -2.1490166e-05  -5.0882081e-05
  -6.4010609e-03   1.8608251e-02   8.7271101e-03  -2.9148447e-04   1.5260040e-04  -6.7588911e-05
  -3.7440921e-03   1.5091276e-02   4.1015415e-03  -3.8601079e-04   2.4323574e-05  -4.9768638e-05
  -8.5350968e-03   9.0228752e-03   7.4097276e-03  -2.5681758e-04   7.1155224e-05  -9.0787018e-05
  -1.0862502e-02   1.3422392e-02   1.1126818e-02  -3.2072780e-04   1.6386561e-04  -1.6085703e-04
  -8.6016394e-03   6.7703637e-03   6.6595992e-03  -2.3472923e-04   2.4334981e-04  -9.7871994e-06
  -2.2230787e-02   1.7745681e-02   1.4281374e-02  -4.3753249e-04   6.9625246e-04  -2.4376555e-04
  -1.5455441e-02   1.9849743e-02   8.2764907e-03  -5.1908084e-04   4.5633858e-04  -3.0898209e-04
  -2.9253087e-03   1.6920542e-02  -2.9467571e-03  -5.1844348e-04   2.4305200e-04  -2.2836628e-04
   4.2316285e-04   3.2958088e-02   5.3288725e-03  -7.0660189e-04   2.5463275e-04   8.6202522e-05
   2.8628075e-03   1.0695184e-02   1.3714254e-02  -3.4164250e-04   2.3694046e-04   3.0298817e-04
   1.0675259e-02   3.5249502e-03   8.6771335e-03   1.4521054e-04  -1.4008570e-04   1.7583375e-04
  -2.0260058e-03  -1.5079001e-04   8.9571192e-03  -6.2005642e-07   3.6005303e-04   8.2114726e-05
  -1.5413530e-03   2.5812658e-02   4.3981353e-02  -5.5485680e-04   1.4965654e-04  -2.1383427e-05
  -2.3959390e-03   1.5773281e-02   6.3913624e-03  -2.8032523e-04   2.9041699e-04   3.1774104e-04
   1.3777603e-05   2.0879709e-02   4.8072389e-03  -2.5700057e-04   1.1173384e-04   1.8311868e-04
  -5.3162658e-03   4.2650494e-03   9.6781439e-04  -3.0688351e-04   2.3558277e-04  -5.3615466e-05
  -3.7184651e-03   1.2516434e-02   3.5480990e-03  -4.4612972e-04   1.3122327e-04   5.2391140e-05
  -5.4884529e-03   2.9412867e-02   8.0093908e-04  -8.1021494e-04   1.6075433e-04   1.8273707e-05
  -5.3454021e-03   1.2854959e-02   1.0230174e-02  -3.5627685e-04   2.3917137e-04  -1.5144982e-04
   1.6308735e-03   2.4853319e-02   5.3381242e-03  -5.6837858e-04   8.9891929e-05   2.5683131e-05
   2.4601341e-04   1.8538407e-02   6.0653973e-03  -5.3825177e-04   1.8623405e-04  -5.6985908e-05
   5.0007795e-03   1.6765758e-02   1.1133422e-02  -3.9318810e-04  -4.0507761e-06   4.6194150e-06
  -5.3835751e-03  -1.0084329e-02   1.5347461e-02  -8.2029864e-04   2.2590877e-04   4.8568176e-05
  -1.9903971e-03   1.9153879e-04   1.1383195e-02  -1.3853620e-04   3.7193360e-05  -1.5226311e-04
