   0.0000000e+00   0.0000000e+00   0.0000000e+00   0.0000000e+00   0.0000000e+00   0.0000000e+00
  -4.0256533e-03   1.6963746e-02   5.3541241e-03  -4.3186696e-06   4.7058674e-05  -1.1342109e-04
   1.2803184e-03   1.0017233e-02   1.3712212e-02   7.8538100e-05   4.5091074e-05  -1.8347503e-04
  -3.6535219e-03   7.9551933e-03  -1.4685963e-02   2.6555745e-05   9.1691100e-05   5.2401965e-05
  -2.3346208e-03   2.5882059e-02  -7.2420520e-04  -1.3778034e-04   3.3611996e-05   1.5360765e-05
   8.6618952e-04   1.3773174e-02   7.6674392e-03  -1.0203009e-05   2.9807203e-05  -4.8849512e-05
   3.8017631e-04   9.2797639e-03  -4.7811775e-03   4.9611671e-04  -5.5357182e-05  -1.0362603e-04
   3.6050398e-03   1.7588090e-02   9.9803167e-04  -5.7711580e-05   6.5093193e-05  -1.4306940e-04
   3.6579463e-03   6.0151269e-03  -1.1637762e-02   7.8932340e-05   7.7845156e-06  -1.9924314e-04
   1.3817073e-03   2.6681580e-02  -5.3391897e-04   5.6899443e-05  -3.4979205e-05  -1.6359906e-04
  -4.3570406e-04   2.8157635e-02  -2.1063925e-03  -1.8661635e-04   7.1818327e-05  -1.1133684e-04
  -6.1360387e-03   4.4140196e-02  -8.0369394e-03  -1.5562597e-04   8.9718163e-05   2.0273617e-04
   7.9294295e-04   1.2590765e-02  -8.9326042e-03   2.5906044e-04  -1.3436935e-04  -3.4327850e-04
   2.4551414e-03   2.8488550e-02  -3.9397274e-03   5.7314864e-05   3.1072600e-05  -3.8789503e-04
   1.3175503e-03   3.4688586e-02  -1.3410344e-02   2.6530450e-04  -1.2464910e-04  -2.7438670e-04
  -5.1685673e-03   4.5111075e-02  -1.7819527e-02  -1.2842232e-04   1.3303183e-05   2.7110479e-04
  -1.8659924e-03   3.8334857e-02  -1.3621257e-02   1.0303369e-04  -1.0889455e-04  -2.3141839e-04
  -4.0063797e-03   2.2994285e-02  -1.1395612e-02   1.4774503e-04   1.5506462e-05   2.5399540e-05
  -3.4215444e-06   1.9477182e-02  -9.7473766e-03   2.3430598e-04  -2.0784049e-04  -2.3258254e-04
   9.3535374e-03  -3.0494427e-03  -3.7449886e-03   4.1071421e-04  -3.5692632e-04  -8.8051456e-05
   1.3881436e-03   3.3024642e-02  -1.2730997e-02   1.1232306e-04  -7.7799263e-05  -1.8633444e-04
  -1.4123374e-04   2.9788077e-02  -4.2808001e-03   6.3494369e-05  -1.1556370e-04  -5.9329517e-05
  -1.0345013e-02   3.4128695e-02  -1.8230746e-02   4.3471606e-04   6.7115533e-05   7.8574535e-05
   5.0297577e-03   1.3680250e-02  -2.7786922e-03   3.9475873e-05  -3.8711011e-04   1.0708740e-04
   2.4928963e-03   5.6526634e-02   1.9037646e-03   3.4881273e-04  -2.6688292e-04   4.2587929e-04
  -1.1158849e-02   3.4523974e-02  -2.3402514e-02   5.6252684e-04   1.6616887e-04   3.8853252e-04
   4.6561308e-03   2.0853137e-02  -1.1478830e-02   7.3941879e-04  -1.2282927e-04   1.4680100e-04
  -2.3954517e-04   2.1505151e-02  -2.0462454e-02   3.6284855e-04  -9.2070816e-05   1.9149232e-04
  -5.5007838e-03   3.0740879e-02  -1.6929185e-03   3.1640300e-04   1.5547970e-04   3.3027902e-04
  -6.6751662e-03   3.2549132e-02  -4.6156549e-03   1.0838459e-04   5.2541352e-05   1.9950816e-04
  -9.3139333e-03   3.1168756e-02   5.7518737e-03   6.5633650e-05   2.6335682e-05   3.4631668e-04
  -6.6618331e-03   2.8028982e-02   1.9630340e-03   1.1645437e-04  -1.0294441e-05   2.3440698e-04
  -5.8152837e-03   2.3903483e-02  -1.2517354e-03   5.5651337e-05  -6.8574427e-05   1.0502607e-04
   1.6387189e-03   2.1254707e-02  -8.5841599e-03   1.4350384e-04  -2.3708269e-04   1.5388748e-04
  -5.0991894e-03   2.3920034e-02  -2.5220000e-02   1.9681231e-03  -9.0002237e-05  -7.2453281e-05
  -1.4231364e-04   5.5030668e-03  -1.4716936e-02   7.3944003e-04  -1.4433975e-04  -8.4599638e-05
  -4.4701515e-03  -2.0760522e-02  -6.4927981e-03   9.6177319e-04  -2.4861194e-04  -4.4853393e-04
  -1.0682687e-03  -2.2385276e-02  -1.2543845e-02   5.5017872e-04  -3.0807941e-04  -3.8741907e-04
   1.0493515e-03   2.0703749e-02  -7.3950800e-03   2.2396774e-04  -2.7747574e-04  -2.5500599e-04
   7.1912285e-03   2.2409946e-02   6.3258414e-03   2.3663545e-04  -2.0891338e-04  -1.7668021e-04
  -3.5234969e-03   3.3586608e-02   1.0361790e-02  -5.3200791e-05  -1.0668509e-04   2.6784007e-04
   5.8427075e-03  -2.2003746e-02   1.1065654e-02   2.4065347e-04  -4.8694117e-04  -4.5027657e-04
   8.7207335e-04   1.0211778e-02   1.1401917e-02   1.8836052e-04  -1.5365571e-04  -4.7045568e-04
   6.4173481e-03   8.8121093e-03   1.5244765e-02   2.0301406e-04  -2.7833952e-04  -6.1928542e-04
   7.4476725e-03  -5.2032221e-03   1.1144371e-02   5.3893719e-04  -1.9500381e-04  -4.0250853e-04
   1.0335861e-02  -5.5258548e-04   6.1905389e-04   6.7767077e-04  -4.9787671e-04  -4.4839401e-04
   1.1725512e-02   2.8434313e-03   9.6178959e-03   4.4355003e-04  -2.8303414e-04  -5.0052089e-04
   5.7064749e-03   3.9676540e-02   1.9236949e-02  -1.6377558e-04  -2.2812593e-04   1.0365491e-04
  -6.7606604e-03   3.0786955e-02  -8.3177161e-03   9.4047715e-06  -1.9950726e-04   2.0642537e-04
   1.0741264e-02   3.6587008e-02  -7.1803029e-03   4.0241833e-04   8.9927784e-04  -7.9401663e-04
   1.6635732e-02  -1.0243882e-02  -1.0020577e-02   1.0349167e-03   3.2093514e-04  -8.0543217e-04
  -1.3745386e-02  -2.0891133e-02  -6.5049252e-02  -1.0924793e-03   5.9354067e-04  -1.4525410e-04
  -4.6799600e-03  -3.0560266e-02   1.5468147e-03   5.8161114e-05   4.5639415e-04  -2.8671677e-04
   7.0582765e-03  -4.8532771e-02  -2.0688847e-03   1.6256377e-05  -3.5468031e-06  -7.0459097e-04
   1.3502181e-02  -2.0706894e-02   1.7986907e-02   2.0990288e-05  -2.1791508e-05  -4.7250105e-04
   1.3408583e-02  -1.9654171e-02   2.8966543e-02   3.8904937e-04   7.4583934e-05  -4.8065060e-04
   2.0258721e-02  -8.6934200e-03   4.2119064e-02   7.8574054e-04   6.2604641e-05  -5.8911466e-04
   1.5891983e-02  -2.9954118e-02   1.6793009e-02   1.3988726e-03  -1.7694251e-04  -6.4191630e-04
   1.9188121e-02  -3.3051643e-03   1.5989081e-02   1.3372664e-04   1.0031874e-04  -7.2591269e-04
   2.0871787e-02  -3.4470140e-02   1.2658598e-02   5.4696370e-04  -1.5337162e-04  -1.0459801e-03
   2.1421397e-02  -8.0162230e-03  -3.3428814e-03   2.1941552e-04  -2.5117897e-04  -4.6107459e-04
   1.6981032e-02  -4.9054911e-04   1.5283936e-02   3.5362297e-04  -1.4844779e-04  -4.8209209e-04
   1.8188412e-02  -4.4867004e-03   1.3587119e-02   3.1036267e-04  -2.7988529e-04  -6.6538661e-04
   1.1427637e-02  -9.9480408e-03   3.3681501e-03   1.4408295e-04  -2.7872798e-04  -6.2195457e-04
   9.5147469e-03  -4.5557036e-02   1.4397025e-02   2.2925651e-05  -4.5479002e-05  -8.7816304e-04
   1.9546456e-02   4.1347643e-03   2.6627635e-03   4.3927521e-04  -2.8923268e-04  -6.3928876e-04
   1.5684058e-02  -4.8886045e-03   6.7503211e-03   2.3960080e-04  -9.7772279e-05  -5.3671688e-04
   1.0041848e-02  -8.3917797e-03   8.6792629e-03   1.6245777e-05   3.0739903e-04  -7.3352538e-04
   1.5517786e-02  -1.9201354e-02   2.0574031e-02   7.4881245e-05  -1.6382044e-04  -9.3122959e-04
   1.4494689e-02   5.8076218e-03   4.1292523e-03   2.5374055e-04   3.5702770e-05  -5.9740590e-04
   1.2229177e-02  -1.5664028e-02  -1.6885280e-03   4.1906126e-04  -2.1446874e-04  -8.8458229e-04
   1.1793828e-02  -1.0312820e-02  -9.4113389e-03   1.4101309e-04  -1.4179785e-04  -9.4363915e-04
   9.7739027e-03   1.8435462e-03  -1.3116852e-02   1.0371111e-03  -2.2317262e-04  -7.1421812e-04
   1.1137870e-02   2.0901768e-02  -2.4726223e-02   3.7780928e-05  -2.8918660e-05  -4.6241745e-04
   1.3860523e-02  -2.0751568e-02  -7.3249731e-03   3.2214524e-04  -2.4540503e-05  -9.6030859e-04
   1.5859912e-02  -6.7751597e-03  -3.6176629e-04   1.6050297e-05   3.8695762e-05  -6.9811798e-04
   8.5283816e-03   7.3744404e-03  -4.0540343e-03   5.0296482e-05   4.7256366e-04  -9.1397232e-04
   1.1009818e-02   3.3947716e-03   8.4370183e-03   6.7781766e-04   3.7279078e-04  -7.1655318e-04
   6.8812008e-03   4.3783875e-03  -1.3986988e-02   3.2387850e-04   4.0801327e-04  -3.6917160e-04
   9.3315339e-03   6.7671316e-03  -9.9259446e-03   1.2846515e-04   2.2480949e-04  -5.7095455e-04
   1.2152876e-02   9.3500835e-04  -2.5806869e-03  -6.1554191e-06   2.3452501e-04  -6.6536237e-04
   1.4682046e-02  -1.0754961e-02   5.7331443e-03   3.3675902e-04   3.9168676e-04  -7.8627830e-04
   8.9636896e-03   8.9136723e-03  -3.2375167e-03   5.9447028e-05   3.0611846e-04  -4.9528904e-04
  -5.2086618e-03   3.8683258e-02  -1.9990788e-02  -5.9580132e-04   5.7326337e-04  -7.9090270e-05
  -1.5308489e-04   2.7103813e-02  -2.0005152e-03  -1.4425849e-05   4.5511753e-04  -2.1462820e-04
   1.0669879e-02  -4.3285584e-03  -1.4741097e-02   5.8142340e-05   7.1095760e-04  -7.4852589e-04
   4.9374472e-03   2.6877181e-02  -1.3407067e-02   1.0484801e-03   4.5668781e-04  -5.9776095e-04
  -2.8996905e-03   2.7675332e-02  -1.8749858e-02   1.3746390e-04   6.4270600e-04  -5.8094230e-05
  -6.0127093e-03   8.7183297e-03  -1.3593128e-02  -1.8884596e-06   9.5178494e-04  -1.6625474e-04
  -3.4388102e-03   2.7440238e-02  -2.0592117e-02   2.8700672e-04   3.2221096e-04  -3.9879180e-05
   1.4454943e-02   5.4185057e-03  -1.4650161e-02   4.9568375e-04  -1.2420661e-04   6.8302690e-05
  -2.1762447e-03   3.6032241e-02  -1.4817068e-02   1.9884002e-04  -4.6234410e-05   2.4767396e-04
  -1.9618432e-04   4.4181416e-02   8.3441941e-03  -2.9625373e-05   4.2772985e-04   9.2245227e-05
  -5.7653241e-04   5.7166347e-03  -1.2415039e-02   1.1973702e-03   2.4652804e-05  -1.5999967e-04
  -3.8405539e-03   1.3919507e-02  -6.5003311e-03   1.7499162e-04   1.4583015e-04   1.6343447e-04
   1.7261456e-03   1.8161718e-02  -1.6646122e-02   3.2785782e-04   1.7595932e-04  -3.0174736e-05
  -3.4553851e-03   3.3683598e-02  -1.9472009e-02  -2.7490380e-05   1.6069638e-04   1.5855748e-04
   1.4789038e-04   1.9104772e-02  -1.8076741e-02   1.8960238e-04   2.4307957e-04   2.1594788e-05
   1.9005096e-03   3.0543402e-02  -2.5422855e-02  -2.3090819e-04   3.6183878e-05   1.6738080e-04
  -3.4829829e-03  -1.4755694e-03  -2.2742145e-02   1.2755417e-05   2.5207072e-04  -3.5925493e-04
  -1.0785078e-02   9.8399023e-03  -2.3695158e-02  -3.0785374e-04   1.3218810e-04  -2.1817907e-04
  -2.7649002e-03  -1.0061759e-02  -1.4183517e-02  -3.6313240e-04   1.3287640e-04  -4.1363876e-04
  -6.2764534e-03  -2.4946492e-03  -1.9483226e-02  -9.8938854e-04   9.9529078e-05  -2.0654087e-04
   2.3211667e-02  -8.8873950e-03  -3.6084073e-03  -9.8842025e-04  -3.6746657e-04  -9.1652341e-04
   1.3855374e-02  -1.8456230e-02  -2.3442897e-02  -4.2693375e-04   1.0085944e-04  -7.8295846e-04
   1.7307956e-02  -2.2531140e-02  -1.2918372e-02   5.1411520e-04  -2.9602350e-05  -8.2895041e-04
   1.6836359e-02   3.2103380e-03   5.0485674e-03   2.9116326e-04   1.0761280e-04  -6.2446689e-04
   1.3440812e-02   1.1453710e-02  -4.9892555e-03   5.1659252e-04   1.2711783e-04  -7.1181257e-04
   3.6033379e-03   9.0669486e-03  -2.6268347e-02   1.7822451e-04   1.3706304e-04  -1.5929105e-04
   3.9155546e-03   3.1868681e-02  -1.9068799e-02  -1.4149255e-04   2.0948130e-04  -2.9578675e-04
   9.1262490e-03   3.7067138e-02   6.3422678e-03  -4.9994403e-04   1.9333513e-04   8.5293069e-06
   7.3143866e-03   3.2247182e-02  -4.2467641e-03  -1.1250344e-04   2.6213934e-04  -2.7004461e-04
   4.8288780e-03   2.8833741e-02  -1.1186573e-02  -3.4651247e-04   3.4392569e-04   3.4259548e-06
   5.3672882e-03   1.8784415e-02  -3.7943321e-03  -2.3333248e-04   5.1586084e-04   3.1473780e-05
   1.6612188e-03   2.7773704e-02  -8.4855150e-03  -5.3504049e-04  -4.6437642e-05   2.6324137e-04
   2.7958460e-03  -2.7111045e-03  -1.0300881e-02   4.1822831e-04   3.4617203e-04  -1.0797789e-04
  -6.6658697e-03   2.4003939e-02  -2.5863308e-03   8.3321519e-05   1.0882299e-04   4.4379789e-04
  -3.7910999e-03   1.6525241e-02   2.2439034e-03   7.4101114e-04   1.9082424e-04   1.1042676e-04
   1.0930506e-03   1.6694337e-02  -1.3775778e-02   2.7827623e-04   1.7783960e-04   3.2391371e-04
   2.4010950e-03   2.0747259e-02   2.5673876e-03   2.4949108e-04   2.2624930e-04   4.1648150e-04
   1.2566492e-03   7.8705039e-03  -8.4879411e-05   5.0414927e-04   1.9271864e-04   3.5306788e-04
  -2.2906899e-03   1.7851312e-02  -2.0780129e-03   1.0482532e-04   2.3769081e-04   4.3128240e-04
   9.0057905e-04  -9.4391532e-03   4.4866054e-03   7.2916104e-04   1.0899604e-05  -1.6935030e-04
   6.1147364e-03   3.7855728e-02   1.4778827e-02   1.9126617e-04  -1.7530899e-04   8.0775449e-04
   1.3995756e-04  -9.8986361e-03  -9.3614856e-03   2.5164771e-04  -3.6417457e-04   1.0052874e-04
  -4.3889242e-04  -1.1797861e-02  -1.7392387e-03   2.5132946e-05   7.9290174e-05  -9.2963808e-06
   9.2646379e-03  -7.9933331e-03  -5.9506799e-04  -1.6241141e-05   3.3192149e-04  -2.7929656e-04
   1.6096835e-03   1.4807480e-02  -2.7154646e-02   4.8851560e-04  -2.5929252e-04  -6.7575599e-05
  -4.8845208e-03   1.6890864e-02  -3.5304024e-02   1.9678468e-04  -3.7769166e-04   3.1287988e-05
  -1.3880367e-03   7.8928552e-03  -3.1658480e-02   3.1262590e-04  -9.4639317e-05  -1.0283683e-04
   4.2592146e-03   1.8809470e-02  -1.8359297e-02  -5.2404738e-04   2.8253661e-05   2.1846682e-05
   8.4807831e-03   1.0350847e-02  -2.5840632e-02   7.2122242e-04  -3.8365326e-04  -2.7284314e-04
  -5.0466373e-04   1.0432054e-02  -2.7112250e-02  -7.0344998e-04   2.1541823e-06  -1.6445490e-05
   6.3543492e-03   1.6929284e-02  -1.6475335e-02  -8.7216727e-05  -3.1982007e-04  -4.9373888e-04
   8.5130680e-03   3.4970652e-02  -4.5334998e-03  -5.4359430e-04   9.7181564e-06   2.2395035e-04
   2.1185496e-03   1.8170810e-02  -2.2034926e-02   1.4631128e-04  -1.8782700e-04  -1.5166397e-04
   8.7690355e-03   4.4609310e-03  -1.5654639e-02   1.6526228e-04  -1.4919150e-04  -3.1161841e-04
   7.9992741e-03   1.5651513e-03  -7.8096953e-03  -7.6068822e-05  -3.4694945e-05  -2.5875065e-04
   1.3233723e-02   1.1686888e-02  -3.9863800e-03   2.0964652e-04  -5.8267628e-05  -2.1790405e-04
   3.6818199e-03   2.0961090e-03  -2.3078727e-02   8.8308752e-04  -2.3536567e-04  -1.1165985e-04
  -4.7956595e-03   2.6296620e-02  -9.8139631e-03   2.7572394e-04  -1.3586050e-04   2.4465207e-04
   3.2201983e-03   2.0534976e-02   3.3008639e-03   1.2217940e-04  -6.2053149e-06  -7.8558996e-05
   5.8315988e-03   2.0753363e-02  -1.5784385e-02   8.3313552e-05  -2.2302277e-04   2.1109154e-04
   7.8984654e-03   1.1845421e-02  -1.0207376e-02   2.8255817e-04  -3.9627534e-04  -6.3586618e-05
   4.9148981e-03  -1.2006066e-02  -3.3790898e-03   4.0497787e-04  -1.3468669e-04  -4.2100173e-04
   4.4268716e-03   1.9492494e-02  -1.8767052e-02   3.1573631e-04  -3.4993953e-04  -6.0034160e-05
   3.7679690e-04   2.2914687e-02  -8.0385344e-04   1.6562907e-04  -1.8159675e-04  -3.0973126e-05
  -1.0069892e-03   1.3955910e-02  -1.6118667e-02   2.2255147e-04  -1.7839024e-04   4.5428630e-05
  -1.8932078e-03   2.7806938e-02  -6.9254829e-03   3.7981683e-04  -7.7336896e-05  -5.8474885e-05
  -7.1134727e-03   2.8921229e-02  -3.3741448e-02  -2.4182406e-04  -5.6435412e-05   2.4269073e-04
   6.2391710e-03   2.7734954e-02  -1.7256900e-02   4.5106896e-05  -2.8489911e-04  -2.4049712e-04
   6.6788003e-05   4.4988757e-02  -2.3099572e-02  -8.4129542e-05  -2.0523974e-04   4.4979850e-04
  -4.9246369e-03   1.5891865e-02  -1.3924575e-02  -2.7969966e-04  -4.1068811e-05  -2.0707350e-05
  -9.5278235e-03   1.4566853e-02  -2.1251462e-02  -6.1129189e-04   2.4539874e-04   2.3890634e-04
  -1.6877005e-03   4.5863810e-03  -2.5887092e-02   2.3013915e-04  -1.2378163e-04  -2.6314428e-04
  -3.0199703e-03   7.5436292e-03  -1.4582839e-02  -4.7156591e-04  -1.1517156e-04  -1.4266938e-05
  -2.2508110e-03   6.1141446e-03  -2.7316635e-02   3.7174682e-04  -1.5430924e-04  -1.6114877e-04
   8.9619671e-03   2.5909823e-03  -1.2972489e-02   4.9215608e-04  -3.8322458e-04  -6.3837597e-04
   5.0019363e-03   8.2802048e-03  -1.5383219e-02  -2.1449474e-04  -3.1841076e-04  -7.5565574e-04
   2.9295614e-03   4.7505520e-03  -3.3143231e-02   1.2394581e-04  -2.5104932e-04  -6.6854970e-04
   7.5350731e-03   9.5215489e-03  -2.5667926e-02   1.7000454e-04  -2.7421391e-04  -6.9569206e-04
   1.5650033e-02   5.0898050e-03  -3.0238274e-02   6.2789490e-04  -3.8599954e-04  -8.7252643e-04
   1.5736783e-02   8.7110155e-03  -2.8581848e-02   7.7941991e-05  -1.3134957e-04  -7.9013226e-04
   1.3115981e-02   2.1057690e-02  -2.6899789e-02   2.5508408e-04  -2.4931873e-04  -9.3985511e-04
   1.4242499e-02   3.4639548e-02  -2.9544543e-02  -6.5581972e-05  -3.3616809e-04  -3.0309688e-04
   1.0937591e-02   5.6672896e-02  -1.4593489e-02   6.1465300e-04  -4.3347934e-04  -1.9367682e-04
  -1.0396383e-03   2.0537270e-02  -2.4415693e-02   2.5759822e-04  -2.9218437e-04  -8.1246100e-07
   3.1779420e-03   6.4452336e-03  -1.4201179e-02  -1.9677977e-04  -1.1070234e-04  -4.5074952e-04
   9.2120644e-03  -1.1660212e-03   8.1203658e-03   5.1452397e-04  -2.9916778e-04  -4.1084267e-04
   5.3241039e-03  -5.3267723e-03   1.0274115e-02   5.6639642e-04  -1.0379457e-04  -3.1718356e-04
   1.4065825e-02  -1.4745310e-03   1.5669902e-02   2.8490244e-04  -4.1244310e-04  -3.1820574e-04
   1.3624486e-02  -8.4557432e-03   1.4372838e-02   3.1662041e-04  -3.5144863e-04  -3.0336962e-04
   8.6449962e-03   1.3091515e-02   2.2725280e-03   8.9998672e-05  -4.0999159e-04  -5.9500263e-05
   1.6368683e-02   4.7895201e-03   1.7326858e-02   2.9311819e-04  -4.0299099e-04  -3.4043708e-04
   1.0513965e-02   8.6489128e-03   3.2525108e-03   4.2106431e-04  -3.1191740e-04  -2.3641320e-04
   1.3526714e-02   1.0970992e-02   1.0410868e-02   4.4963080e-04  -4.1010560e-04  -3.4981310e-04
   7.3563326e-03   1.6698814e-02   2.9660277e-03   1.5500170e-04  -3.1828929e-04  -9.1301365e-05
   1.1789556e-02   9.4370367e-03   5.1562786e-03   3.3769242e-04  -4.7250459e-04  -3.0033702e-04
   9.5321232e-03   8.5920488e-03   1.6033206e-03   2.9803411e-04  -4.2695504e-04  -4.1203663e-04
   6.3573611e-03   2.4582049e-02  -4.1358296e-03   5.7513047e-05  -4.6059689e-04  -1.9526040e-04
   5.5139927e-03   1.1835653e-02  -1.0775965e-02   2.9390162e-04  -4.3681525e-04  -2.7986735e-04
   1.0359067e-02   1.3772495e-02  -2.6646005e-03   5.1616224e-04  -6.2180259e-04  -5.6100158e-04
   1.0465384e-02   3.0395105e-02  -2.7991968e-03   1.1886819e-04  -3.9367127e-04  -3.6415658e-04
   9.6703939e-03   1.6539192e-02  -1.2956300e-02   5.1489825e-04  -4.2331465e-04  -3.7549266e-04
   9.8667278e-03   2.5374416e-02   7.9813023e-03   3.6917339e-05  -3.5184103e-04  -1.8281364e-04
   7.9207706e-03   1.1111013e-02  -4.6549830e-03   4.2923263e-04  -1.1618656e-04  -5.2905379e-04
   9.2870885e-03   2.9318078e-03   5.1504118e-03  -1.2662217e-04  -3.8223859e-04  -3.7973491e-04
   8.5007193e-03   3.7797485e-02  -7.2697213e-03   5.8984206e-04  -1.7109346e-04   3.8634570e-05
   1.1596849e-03   3.0737100e-02  -1.6041110e-02  -8.2696340e-05   8.5194061e-06   1.9073741e-04
  -2.4790727e-03   4.6910068e-02  -6.2592622e-03  -1.6208263e-04   1.9029677e-05   4.2719307e-04
   6.6003662e-04   3.3215488e-02  -8.7819561e-03   7.6214596e-05   4.0867276e-05   3.9145223e-04
  -2.8636432e-03   4.3604613e-02  -9.5212384e-03  -2.4824081e-04  -5.2968551e-05   3.2983244e-04
  -5.8551331e-03   4.8017907e-03  -2.6322232e-02   1.3036413e-03  -4.4943555e-04   4.0990345e-04
  -4.8355011e-03   2.3991967e-03  -2.3946346e-02  -4.8901623e-04   9.6573708e-05  -1.2952456e-04
   1.4855300e-02  -3.3388230e-02   1.3965422e-02  -2.0859350e-04   9.1054233e-05  -8.6167888e-04
   1.5508990e-02  -1.2775475e-02  -1.1227724e-02   3.3738956e-04   5.5642907e-05  -7.5834387e-04
   6.1284010e-03   7.9953777e-03  -6.5716081e-03  -4.6038439e-04   2.4233507e-04   1.5896775e-04
   1.1544158e-02   2.1492093e-02  -1.1101216e-02  -7.6291508e-05   1.1833302e-04  -5.0788396e-04
   9.1727424e-03  -1.4446548e-02  -9.7692599e-05  -2.6446337e-05   3.5320668e-04  -3.6620535e-04
   5.2245603e-03   8.3921292e-03  -4.9848260e-03   4.7675973e-04   3.0470319e-04  -3.0146954e-04
