   0.0000000e+00   0.0000000e+00   0.0000000e+00   0.0000000e+00   0.0000000e+00  -6.9388939e-18
   4.7767933e-03   6.5910302e-03  -3.3591382e-05   5.2148318e-04   2.7267621e-05   1.6314113e-04
   2.1367956e-03  -1.1122530e-02   2.3775733e-04   2.4066724e-04   6.1239126e-05   7.2625478e-05
   4.1089267e-03  -4.7414820e-03   5.0399144e-03   5.1507542e-04  -8.9248947e-06   1.2730774e-04
  -1.1373871e-03  -2.5623880e-03  -2.2357973e-03   5.0214390e-05  -1.5450141e-06   2.3548277e-04
  -1.9392508e-03  -3.1650218e-04   1.2006942e-02   5.5634137e-04   1.0684634e-05   1.6061424e-04
  -2.0185448e-03   3.0097388e-03  -1.4325650e-02   4.1285744e-04  -5.2776039e-05   1.3476366e-04
  -1.6375414e-03  -6.4414056e-04   8.2866841e-03   2.6019865e-04  -9.0900014e-05   1.4596671e-04
  -2.2261334e-03   1.2375396e-02  -2.1853244e-03   1.7423226e-04  -6.9102208e-05   2.6533188e-04
  -3.2195594e-03  -1.7603489e-03   3.1758247e-04   4.2081573e-04  -1.4682694e-04   1.5055553e-04
  -2.1404215e-03   6.2135773e-03   1.1080616e-02   3.3453118e-04  -2.6279130e-04   2.5950087e-04
   6.1617203e-04   6.2964337e-03   1.6752052e-03   3.6491330e-04  -1.5144771e-04   2.4698635e-04
   3.6152837e-03   1.3619680e-02   7.9551121e-04   5.0587312e-05  -1.3446711e-04   4.3567400e-04
   8.1266892e-04   2.8633862e-03  -1.4585044e-03   5.0230689e-04  -5.9221246e-05   3.5722659e-04
   1.3338263e-03   1.1461828e-02   7.2014699e-05   1.2694712e-04  -9.0272976e-05   4.0277024e-04
  -2.5169927e-03  -5.8448359e-03  -5.3662961e-03   5.9992372e-04   6.7816222e-06   3.3417651e-04
  -2.0039966e-03   1.1212440e-02   7.1654157e-03   1.5631070e-04   3.5376321e-05   2.3195165e-04
   7.4395308e-04   1.2458796e-02  -3.3583573e-03   4.0710273e-04  -1.0270928e-04   2.5484927e-04
   1.5239123e-04  -1.9316346e-03   3.2092540e-03   4.4264580e-04  -3.4442773e-05   1.8347273e-04
   1.6645260e-03   1.4076263e-02  -8.0561073e-03   2.6230784e-04  -1.3749937e-04   2.8775910e-04
  -1.1323968e-03   6.6050062e-03  -1.3369945e-03   2.3727667e-04  -1.3194048e-04   2.5119363e-04
  -3.6970381e-03   4.0262403e-03  -5.0275716e-03   4.4026568e-04  -4.0793153e-05   1.2395765e-04
  -4.1534557e-03  -2.0627344e-03   2.9129680e-03   1.4828284e-04  -4.5628555e-05   8.4960107e-05
  -4.7133861e-03   1.2498653e-02  -9.1260920e-03   5.8400149e-04  -7.4748769e-05   1.9143898e-04
   2.4961777e-04   1.3219439e-02   9.9986825e-03   2.5303934e-04  -1.8022163e-04   1.4454055e-04
  -6.5982198e-03   5.9341516e-03   3.7470472e-03   2.0328820e-04  -5.9924208e-05   1.3839857e-04
  -4.7527591e-03   1.1010104e-02  -6.7177495e-03   2.9632251e-04  -9.6857867e-05   1.8455811e-04
   4.1207063e-03   1.5692193e-02  -2.1978783e-03   2.7410557e-04  -2.5483618e-04   1.9016248e-04
  -2.3304642e-03   3.2244753e-03  -1.0926723e-02   3.5202470e-04  -1.0134818e-04   1.6447782e-04
  -4.6935776e-03   7.6336078e-03   9.0352786e-04   1.4720449e-04  -1.4644454e-04   1.9833978e-04
  -5.3143240e-03   3.6210579e-03  -1.1599405e-02   4.1697314e-04  -8.5379821e-05   2.2146569e-04
  -5.6107744e-03   7.4356800e-03   4.1113286e-03   4.0009412e-05  -3.7524114e-05   1.8352468e-04
  -4.3703558e-03   1.1228971e-02  -2.8805858e-03   2.7742174e-04  -2.4382480e-04   2.9930669e-04
  -8.9692978e-03   9.2810431e-04   1.4879077e-02   3.5768795e-04  -9.7477070e-05   1.9200407e-04
  -5.6901500e-03   1.2559891e-02   8.2020814e-04   6.3915123e-05  -1.5196842e-04   2.4049901e-04
  -6.3694946e-03   5.7653744e-03   1.7385441e-02   2.4484002e-04  -1.9878904e-05   9.7239377e-05
  -7.1716337e-03   9.3704061e-03  -6.8401485e-03   1.2694466e-04  -1.3435865e-04   1.2934863e-04
  -2.5327891e-03   5.0430364e-03   1.1861094e-02   1.8993786e-04  -2.3630661e-04   8.4948729e-05
  -5.9683617e-03   1.1401682e-02  -6.4604149e-03  -4.0115010e-05  -2.0183569e-04   2.3458155e-04
  -6.2384098e-03   4.9129200e-03   1.1520412e-03   4.3110524e-04  -2.4805911e-04   1.1939284e-04
  -8.1395580e-03  -6.2725170e-03   5.0640490e-03   2.0809637e-04  -4.7922785e-05   1.9135143e-04
  -7.9051916e-03   1.8865993e-03   2.3748644e-03   5.2085241e-04  -5.9050980e-05   2.7000602e-04
  -6.4764138e-03   8.2545017e-05   2.0034028e-03   1.4275677e-04  -7.9998261e-05   2.8182515e-04
  -2.6993918e-03   8.5002834e-03   7.9494654e-03   5.2671741e-04  -2.1034172e-04   1.7014495e-04
  -8.5556814e-03  -3.1904442e-03   1.5818982e-02   2.5786827e-04  -6.2538257e-05   1.8215014e-04
  -6.2008243e-03   1.5411465e-02  -4.0078245e-04   2.5587623e-04  -1.6743682e-04   1.6617174e-04
   1.0509127e-03   2.3162568e-02   1.6831828e-02   2.0472302e-04  -2.3064112e-04   2.2045133e-04
  -3.7493283e-03   1.6495973e-02  -2.4378815e-03   2.8312068e-04  -1.7686863e-04   2.3736578e-04
  -2.1583795e-03   1.0892191e-02   2.2205052e-02   6.3393074e-04  -1.1057723e-04  -1.0853141e-05
  -4.1510463e-03   1.3881661e-02   7.9534398e-03   3.5027440e-04  -9.4547148e-05   1.2156814e-04
  -3.7973661e-03   4.7392678e-03   6.1546923e-03   4.2287252e-04  -2.2021424e-04   2.1213744e-04
  -6.2098895e-03   2.4046660e-04   1.3924276e-02   3.8993881e-04  -1.2210415e-04   2.1620688e-04
  -4.4992479e-03   3.5490013e-03   3.2646768e-03   1.5267105e-04  -1.2217109e-04   2.0195385e-04
  -1.9228411e-03   1.7697352e-02  -7.2892317e-03   2.3509053e-04  -1.5383377e-04   3.2604365e-04
  -2.2411892e-03   7.8111431e-03   3.6589147e-03   2.1570254e-04  -1.0068870e-07   2.1948575e-04
  -2.9946580e-03   3.0918072e-03   1.1506039e-02   5.2989276e-04  -3.8733213e-05   1.1917756e-04
  -6.3187638e-03   1.0541399e-02   3.4128675e-03   3.0267702e-04  -9.7023012e-05   1.6620250e-04
  -2.3389993e-03  -6.4264046e-03   6.9320177e-03   4.7654769e-04  -1.5303303e-04   2.1674485e-04
  -3.8146842e-03   1.4681209e-02   1.4108208e-02   2.1445615e-04  -5.1773059e-05   1.7481380e-04
  -3.0048318e-03   2.3545092e-02   6.2211672e-04   7.8868188e-05  -1.1505292e-04   2.5501045e-04
  -3.0786418e-03   1.0019347e-02   4.9861505e-03   3.8352645e-04  -1.5078654e-04   2.5383970e-04
  -4.5186177e-03   2.9832865e-03   4.2234559e-03   2.9723501e-04  -4.1141401e-05   2.2345174e-04
  -5.9219755e-03   6.6882129e-03   8.0828573e-03   1.1364827e-04  -2.3917365e-05   1.8902042e-04
  -5.1727455e-03   1.4829500e-02  -1.1785246e-02   6.0336650e-05  -2.0471793e-04   2.5197854e-04
  -6.1921445e-03   1.6213447e-03   1.1030981e-03   3.0254615e-04  -8.5509678e-05   8.4146787e-05
  -4.6396428e-04  -5.2136706e-03  -6.4971356e-03   4.5250577e-04  -5.7065867e-05   6.0726000e-05
   2.1474105e-03   1.3191894e-02  -2.3826734e-03   1.9972173e-04  -1.1664167e-04   1.2786748e-04
  -1.5259310e-03  -5.7043390e-04  -5.4928964e-03   6.9242133e-04  -9.6167943e-05   1.6053365e-04
  -6.4356621e-03   6.6188511e-03   6.4406143e-03   3.5677382e-04  -3.0908822e-05   1.3602030e-04
  -5.8234025e-03   5.5035054e-03   7.0312576e-03   2.1100339e-04  -6.5194365e-05   1.9081004e-04
  -4.4765578e-03   7.9821071e-03   3.1695182e-03   2.0642488e-04  -7.4239104e-05   1.4593734e-04
  -2.6469582e-04   5.6458739e-03   1.2391285e-02   4.8038456e-04  -1.5233980e-04   6.3978667e-05
  -1.6632883e-03   1.1689811e-02   5.9485178e-03   1.0275738e-04  -1.2765320e-04   2.8548245e-04
  -1.8517277e-03   1.6500995e-02  -9.4585132e-04   4.7158657e-04  -6.1102561e-05   1.9468219e-04
   7.0297758e-04   1.4070179e-02   4.3243732e-03   5.1813607e-04  -1.5064691e-04   2.1010828e-04
  -1.1557172e-03   1.9556430e-02   1.8335473e-03   5.8242859e-05  -1.2103226e-04   2.8543297e-04
  -7.2313097e-04   1.1730275e-02   8.7545761e-03   2.0703522e-04  -2.5474443e-05   1.7449150e-04
   2.3726045e-03   1.1187273e-03  -1.0786655e-02   2.1308828e-04  -1.0429879e-04   1.8938863e-04
   4.5331167e-03  -3.4544918e-03  -1.2402656e-02   6.4255791e-04   1.3431263e-06   2.0470697e-04
   5.2112222e-03   4.1513594e-03  -2.4006685e-03   3.4495572e-04  -7.9243155e-06   2.0844227e-04
  -6.9354809e-04   1.1553066e-02  -1.3042261e-02   2.6130252e-04  -8.5783335e-05   2.4065752e-04
  -3.3032666e-03   6.4989711e-03   1.1316737e-02   2.4931761e-04   3.5570294e-07   1.7281775e-04
  -1.6266206e-03   1.9762077e-03  -3.6559259e-03   2.1415502e-04  -1.2722097e-04   2.2529340e-04
  -5.6725184e-03   3.5666368e-03   5.5366342e-03   4.4140565e-04   2.1356067e-05   2.5693391e-04
  -1.6537241e-03  -1.2412941e-02   1.9697850e-02   4.7894525e-04  -6.0849630e-05   1.5387866e-04
  -2.9813165e-03   1.7892857e-02   6.2519740e-04   3.1641708e-04  -1.5522731e-04   3.7702741e-04
  -5.7081845e-03   7.5998496e-04   5.1367656e-03   2.9486739e-04  -5.6680910e-05   3.0673730e-04
  -1.0645312e-03   2.0058846e-02   1.6603970e-02   2.3788975e-04  -4.2766673e-05   2.0176701e-04
  -2.4460986e-04   1.2981326e-02   3.3110625e-03   2.5698614e-04   2.6277802e-05   1.9826028e-04
   4.1080888e-03   9.4488547e-03   7.9740346e-03   4.2250510e-04  -2.9978475e-06   2.0505906e-04
   2.3875180e-03   1.3981305e-02   1.9917759e-03   2.0793095e-04   5.7300435e-05   3.0572567e-04
   9.6162489e-04  -1.4506699e-03   1.7314223e-02   2.0937680e-04  -2.3209331e-05   2.1745956e-04
  -2.3708275e-03   8.0372463e-03   9.9973650e-03   1.0490418e-04  -4.9096434e-05   1.5212865e-04
  -1.4670408e-03   2.2125735e-02   1.2114622e-03   8.4137522e-05  -1.4375156e-04   2.7882494e-04
  -4.5741588e-03  -8.4483322e-03  -9.2445040e-04   3.1021321e-04  -7.1056888e-05   1.9776107e-04
   1.7017085e-03   8.1380466e-03   1.6687102e-02  -5.7279536e-05  -8.9939654e-05   2.3503610e-04
  -1.2691364e-03   2.9503161e-03   8.7871446e-03   1.5030562e-05   2.5023920e-05   2.3806157e-04
  -2.1359618e-03   1.3213714e-02  -6.8955410e-03   1.7659349e-04  -6.8073478e-05   2.5650882e-04
  -2.7112413e-03   4.6375478e-03  -4.5790312e-03   1.1168047e-04  -5.0121548e-06   2.2051940e-04
  -5.4416965e-04   1.1465153e-02   2.6189920e-03   1.5619744e-04  -7.1057048e-05   2.9527941e-04
  -5.4985186e-03   5.7743225e-03   2.2095580e-02  -4.4411114e-05  -6.2781476e-06   1.6307547e-04
  -4.5889632e-03   1.8389451e-02  -1.9254329e-03  -1.5290904e-04  -1.1540907e-05   1.9399773e-04
  -1.6864047e-03   2.1907559e-03  -5.3130566e-03   3.9297624e-04  -4.6210677e-05   2.1010085e-04
  -4.9481154e-03   7.9317638e-03  -3.2331505e-04   3.0875036e-04   3.1462259e-05   1.6434447e-04
  -4.2549402e-03   2.9136487e-03   1.4473978e-03   5.6009048e-05   2.4450622e-05   1.7419528e-04
  -2.3642803e-03   8.7521086e-03  -1.6958989e-03   3.7271226e-04  -1.7441737e-04   1.4202090e-04
  -6.1183517e-03   3.7908575e-03   2.9329592e-03   1.9525658e-04  -6.2190358e-05   1.7969069e-04
  -7.3748464e-04   8.4814877e-03   2.1226922e-02  -1.5921740e-04  -2.5021503e-05   2.2870201e-04
  -1.1306834e-03   1.4369427e-03   1.2097918e-02  -1.4257747e-04  -2.6095365e-06   1.7321356e-04
  -6.3696046e-03   7.5335020e-04  -6.1801568e-03  -3.7151383e-05   9.5844900e-06   1.7152231e-04
  -2.5867766e-03   3.0389711e-03   4.9577490e-03  -1.8098333e-05  -1.4945613e-04   1.7176462e-04
  -6.7249428e-03  -1.2103518e-02   3.1869125e-03   1.4596764e-04  -1.3724706e-05   2.5260905e-04
  -7.3963284e-03   1.0098571e-02   1.5145452e-02  -1.3683015e-04  -2.3674906e-05   2.3821942e-04
  -1.2573897e-02   6.7073007e-03   2.9390229e-02  -5.2735547e-05  -4.3633286e-05   1.4328834e-04
  -3.1510169e-03   8.0968814e-03   3.0281346e-02  -7.0824636e-05  -1.0308160e-04   1.0109758e-04
  -5.7093711e-03   5.9030622e-03   7.2204362e-03  -1.0953479e-04  -4.4574555e-05   2.0145821e-04
  -5.2680898e-03   1.5614756e-02   9.5909354e-03   1.9603875e-04  -8.2132357e-05   3.2862971e-04
  -5.7281845e-03   3.9293815e-03   8.8558222e-03   1.2890384e-05  -3.0006960e-05   1.9625193e-04
  -4.4306964e-03   4.2417513e-03   2.1898804e-02  -2.0958877e-04  -6.3141689e-05   1.7114360e-04
  -6.5068010e-03   2.2731406e-03   2.7900077e-03   9.7054339e-05  -8.5895183e-05   1.5954189e-04
  -8.2185028e-03   1.8434435e-02   4.1250823e-03  -7.9566660e-05  -1.1201899e-04   1.5284602e-04
  -7.7618222e-03   2.0035433e-02   6.8731319e-03  -2.4541030e-04  -2.1664909e-05   1.5369595e-04
  -5.0433431e-03   1.7762738e-02   2.2247058e-02   1.0384739e-04  -1.2387346e-05   1.0222495e-04
  -3.6524950e-03   1.6163621e-02  -2.8939708e-03  -2.6335341e-04  -6.2538388e-05   2.2112480e-04
  -2.4591207e-03   2.3121962e-02  -1.0098106e-02  -1.8168893e-05  -1.1098688e-04   1.6109426e-04
  -9.1501221e-03   3.6022217e-03  -2.5780903e-03  -1.2176442e-04   4.8324226e-05   1.5568733e-04
  -6.3782718e-03   1.6052211e-02  -1.3298156e-02  -1.5928138e-05  -1.3933815e-05   1.0196517e-04
  -5.5327427e-03   1.0427051e-02   1.6150297e-03  -9.8090368e-05   5.5594008e-05   1.2167456e-04
  -7.3015600e-03   1.3326863e-02  -1.0405170e-02   1.2535008e-04  -3.3222806e-05   2.6001239e-04
  -4.3505041e-03   3.9667078e-03  -1.9583661e-03   1.6774307e-04  -7.3127106e-05   1.2280072e-04
  -1.0227721e-02  -3.7229810e-03  -7.6354562e-04   8.7828737e-05   4.1819137e-05   1.3582507e-04
  -5.1755400e-03   8.7319126e-03  -5.9168971e-03   2.9082798e-04  -3.4230260e-05   2.5170812e-04
  -5.1722604e-03   9.7164953e-03   1.2985982e-02  -3.0128257e-05  -8.8348290e-05   1.2898109e-04
  -7.5455508e-03   1.3678532e-02  -7.8007237e-03  -1.2326765e-06  -9.3508457e-05   1.4123668e-04
  -7.8378509e-03   7.8736803e-03  -4.7842706e-04   1.5964788e-04  -1.4142506e-04   8.7505785e-05
  -5.8610096e-03   8.2456325e-03   1.0741337e-02  -1.0611704e-04   1.1949044e-05   1.1047807e-04
  -6.7338572e-03   1.0213509e-02  -9.0717351e-03   1.6811469e-04  -6.4466884e-05   1.4424993e-04
  -2.3437340e-03   4.0103237e-03  -1.5458033e-03   2.3746910e-04  -1.1488607e-04   1.8312255e-04
  -4.7121065e-03   1.1030860e-02   5.1747951e-03   8.0141181e-05   7.2523923e-05   1.6789085e-04
  -8.0998558e-03  -2.4375906e-03   2.6922091e-03   1.5569408e-04  -4.8989667e-05   2.5572747e-04
  -5.6745107e-03   4.1895406e-03   4.1488376e-03   1.5772049e-04  -1.8063882e-04   2.1681409e-04
  -8.4550262e-03   3.4560655e-03   2.4178851e-02   5.9915160e-05   1.7762104e-05   1.3837612e-04
  -7.4032982e-03   8.7769406e-03   2.0511093e-03  -3.3787448e-05  -1.0022872e-04   2.0673281e-04
  -4.6322696e-03   1.1309777e-02   8.4884069e-03   1.0707584e-04  -1.6276907e-05   2.0764297e-04
  -3.5377295e-03   8.0452120e-03  -4.9940367e-03  -6.2922479e-05  -1.2919984e-04   1.8064565e-04
  -1.9527807e-03   1.8758076e-02   1.5689963e-02   5.2857756e-05  -4.5840384e-05   2.1064610e-04
  -4.1712056e-03   1.6299797e-02  -1.5795250e-02  -7.0918422e-05  -7.0212959e-05   2.5386536e-04
  -1.6485787e-03   1.7750803e-02   1.1716379e-02  -4.4754487e-05  -1.1852277e-04   5.4147314e-05
  -8.2122185e-03   6.2908865e-03  -1.0271252e-02   2.4830329e-05  -8.1982605e-05   1.5073488e-04
  -5.0385907e-03   9.5668887e-03   1.2331515e-02   5.7766282e-05  -2.2517435e-04   1.6195199e-06
  -4.5991653e-03   7.4106703e-03  -1.2751679e-02  -2.2317732e-04  -1.6184643e-04   2.0257486e-04
  -4.2740683e-03   1.0649138e-02   1.7275314e-04   2.6536919e-04  -9.8051334e-05   6.9465686e-05
  -7.1620678e-03   1.0809384e-03   2.2071278e-03   8.6925797e-07  -7.3092776e-06   1.6180233e-04
  -4.5260957e-03   3.7683066e-03   1.5279833e-02   2.4409332e-04  -1.3283860e-04   1.5438503e-04
  -5.7829856e-03   1.0286216e-03   1.7342312e-03   2.2703424e-05  -1.1077864e-04   2.5212140e-04
  -8.6451694e-03  -3.2512717e-04   2.3898184e-02   1.5468729e-04  -1.0227897e-04   1.7791620e-04
  -4.6916990e-03   2.9163903e-02   1.7118459e-02  -2.6555312e-04  -1.6415014e-04   2.6538809e-04
  -7.3883021e-03   1.7533688e-02   3.7215535e-03  -8.1267645e-05  -1.7055674e-04   2.3405455e-04
  -3.8479525e-03   2.1746464e-02   1.8731552e-02  -1.7760547e-04  -2.1709942e-04   1.7908272e-04
  -6.9989536e-03   1.7758238e-02   2.6186104e-02   2.1576633e-05  -1.2553116e-04   2.3709501e-04
  -1.4442965e-03   3.4816213e-02   6.4475452e-03  -2.1452404e-04  -2.6620460e-04   2.8246258e-04
  -3.6096363e-03   2.3573735e-02   5.0894023e-03   3.2319756e-05  -1.1647093e-04   1.9127803e-04
   1.4096852e-03   2.7126692e-02   5.3940982e-03  -1.6126546e-04  -1.4296688e-04   1.4691577e-04
  -2.5313351e-03   1.8394706e-02   6.4564274e-03   1.1315909e-04  -1.0252924e-04   1.7789333e-04
  -2.1962887e-03   2.4080035e-02  -1.0278263e-02   1.8928044e-04  -1.7552357e-04   2.1159795e-04
  -2.9257901e-03   5.3137784e-03   2.6476726e-03   1.0690951e-04  -1.4116020e-04   9.8760564e-05
  -5.5472033e-03   1.3191644e-02  -4.8184664e-03   8.2010257e-05  -8.8955450e-05   1.4884534e-04
  -2.4137327e-03   1.7309556e-02  -1.0802839e-03   1.0636258e-04  -2.3979177e-04   2.3013912e-04
  -4.1571452e-03   6.2324259e-03  -1.3467238e-03   8.0602804e-05  -5.7375575e-05   1.2344468e-04
  -1.4871896e-03   2.6351666e-03   1.1693411e-02   2.2350659e-04  -1.4147454e-04   1.2147162e-04
  -3.6013365e-03   6.1863398e-03   4.1094200e-03   8.8916493e-05  -3.1537264e-05   1.5785556e-04
   2.7445005e-04   1.4371829e-02  -2.1224491e-03   5.0701308e-04  -1.5714653e-04   1.3900635e-04
  -1.2444444e-03   5.9028730e-03  -3.1109646e-03   5.8996318e-04   5.3410996e-05   1.9976531e-04
   2.2018297e-03   2.2002922e-02   5.5706171e-03   8.8017344e-05   8.6281480e-05   8.1651009e-05
  -8.4144974e-05   1.1504291e-02  -4.4239588e-03   1.2598107e-04   3.8175893e-05   1.5450854e-04
  -1.8854548e-03   1.4626279e-03  -4.8095347e-03   5.1630386e-04  -1.3109279e-04   8.6039551e-05
  -3.7969235e-03   9.8968742e-03  -7.0682613e-04   1.0121916e-04   3.7959267e-05   9.2369445e-05
  -5.9515332e-04   2.5498533e-02   1.9298979e-03  -2.9827351e-05   2.1893302e-05   1.7400039e-04
  -2.2439354e-04   1.0660405e-02  -2.3851759e-03   6.8433570e-05  -8.4240720e-05   2.7070052e-04
  -3.0640755e-03  -6.2075397e-03   2.8923217e-02  -6.1841717e-05   2.7801092e-05   7.5026046e-05
  -1.7256133e-03  -2.8674062e-03  -2.5970648e-03  -6.8700507e-05  -3.6484575e-05   2.1192412e-04
   3.3357753e-03  -8.2289025e-04   3.0836451e-02   2.3623954e-05  -8.2774460e-05   1.2920294e-04
  -4.4631639e-03   6.8058738e-04   1.0265582e-02  -2.0759530e-04  -6.4226198e-05   2.8357490e-04
  -5.1945928e-03   3.8084572e-03   1.0123957e-02   5.9318640e-05   5.5683047e-05   1.6635631e-04
  -2.7200623e-03   1.7756493e-03   1.8512145e-02   5.6492499e-04  -1.3195326e-04   6.7047124e-05
  -5.6979286e-03   2.5558210e-02   9.9797548e-03   1.5044785e-04  -1.6258976e-04   1.9135053e-04
  -6.4859731e-03   1.4480454e-02   7.4998033e-03   4.2175267e-04   1.3495133e-05   9.6233580e-05
  -3.4779959e-03   1.7209193e-02   9.9617654e-03   6.3814272e-05  -3.3105690e-05   6.1424758e-05
  -4.6072855e-03   1.0592361e-02   8.0460609e-03   2.6332985e-04  -1.1824987e-04   8.8827182e-05
  -4.9831138e-03   2.2005239e-02   1.6144987e-02   8.0751367e-05   6.3076567e-05   1.7415136e-04
  -4.7443717e-03  -8.5810967e-03  -2.7325576e-02   1.3299591e-05  -5.3116952e-05   2.0395310e-04
   1.0201460e-03   1.1489242e-02   5.6747856e-03  -1.4350199e-04  -4.2161473e-05   1.9705585e-04
  -2.9671211e-03   1.3205551e-02   1.0743418e-02   6.6142148e-05  -2.4381250e-04   2.8496763e-04
  -2.5396389e-03   1.0344334e-02   2.5576017e-02  -1.2537393e-05  -1.4646978e-04   1.6010108e-04
  -5.3667497e-03   2.2648069e-02   6.0203157e-03  -1.1933410e-05  -5.0611092e-05   1.9041959e-04
  -4.2921613e-03   2.4681551e-02   6.2730501e-03   8.3437647e-05  -6.0849257e-05   2.4816716e-04
  -7.1881576e-03   2.0015386e-02   2.1562931e-02  -3.5355764e-06   2.8186796e-05   1.4444742e-04
  -5.7233314e-03   1.6872012e-02  -3.9340287e-03   1.7090369e-05  -1.4767823e-05   1.2742024e-04
  -1.0639472e-03   1.1090624e-02   5.5853305e-04   2.5102804e-04  -6.0659798e-05   8.4219580e-05
   3.4061956e-04   8.3949134e-03   1.0454492e-02  -7.7827824e-05   1.5081085e-05   2.2197683e-04
