   0.0000000e+00   0.0000000e+00   0.0000000e+00   0.0000000e+00   0.0000000e+00   0.0000000e+00
   1.4858129e-03   1.7239693e-02   2.8430932e-02   2.0088045e-04   5.4336328e-05   1.5467764e-05
   9.4574847e-04  -1.0067863e-02   2.9169229e-02  -2.2490212e-05  -5.2577253e-05  -3.3215916e-06
  -1.6663777e-05  -2.0129377e-02   2.1853399e-02  -9.3011528e-05  -3.8736865e-05   2.8801419e-05
   3.3553288e-03  -7.6883205e-03   3.4178435e-02  -2.4929688e-05   1.1497272e-04   7.6461641e-05
   7.2498155e-03  -1.6789990e-03   3.1079836e-02   1.4858506e-05   3.6954687e-05   7.8578322e-05
   8.0099899e-03  -1.1031145e-02   3.5156731e-02   3.5928875e-04  -1.0521564e-04   1.0941283e-04
   6.1585947e-03  -8.7009934e-03   3.4928759e-02  -3.4528084e-06   4.9429076e-05  -2.0594618e-05
   4.9214573e-03  -1.2816706e-02   2.8522972e-02  -1.9851823e-04  -1.9673491e-05  -4.2821687e-05
   3.9847890e-03  -8.1972033e-03   3.0446705e-02  -2.3700252e-05   6.4513406e-05  -8.4723815e-05
   5.5099630e-03  -1.0907385e-02   2.6350119e-02  -1.8817625e-04   6.1731018e-05  -1.1491415e-04
   2.8650877e-03  -1.1115986e-02   8.7536789e-03  -2.9331783e-04   3.7832281e-05   9.0126465e-05
   2.7001722e-03  -2.4550411e-03   9.7727050e-03  -1.8114538e-04   7.4222560e-05  -1.8310852e-05
   5.6168511e-04   5.5757544e-03  -2.9438630e-04  -3.4312131e-04   6.0900601e-05  -1.1604778e-05
   2.8639331e-04   1.6922500e-02   1.7716336e-02   9.6570657e-05   5.1472934e-05  -3.1342577e-05
  -1.9345008e-03   8.2670007e-03   8.2054374e-03   3.3547910e-05  -1.5794365e-04   1.8348452e-07
   1.7363344e-03   6.3517511e-03   1.2699778e-02  -6.5340730e-04  -2.9014461e-04   3.2239306e-04
  -2.7310997e-03   3.3936314e-03   7.0746111e-03  -1.4448289e-04  -8.8097847e-06  -1.2471877e-05
  -2.0767982e-03   4.9507441e-03   1.8377738e-02  -6.6392764e-05  -6.0957146e-05   5.1048035e-05
  -5.5198288e-03  -6.7872678e-03   1.4442971e-02  -8.7736657e-05   4.7437446e-05  -7.8458482e-07
  -1.9549083e-03   1.3873414e-03   1.5656831e-02  -3.1242217e-04  -2.1754210e-04   7.8326614e-05
  -1.7905788e-03   1.1441357e-02   1.3633256e-02  -6.8567105e-06   4.5739264e-08  -9.9740706e-05
  -1.6739102e-03   6.0211307e-03   1.1365613e-02  -2.8223131e-04   1.1126190e-06  -9.8605563e-05
  -5.1575978e-03   1.8665750e-02   5.0612126e-03   4.7004165e-04   2.3242237e-04  -3.9288451e-04
  -2.9014222e-03   1.4713506e-02   3.5737983e-03   3.3863792e-04   1.2156184e-04  -3.2850800e-04
  -6.6868994e-04  -2.5440923e-03   2.5683038e-02  -7.8718614e-04  -1.0153939e-04  -4.4130703e-05
  -4.9678786e-03  -7.5186551e-03   1.0558598e-02  -3.8209208e-04  -3.7165461e-05   8.0192476e-05
  -1.0434409e-03   9.5218852e-03   3.3685104e-02  -2.0652372e-04   6.8417096e-05  -7.9154185e-05
  -3.0926666e-03  -1.6987053e-04   1.1156446e-02  -1.2190801e-04  -1.7518811e-05   1.4127675e-05
  -3.2853493e-03   9.7515606e-03   1.4489214e-02  -1.7020439e-04   5.9845813e-05   3.2731366e-05
  -5.3459653e-03  -2.5230573e-03   9.8125974e-03  -1.5766448e-04  -2.3521623e-05   4.4283508e-05
  -5.8391578e-03   3.7098709e-03   1.7076745e-02  -1.9066418e-04  -7.7831852e-05   4.6153521e-05
  -4.2850913e-03   2.0969972e-03   8.6659619e-03  -7.4349292e-05  -8.8163856e-05   4.6193041e-05
  -1.6675300e-03  -2.5010512e-04   1.1461567e-02   3.8804205e-05  -7.2865725e-05   8.4294299e-05
  -1.7242701e-04   7.0132996e-03   1.6281701e-02   1.8940841e-04  -3.9196506e-05   7.9052422e-05
  -1.1780503e-04   9.9872323e-04   1.1031461e-02   1.5403592e-04  -9.8358700e-05   4.6531253e-05
  -8.7663243e-04   3.1517046e-03   2.7360122e-02   1.6654630e-04  -3.9963769e-05   2.5869346e-05
  -9.5955600e-04  -7.7222906e-03   1.6362843e-02  -9.0399262e-05  -5.4502942e-05   2.4118144e-05
  -2.3693485e-03   1.2494542e-03   2.4255586e-02  -1.8885119e-04   2.5652682e-05  -1.1830608e-04
  -1.9960345e-03   8.3512814e-03   1.7819471e-02  -6.2172538e-05  -1.9272631e-05   1.7273268e-05
  -5.5464902e-03   5.7389203e-03   1.2366965e-02  -2.4957155e-04  -5.8393321e-06  -2.9263714e-05
  -5.6332139e-03   4.5968436e-03   1.5888283e-02  -1.9030655e-04  -1.0875278e-05  -3.8948764e-05
  -5.7126123e-03   1.3541636e-02   8.7467535e-03  -1.5355143e-04  -1.2461075e-04  -3.4871755e-05
  -8.0490978e-03   4.7320798e-03   4.4170379e-03  -1.5154263e-04  -1.1522423e-04  -4.4377559e-05
  -6.2466913e-03   8.8047024e-03   7.3599225e-03   2.3893448e-05  -1.8737046e-06  -8.5783909e-06
  -5.0907975e-03   2.0292619e-03   6.2447962e-03  -5.9110267e-05  -6.7300901e-05   1.5374444e-05
  -7.5411983e-03   1.6058143e-03   1.5559408e-03  -7.5456113e-05  -1.0859811e-04  -2.0027112e-05
  -6.7895588e-03   5.6158857e-03   6.5051777e-03   4.6236199e-05  -1.2672066e-04  -1.4315119e-04
  -2.4374836e-03  -1.1180007e-02  -6.4452875e-03  -2.4536312e-04   9.6752265e-05  -1.2783695e-04
  -5.0260879e-03   1.4387069e-02   5.0618479e-02   2.1173329e-04   2.4605759e-05  -3.4167605e-04
  -5.6320353e-03   1.1450090e-02   5.6992147e-03  -2.8677787e-04  -4.3133876e-04  -3.8072602e-05
  -8.3445391e-03   1.3759542e-02   6.8299680e-03  -1.9659245e-04  -4.5319211e-04   9.5600935e-05
  -6.7592280e-03   4.3915665e-03   1.0373098e-02  -2.1318791e-04  -2.7548898e-04   4.4629727e-05
   3.6731126e-04  -6.8214138e-03   2.8065794e-02  -1.6594746e-04  -2.2767666e-04   1.1971049e-04
  -3.7823518e-04  -2.7858292e-03   4.9615047e-02   8.4549586e-06  -4.2991233e-04   1.4180846e-04
  -2.4295939e-04  -1.8933036e-02   5.7674999e-02  -1.1284572e-03  -2.8493435e-04   1.5019774e-04
  -5.1516621e-04  -1.6912271e-02   4.1287689e-02  -7.0099612e-04  -2.1390252e-04   3.0883408e-05
  -3.4006114e-03  -1.3107987e-02   4.1935047e-02  -4.1301075e-04  -1.9668191e-04  -7.2011385e-05
  -6.9522411e-03  -7.2172742e-03   3.2834747e-02  -1.0762633e-04  -1.3529430e-04  -2.6015463e-04
  -2.8828225e-03   1.9689108e-03   1.7881467e-02   2.2649574e-04  -3.5515746e-04   1.6851126e-04
  -5.7685012e-03  -5.8251089e-03   1.7170763e-02  -3.9371304e-04  -2.4000601e-04   2.7936572e-05
  -7.8535764e-03  -2.6134645e-03   1.8810391e-02  -1.1634916e-03  -7.3908874e-05  -1.0946659e-04
  -5.2171708e-03  -3.2910763e-03   1.0489365e-02  -7.2433256e-04  -2.4611812e-04   3.0821093e-05
  -5.0063724e-03   3.8259225e-03  -9.8229751e-03  -9.1093255e-05  -3.9135550e-04   1.5954477e-04
  -9.9143883e-03  -2.6895115e-03  -1.5133001e-02  -8.8477312e-04   1.4162688e-04   8.0749031e-05
  -9.8126771e-03   7.8048011e-03  -1.1186811e-02  -2.4049458e-04  -1.0738475e-04   5.1543681e-05
  -9.1212180e-03   1.2287114e-02  -7.9753580e-03  -2.3898989e-04  -1.9086275e-04   1.4111535e-04
  -7.1169827e-03   7.1164896e-03  -1.7259259e-02  -5.2352698e-05  -3.5763237e-04   1.0262595e-04
  -1.0563154e-02   1.4983204e-02  -5.3444005e-03  -2.6680168e-04  -2.4443050e-04  -1.5739797e-06
  -1.1601811e-02   1.1635028e-02  -4.1040741e-03  -3.9028378e-04  -2.5465319e-04   9.1027111e-05
  -1.5228804e-02   1.4214530e-02   1.7230140e-02  -4.3881110e-05  -6.8699956e-05  -2.5844869e-04
  -1.6178977e-02   2.1865252e-02  -5.8704322e-03   6.3695602e-04  -7.6968517e-05  -1.8205934e-04
  -6.0439205e-03   7.2361443e-03   1.9699830e-02   5.0598848e-05  -2.6641730e-04   1.2804987e-04
  -7.3399384e-03   4.7427986e-03   1.9343173e-02  -1.7519071e-05  -3.1659471e-04   1.1212543e-04
  -9.2811148e-03   1.1385791e-03   2.4785171e-02   2.5886211e-04  -1.4046111e-04  -2.7433980e-04
  -8.4627361e-03  -1.3780535e-03   2.9195952e-02   3.0175774e-04  -1.2152393e-04  -1.8787289e-04
  -6.5799851e-03  -4.5775177e-03   1.8214750e-02   9.4252448e-05  -3.2222130e-04   1.2031804e-04
  -9.9960737e-03  -1.2092678e-03   2.1737569e-02  -2.1181165e-05  -2.8303393e-04   1.0376562e-04
  -9.1669687e-03   7.0393568e-03   2.5719026e-02   2.2762274e-04  -5.9636282e-05  -2.0914874e-04
  -9.3726793e-03   3.6610197e-03   1.4782538e-02   2.9900603e-04  -1.8744884e-04  -3.4368156e-04
  -9.0634180e-03   2.8618449e-03   1.6072488e-02   1.8988681e-04  -1.1078068e-04  -3.0133819e-04
  -2.4433990e-03  -1.4572550e-03   2.0091160e-02   1.9892031e-04  -2.6553937e-04   2.4583027e-04
  -9.7647018e-03   2.9250155e-03   1.6347445e-02   3.1081483e-04  -9.4877432e-05  -2.0778665e-04
  -6.8900909e-03   1.9095029e-03   1.6633215e-02   2.3643792e-04  -1.3417676e-04  -1.7829879e-04
   1.2803144e-03  -1.9013612e-02   2.6662544e-02  -4.8833914e-04  -3.5748628e-04   5.1416199e-04
  -3.4260997e-03  -4.4423647e-03   2.1855333e-02   2.2427318e-04  -1.9846904e-04   8.3255299e-05
  -5.2353042e-03  -2.3775210e-03   1.1948607e-02   8.2144098e-05  -2.6714963e-04   1.6303335e-04
  -7.6001705e-03   1.2545414e-02   6.3605211e-03  -5.6515899e-05  -1.7213953e-04  -2.2051956e-04
  -8.3369578e-03   6.1809743e-03   7.0289563e-03   3.1073656e-04  -1.1247304e-04  -1.4658510e-04
  -3.4571578e-03  -7.2454871e-03   3.1192666e-03  -1.7343991e-04  -3.0636773e-04   2.1434236e-04
  -7.1905760e-03   3.5029671e-03   1.6332138e-03   4.7940340e-04  -1.7668451e-05  -2.1445352e-05
  -6.6135111e-03   2.4459859e-02   1.1485683e-03   3.8552881e-04  -1.7538619e-04   1.2114180e-05
  -6.5392712e-03   1.3339933e-02  -8.9125631e-03   5.1095018e-04  -3.4188762e-04   2.5638115e-04
  -8.1998507e-03   7.7267504e-03  -6.7869882e-04   3.9538164e-04  -6.6522179e-05  -1.2316481e-04
  -4.6119098e-03   8.8182137e-03   9.6095384e-03   5.1372040e-04  -3.0300794e-05  -1.8698381e-04
  -3.4261853e-03   1.1272055e-03  -5.1757206e-03   6.1822047e-04  -7.8699593e-05   7.1367627e-05
  -4.3389798e-03   1.6750355e-02  -2.1481937e-03   4.4205026e-04  -2.3950149e-04   5.9366639e-05
   1.8568905e-03   4.2284925e-03   1.0644585e-02   3.8366495e-04   3.9535265e-05   1.4291772e-04
  -1.7372151e-03   1.2119643e-02  -2.1716000e-03   5.5520616e-04  -1.3627435e-04   4.9519209e-05
  -8.5475225e-03   1.1153673e-02   9.9397527e-03   5.1633056e-04  -1.8112085e-04  -1.3881056e-04
  -8.9848426e-03   1.7774596e-02   1.8461286e-02   2.2292751e-04  -2.2168603e-04   7.4020780e-05
  -8.5952402e-03   3.3968224e-02   4.9630568e-02   2.7138723e-04  -4.2076125e-04   2.7673971e-05
  -2.0695618e-03   1.6038932e-02   2.6128030e-02   5.1829805e-04   1.8587588e-04  -2.6369903e-04
  -7.3818781e-03  -8.4397432e-03   2.1349933e-02  -5.6838001e-04   1.3008921e-04   1.0181624e-05
  -3.0406034e-03   2.5775908e-03   2.1695977e-02   5.3086286e-04  -1.0593928e-04   4.6302654e-04
  -2.6191826e-03   2.1191773e-03   5.6245112e-02  -2.6703245e-04   3.6919482e-05  -1.8618411e-04
  -1.2780412e-03   1.4022741e-02   5.2980517e-02  -4.4730276e-05   2.1490468e-04  -1.2826971e-06
  -1.9487035e-03  -9.5861647e-03   5.2738442e-02   2.4394482e-04  -9.8342332e-06  -3.8173860e-05
  -1.0396310e-03  -1.1288704e-02   4.2132360e-02   1.1282414e-04  -1.9219108e-04   1.7513802e-05
   3.8842998e-03  -7.4319050e-03   4.6701639e-02   2.2503410e-04  -1.2050929e-04   1.9107016e-05
   1.5272286e-03  -9.3862040e-03   3.9510055e-02   9.9030002e-05  -1.6032748e-04   1.2866844e-05
  -2.5873357e-03  -1.6730179e-02   4.2080329e-02  -2.0565750e-04   3.7629418e-05  -2.9123622e-04
  -2.7931992e-03  -1.5407383e-02   3.2931296e-02  -5.4808469e-05  -6.4617212e-05   4.1712996e-05
  -5.2004215e-03  -6.8814952e-03   2.3090874e-02  -9.1547179e-05  -1.5025414e-04   5.7816158e-05
  -6.9349449e-03   5.5231610e-03   2.1522442e-02  -6.1713966e-06  -2.7266797e-04   4.8495069e-05
  -2.4209111e-03  -1.1415670e-02   1.8768058e-02  -3.6606087e-04   3.5608274e-05   6.0558455e-05
  -1.8976233e-03  -1.5424033e-03   1.1833903e-02  -9.3797918e-05  -1.9268472e-04  -2.1049158e-05
  -1.9019881e-03  -9.6015457e-03   6.1699855e-04  -2.9010612e-04  -1.9342474e-04   1.7458217e-04
  -1.0352208e-02   5.1841889e-03  -8.7052956e-03  -5.6075887e-06  -9.2117436e-05  -1.7264894e-04
  -1.0537934e-02   8.9776285e-03  -1.4968350e-02  -1.6671421e-04  -7.3179466e-05  -2.3154469e-04
  -7.4130817e-03   1.2655629e-02  -2.0773579e-02  -3.1615778e-05  -1.2409328e-04   1.3674669e-04
  -9.7304402e-03   1.9082160e-02  -1.6158772e-02   1.3168580e-04  -2.1585206e-04   1.4157731e-04
  -1.2201488e-02   8.7000159e-03  -1.4602524e-02   2.7142319e-04  -1.6049820e-04   5.5124267e-05
  -9.5807459e-03  -1.0060231e-03  -1.2084262e-02   2.7725598e-04  -2.6112388e-04   3.7890891e-05
  -6.5350641e-03   2.4044930e-03  -9.2889457e-03   3.2051213e-04  -2.5961117e-04   2.9860723e-06
  -7.3748873e-03   7.9968882e-03   3.9905867e-03   1.3047622e-06  -2.8350114e-04  -1.3808819e-05
  -6.2812282e-03  -2.9355068e-03   7.8532418e-03  -2.4615672e-04  -1.8116224e-04   2.0834964e-05
  -6.8643289e-03   1.8702018e-03   1.5223738e-02  -2.6436468e-04  -4.2091143e-05  -2.9229817e-04
  -2.9448333e-03   5.0304337e-03   1.1120659e-02   8.6184467e-07  -3.2028709e-04   3.7049845e-04
  -5.8488505e-03   4.1505212e-03   8.5384173e-03  -3.9392611e-04  -8.4379344e-05   1.6540677e-04
  -2.8859612e-03  -4.5231387e-03   3.9852922e-03  -3.8282280e-04  -6.7040648e-05   4.1442736e-04
  -6.4752253e-03   2.3977187e-03   5.0018655e-03  -5.0427922e-04  -2.7211478e-04   2.1975829e-04
  -8.1263090e-03   8.2703222e-03   1.7124130e-04  -2.7828293e-04  -2.1158540e-04  -5.2306254e-06
  -1.1477047e-02   8.5016392e-03   6.7740071e-03  -1.1020151e-04  -1.7667562e-04  -1.5006316e-07
  -8.2645121e-03   3.7721762e-03   1.8543817e-02  -9.7349703e-05  -2.2016950e-04   2.8537633e-05
  -1.1402695e-02  -1.1538135e-02   1.3936021e-02  -1.9865454e-04  -1.1202422e-04  -1.5007781e-04
  -1.2368684e-02  -1.2402078e-03   1.5455707e-02  -7.1210535e-05  -2.2135470e-04  -1.0611235e-04
  -3.1083051e-03  -1.1038066e-03   2.0723029e-02  -4.7229592e-04  -4.2344186e-05   2.9495630e-04
  -4.4305409e-03  -1.6173407e-02   1.8884214e-02  -3.0401875e-04  -1.7155970e-04   1.2293571e-04
  -6.0724409e-03  -6.4908769e-03   1.7929271e-02  -1.1253672e-04   2.2974627e-05  -7.3924125e-05
  -1.9767369e-03  -1.4945274e-03   9.7790578e-03  -2.9469660e-04  -2.0760250e-04   2.3602163e-04
  -7.3945415e-03  -5.7212706e-03   1.8100672e-02  -1.1100106e-03   1.5748288e-06   1.7549056e-04
  -8.9704697e-03   3.2526815e-03   1.2887938e-02  -3.4908756e-04  -5.1675784e-05  -2.7544957e-05
  -6.3999293e-03   5.9312576e-05  -1.2593017e-03  -4.9364791e-05  -7.4129687e-05  -3.0635004e-05
  -4.7764526e-03   7.9946817e-04   6.2505917e-03   8.0930147e-05  -2.1356096e-04  -4.1008725e-05
  -6.5521599e-03   2.6094165e-03   1.5402477e-02   4.4226617e-04  -1.8467677e-04  -3.1828567e-05
  -6.9829740e-03  -1.4693564e-02   1.5212826e-02   4.7658072e-04  -9.4292978e-05  -1.6169628e-04
  -2.2026316e-03  -1.4270816e-02   1.6178308e-02   2.7259417e-04  -1.4800562e-05  -1.5154174e-04
  -2.1557431e-03  -9.0746540e-03   1.4146603e-02   3.6316409e-04  -1.0173583e-04  -1.0941277e-04
  -2.8690292e-03  -2.8980598e-03   1.6490072e-02   4.3262040e-04  -2.7683430e-04   1.4369504e-04
  -7.8553321e-03  -2.9122312e-03   1.0082389e-02   2.7623691e-04  -3.4845701e-04   2.3457804e-05
  -1.0713939e-02   9.4990699e-04   2.5531307e-02   3.1234163e-04  -3.2046018e-04   7.9322038e-06
  -8.8264411e-03   1.3881612e-03   1.5851892e-02   2.9172852e-04  -4.6261510e-04   2.0197215e-05
  -6.1986038e-03  -1.3983093e-02   1.7421421e-02  -1.5522457e-04  -2.5469648e-04   1.2000292e-04
  -3.2047195e-03  -1.8570544e-02   3.1533019e-02  -2.3024932e-04  -2.5770570e-04   2.9380544e-04
  -3.4818288e-04  -1.8613129e-02   3.1191339e-02  -7.4544666e-04  -4.5985196e-05   2.0321837e-04
   6.1802943e-04  -1.4344280e-02   1.1310377e-02  -4.4014469e-04  -2.2196105e-04   3.2056668e-04
  -8.2667386e-04  -2.8017109e-03   2.4197910e-03  -7.3818033e-04  -2.2733376e-04   1.4423213e-04
  -2.8242262e-03  -7.1964745e-03   1.0191373e-02  -6.2401882e-04  -1.6291675e-04   1.1750103e-04
  -6.0384658e-03  -1.0228175e-02   2.4325952e-03  -5.2508658e-04   5.1337449e-05  -1.7790719e-04
   5.8790235e-04  -5.0295019e-03   2.6970516e-03  -5.6736995e-04  -6.9525188e-05   3.1271087e-04
  -2.6739255e-03  -8.6262398e-03  -2.5453130e-03  -4.7874577e-04   5.2335991e-05   2.1657496e-04
  -9.4378477e-03   4.1114039e-02  -7.3139518e-03   2.4185274e-04  -3.9828967e-04   1.9594061e-04
  -4.7509503e-03   8.3133299e-03  -9.1530591e-03   8.5360502e-05  -4.1141005e-07   4.7547387e-04
  -7.2332056e-03   1.0941084e-02   4.8033784e-03   1.1930131e-04  -3.0743120e-04  -1.1360305e-04
  -8.9032942e-03   6.7982930e-03   1.2054328e-02   2.8394109e-04  -4.1556338e-06  -3.5113330e-04
  -5.5532198e-03  -4.4768996e-03   2.0530902e-02  -3.2438275e-04   8.3808108e-05  -1.8204103e-04
  -2.6515111e-03  -3.1923195e-03   1.7425354e-02   1.5647505e-04  -1.2927059e-04   1.9669179e-04
  -2.1496954e-03  -6.5461279e-03   2.7441386e-02  -1.6829461e-04  -3.9660061e-04   3.0164455e-04
  -2.4236279e-03  -4.9746441e-03   2.9152609e-02   1.4835186e-04  -2.8222608e-04   1.1070080e-04
   4.3014194e-03  -7.7115107e-03   2.4585079e-02   2.1815169e-04  -2.8190601e-04   1.4110104e-04
  -6.7668924e-03  -1.3444042e-03   3.3382323e-02   5.0001209e-04  -1.8034260e-04  -3.4208239e-04
  -4.8705907e-03  -5.3547627e-03   3.5539290e-02   3.5051689e-04  -2.0072179e-04  -1.2260207e-04
   3.8159426e-03  -1.6623305e-02   3.4952756e-02  -1.9562971e-04  -2.4716658e-04   2.0712857e-04
   2.5813613e-03  -2.1341409e-02   3.3178504e-02  -4.2203292e-04  -6.2261646e-05   1.2990017e-04
   5.8470693e-04  -9.9171146e-03   1.7689317e-02  -3.1709463e-04  -3.2144042e-04   2.4369269e-04
  -6.0115565e-03   1.4305986e-04   3.1614037e-03  -5.1492406e-04  -1.1098715e-04  -9.2881608e-05
  -8.0681504e-03   6.2129613e-03  -1.2208475e-03  -2.7039221e-04  -1.2350594e-04  -3.9602655e-05
  -1.3421922e-02   2.3913796e-02  -4.3916712e-03   5.4234515e-04  -2.0161631e-04  -3.2836923e-04
  -6.9806501e-03  -5.0628519e-04   8.6442161e-03   4.8705159e-05  -3.8113260e-04   1.3052904e-04
  -4.1094087e-03   6.0873325e-04   1.7131617e-02   1.5969645e-05  -1.9639857e-04   7.3561193e-05
  -1.6180037e-04  -8.1913269e-03   1.6315669e-02  -4.6767328e-04  -2.3130339e-04   3.0596252e-04
  -8.2435791e-03   1.1155045e-03   1.0698861e-02  -1.6703480e-04  -4.0044289e-05  -1.4767591e-04
  -9.3045938e-03   7.6944887e-03   1.2287011e-02   1.9893667e-04  -1.5315512e-04  -1.9688913e-04
  -6.7940195e-03   1.5971705e-02   3.0145660e-02   5.6467585e-04  -4.0430236e-04   2.4231432e-05
  -2.3483253e-03  -2.4077859e-03   2.4813377e-02  -2.1947021e-04  -3.0775531e-04   2.2841203e-04
  -5.3772647e-03  -6.6062607e-03   1.8119243e-02  -4.8020144e-04  -3.1436444e-04   1.6735967e-04
  -2.2307033e-03  -1.4800339e-02   1.7977414e-02  -5.2579051e-04  -1.7885779e-04   1.7204183e-04
  -8.6713702e-03  -2.9172536e-03  -6.8755244e-03   8.5454564e-05  -1.7822646e-04  -1.5767654e-04
  -6.3577249e-03   5.0740844e-02   9.2269200e-03   4.6961419e-04  -4.3307805e-04   4.2681776e-05
  -7.3183122e-04   5.1916087e-03   2.5551760e-02   2.5474723e-04  -3.9065099e-04   4.0952798e-04
  -7.4211074e-04  -1.4169303e-02   3.8952594e-02  -5.5249358e-04  -1.9303086e-04   2.1613014e-04
  -6.2485480e-03   1.5507029e-02   2.5452570e-02  -3.1561283e-04  -5.4746713e-04  -7.0214270e-05
  -8.1367174e-03  -8.7116623e-03   2.6465235e-02  -8.1103677e-05  -2.3785596e-04  -3.4836671e-04
  -1.1932932e-02   3.4691569e-02   5.4759765e-02   8.0597058e-04  -8.1792585e-05  -3.1024449e-04
  -1.5344046e-02   2.2998533e-02   1.8129425e-02   4.4356785e-04  -3.8205080e-04  -2.3730824e-04
  -8.7816852e-03  -8.8423082e-03   1.8807993e-02  -4.1294488e-04  -1.0874257e-04  -2.1004594e-05
  -1.0238589e-02  -1.2447873e-03   3.4756600e-02   2.1530297e-04  -4.4504318e-04   4.7823621e-05
  -1.2399948e-02  -9.0407739e-03   4.4817092e-02   2.1271179e-04  -6.7112554e-04   5.4358395e-05
  -4.0624235e-03  -5.1850619e-03   7.6625841e-02   3.4694376e-04  -4.7518920e-04  -1.0892478e-04
