   0.0000000e+00   0.0000000e+00   0.0000000e+00  -6.9388939e-18   4.3368087e-19   3.0092655e-36
  -7.2110870e-03  -1.8103855e-02   3.2036346e-03   1.0780682e-04  -6.8461232e-05  -2.7063379e-04
  -7.2449579e-03  -1.0231800e-02   1.2725437e-03   1.5821338e-04  -1.9650465e-04   1.2133440e-04
  -6.2223521e-04  -2.3338475e-02  -5.1480305e-04  -3.5876800e-05  -2.0318574e-04  -2.0838718e-04
  -1.1823251e-02  -1.9434876e-02  -2.6160231e-04   1.0524983e-03  -2.9720917e-04  -4.9901166e-04
  -1.1602817e-02  -1.1555349e-02   1.1096016e-02  -2.7381630e-04  -2.0057253e-04  -3.1243486e-04
  -1.1266164e-02  -1.0350811e-04   1.4652860e-02  -1.5713481e-04  -3.8286746e-04  -2.4342412e-04
  -1.2038100e-02  -1.6253535e-02   2.2473918e-02  -3.2517300e-04  -1.0459227e-04  -3.5945574e-04
  -8.9475843e-03  -1.5229208e-02   2.9113613e-02  -3.3531939e-04  -2.5896692e-04  -3.2782867e-04
  -4.3223483e-03  -3.6119039e-02   1.6778182e-02  -7.6070588e-05  -4.6944620e-04  -1.9064105e-04
  -8.7415254e-03  -2.1142861e-02   1.3172844e-02  -4.9791541e-04  -2.6222855e-04  -3.9887868e-04
  -8.7389189e-03  -1.9853289e-02   1.4769855e-02   2.9751270e-05  -4.2526276e-04  -3.3130537e-04
  -7.7715219e-03  -2.3628866e-02   1.8805052e-02   4.3229535e-06  -2.7603484e-05  -4.7010490e-04
  -5.9413392e-03   1.3695878e-03   1.0366485e-02  -1.5964528e-04   4.0886578e-05  -4.9552771e-04
  -6.4667240e-03   1.7067293e-03   1.6221046e-02   1.4078325e-06  -2.3853524e-05  -5.8599780e-04
  -8.0194353e-03   1.8267292e-02  -3.2375039e-03   3.9582545e-04  -2.7850974e-04  -1.1645148e-04
  -1.8007793e-02   2.6194834e-02   1.1373438e-02   2.2698679e-04  -1.3151774e-04  -1.8557848e-04
  -1.4604599e-02   1.0501804e-02   1.6788967e-02  -3.2096897e-05  -2.6616929e-04  -4.0096563e-04
  -1.5400021e-02   1.2737593e-02   1.2874793e-02   3.5464489e-05  -1.4168143e-04  -5.4006236e-04
  -1.9833851e-02   3.3521762e-02   1.3321684e-02   2.9078824e-04  -1.0357580e-04  -4.5674536e-04
  -9.2578127e-03   1.6191377e-02   2.4863482e-02   9.5647895e-05  -3.8724586e-04  -2.9980279e-04
  -1.3601677e-02   3.4690688e-02   2.4585053e-02   4.5007264e-04  -2.3352949e-04  -3.0359494e-04
  -9.9782866e-03   3.4463853e-02   1.2966387e-02   6.1388804e-05  -1.8504668e-04  -3.2492364e-04
  -7.3167308e-03   2.3088999e-02   1.6015650e-02   2.0475234e-04  -3.7013025e-04  -2.8804205e-04
  -1.0554909e-02   1.1492039e-02   1.8744068e-02   4.0477729e-04  -2.5849682e-04  -2.9064609e-04
  -1.2870872e-02   2.1341336e-02   1.3022667e-02   2.1114161e-04  -1.4278139e-04  -4.4210361e-04
  -9.1494449e-03   3.2778902e-02   5.3314060e-03   3.4683796e-04  -1.8123427e-04  -1.7760184e-04
  -7.9646093e-03   1.8242290e-02   1.6298238e-02   1.7996563e-04  -4.0326608e-04  -1.2106963e-04
  -5.1936062e-03   1.3264721e-02   1.8074966e-02   3.0753384e-04  -2.9633402e-04  -2.7582658e-04
  -8.9464598e-03   2.6267640e-02   1.8235084e-02  -5.6683632e-05   9.2953995e-05  -4.2451021e-04
  -3.9473825e-03   2.8298758e-02   5.9886652e-03   1.7283977e-04  -3.0984727e-04  -2.1759179e-04
  -4.2388942e-03   2.0344883e-02   3.3747289e-03   4.2729365e-04  -9.9456863e-05  -3.1158709e-04
  -7.6611117e-03   2.2014939e-02   4.6272568e-03   2.2128708e-04  -3.0519945e-04  -2.1237760e-04
  -5.2298146e-03   6.1683962e-04   1.7161459e-02   1.7084795e-04  -1.9225880e-04  -5.7659185e-04
  -6.8252422e-03   1.4257312e-02   2.5314042e-02   2.1760285e-04  -1.1363550e-04  -3.5865083e-04
  -5.5297606e-03   2.1689501e-02   9.2534496e-03   1.0689074e-04  -2.1236201e-04  -1.7498052e-04
  -5.7653986e-03   1.0616073e-02   1.1585388e-02   4.2493496e-04  -3.8785327e-04  -5.3894773e-04
  -1.2152161e-03   2.7472091e-02   5.2642426e-03   2.4896205e-04  -2.4910931e-04  -2.0923707e-04
  -8.2655466e-03   1.5470941e-02   2.0295408e-02   2.3823223e-04  -3.5586184e-04  -3.0448504e-04
  -6.2246705e-03   8.2635563e-03   2.0418359e-02   1.3060425e-04  -1.5986189e-04  -2.7330820e-04
  -4.9706359e-03   2.4192768e-02   1.2721554e-02   1.6297371e-04  -2.0785594e-04  -3.0005503e-04
  -4.2377863e-03   1.5987066e-02   1.3556814e-02   3.3040191e-04  -3.5140367e-04  -2.2585512e-04
  -5.9194203e-03   2.6519803e-03   1.4456012e-02   3.0315629e-04  -2.5496311e-04  -9.0378481e-05
  -5.2793416e-03   3.0902881e-02  -6.1037464e-04   8.5234144e-05  -1.8910972e-04  -7.3598464e-04
  -5.8074342e-03   2.4168552e-02  -2.9359918e-03  -3.3467334e-04  -3.6314985e-04  -4.7440791e-04
  -1.5175697e-02   3.0691604e-02   1.6092844e-02  -1.4317107e-04  -2.6360152e-04  -4.4697849e-04
  -3.1654888e-03  -3.1387483e-03   2.0819334e-02   2.0634831e-04  -2.2264777e-04  -3.8386246e-04
  -4.2951055e-03   1.7044872e-03   3.4631204e-02   1.7619231e-04   4.4860396e-05  -7.9164295e-04
   4.3046640e-03  -6.0830835e-03   2.0674342e-02  -9.1025592e-06  -1.5374947e-04  -4.5913803e-04
  -4.2731718e-03   2.3568696e-02   9.4293786e-03   2.4482907e-05  -3.1591106e-04  -4.6509640e-04
   5.8549324e-04  -4.0445250e-04   8.4698721e-03   1.8736557e-04  -3.8472274e-04  -3.9107188e-04
  -3.7100779e-03   5.2015838e-03   1.2191519e-02   9.0088491e-05  -2.6746320e-04  -3.9898125e-04
  -4.0331022e-03   6.1715183e-03   1.0002724e-02   1.9291252e-04  -3.3732416e-04  -4.3866575e-04
   6.3479645e-04   1.7653366e-02   1.2194943e-02   3.8227128e-05  -1.5106793e-04  -6.2722990e-04
  -3.4791968e-03   7.4355702e-03   1.5910583e-02   4.7228105e-04  -3.3195312e-04  -6.7096819e-04
   3.8252871e-03  -1.2932695e-03   5.4842479e-03  -1.3977033e-04  -2.4483620e-04  -4.6914609e-04
   1.4947136e-03   6.3855032e-03   4.6043284e-03   5.1252704e-05  -3.9175914e-04  -4.7703179e-04
  -9.2422498e-05   5.0355552e-05   1.0273918e-02   1.0757898e-04  -2.1379255e-04  -5.2658281e-04
  -3.4364601e-03   1.3699809e-02   7.6989089e-03   1.4015664e-04  -3.4173723e-04  -3.0637439e-04
  -1.6703032e-03   2.8907716e-02   1.5795112e-02   1.3645049e-04  -4.3802049e-04  -3.4483718e-04
  -9.1401425e-03   2.0783422e-02   5.6970589e-03  -6.6372792e-05  -4.9201219e-04  -1.2280117e-04
  -3.9685240e-03   3.0808818e-02   5.1972118e-04   8.3362020e-05  -5.3944607e-04  -1.8290881e-04
  -6.8811369e-03   1.3187467e-02   9.3943687e-03   1.4504238e-04  -3.2212919e-04  -1.6654783e-04
   2.2494299e-03   1.2144227e-02   1.5189376e-02   1.2083389e-05  -4.0707178e-04  -3.6140514e-04
   3.2570576e-03   1.3829287e-02   1.1414615e-02   2.8694379e-04  -3.8871413e-04  -3.3819648e-04
  -3.9472891e-04   1.2665093e-02   1.2555008e-02   1.4992701e-04  -2.8569987e-04  -4.1900211e-04
   8.2985726e-04   3.6728250e-03   5.3605329e-03   6.0701821e-05  -5.6109152e-04  -3.7844689e-04
  -6.8766365e-03   3.4228781e-03   2.4004365e-02   5.2854313e-04  -4.2864664e-04  -3.5782115e-04
  -6.8148949e-03   1.6558224e-02   2.4019416e-03  -2.2413024e-04  -6.1625906e-04  -2.9693600e-04
  -1.2733108e-02   9.8245441e-03   3.7177472e-03   3.7414775e-04  -3.6306086e-04  -2.5809078e-04
  -1.3413998e-02   1.0953745e-02   2.0284833e-02   1.0320572e-04  -2.2246548e-04  -5.2288807e-04
  -3.8562518e-03   1.2986384e-02   1.3937609e-02   3.0378026e-04  -5.2893506e-04  -2.2863744e-04
   5.1088349e-04   1.3611453e-02   7.0317051e-03   3.0548369e-04  -5.7139180e-04  -3.6602014e-04
  -2.0867183e-03   2.6252806e-03   4.1939786e-03   1.4685252e-04  -3.5850228e-04  -2.6555417e-04
  -9.4621767e-03   3.5496554e-02  -7.7874941e-04   3.6765332e-04  -4.2753654e-04  -5.8471115e-04
  -8.3546163e-03   3.2287270e-02   7.0141181e-03   1.4646900e-04  -3.6889417e-04  -5.0143147e-04
  -9.2648581e-03   1.0658980e-02   2.0161401e-02   4.4267352e-04  -5.5176767e-04  -5.3777113e-04
  -9.1918961e-03   1.0624940e-02   7.8185523e-03   2.4348747e-04  -3.8639154e-04  -3.6486256e-04
  -5.2924981e-03   1.4781918e-03   1.6826014e-02   5.2710710e-04  -5.2226197e-04  -5.4927416e-04
  -8.1853004e-04   3.5620398e-02   1.0914197e-02   4.1920873e-04  -4.9957244e-04   7.3752148e-05
  -8.4133654e-03   1.5130939e-02   8.6102108e-03   3.6051814e-04  -5.6442690e-04  -3.5437457e-04
  -1.1815355e-02   2.0850324e-02   1.4280172e-02  -2.3290985e-04  -1.6351849e-04  -3.5488320e-04
  -1.1648138e-02   1.6497516e-02   1.4500140e-02  -5.8171116e-05  -3.9930811e-04  -3.6621086e-04
  -8.9138317e-03   1.3068978e-02   1.6851709e-02   3.6485483e-05  -2.8535984e-04  -4.2707958e-04
  -1.6939120e-02   2.1547686e-02   1.8942778e-02   1.6259660e-04  -2.3848306e-04  -4.6460480e-04
  -6.1251972e-03  -6.4359943e-03   1.0913700e-02  -1.8975950e-04  -4.6393834e-04  -4.4934313e-04
  -9.5683416e-03   2.8134922e-02   1.0998387e-02  -6.8014343e-05  -2.9128769e-04  -5.0264665e-04
  -1.0152621e-02   1.0690325e-02   1.7859363e-02   2.8697540e-04  -6.0301577e-04  -2.0010011e-04
  -8.7732707e-03   1.5753663e-02   1.9164963e-02  -9.6552969e-05  -3.8561360e-04  -7.7474164e-05
  -1.1373689e-02   1.8178679e-02   1.0220643e-02   3.8819385e-04  -5.1080452e-04  -2.9239255e-04
  -1.0442974e-02   1.2699860e-02   2.0252587e-02   7.4696648e-06  -5.2656596e-04  -2.9125356e-04
  -1.5028194e-02   3.6373494e-02   1.3088253e-02   3.2272901e-05  -3.0480478e-04  -5.3874575e-04
  -1.1868113e-02   1.7835881e-02   2.3536508e-02   1.9206464e-04  -3.8095099e-04  -4.9104095e-04
  -7.5009160e-03   1.6262959e-02   2.1477492e-02   2.7939188e-04  -4.8468672e-04  -6.1223075e-04
  -5.6315251e-03   1.6850764e-02   1.2013169e-02   2.0183809e-05  -6.5525538e-04  -3.0382519e-04
  -8.2221703e-03   1.6121048e-02   1.4892245e-02   1.3877412e-04  -6.3838744e-04  -2.7062642e-04
  -3.7928470e-03   1.4008255e-02   1.7581480e-02   7.5130231e-05  -5.1291814e-04  -5.7564818e-04
  -5.3294978e-03  -3.0429565e-03   1.2814559e-02  -5.3456859e-05  -6.7664762e-04  -4.5573330e-04
  -7.6539309e-03   2.8731811e-04   1.2852892e-02   2.5298683e-04  -6.2152263e-04  -2.1347216e-04
  -4.0050281e-03   1.0548226e-02   8.9377174e-03  -2.0136467e-05  -6.3635020e-04  -6.7517460e-04
  -5.4359000e-03   8.6087967e-03   6.2464298e-03   3.1030189e-04  -6.3282467e-04  -5.5204702e-04
   9.4873615e-04  -5.1096032e-03   6.6589427e-03  -1.8879828e-04  -4.5977957e-04  -3.2418475e-04
  -1.3191538e-02   1.8411635e-03   6.3150898e-03   2.3219576e-04  -4.6375770e-04  -3.5235299e-04
  -3.2330238e-03   3.7228787e-03   7.4475389e-03   3.7720180e-05  -6.4987014e-04  -5.2880550e-04
  -8.2824432e-03   2.6271371e-02   9.8319998e-03   8.1607363e-05  -5.5003951e-04  -4.7394982e-04
  -7.2074858e-03   2.0368709e-02   1.4428500e-02  -1.9754594e-05  -5.5481650e-04  -4.4734913e-04
  -1.0883116e-02   1.9580594e-02   1.8858569e-02   1.1333612e-04  -3.2445538e-04  -6.1868378e-04
  -6.2129931e-03   3.2108016e-03   1.0649521e-02   1.6152298e-04  -5.2903941e-04  -4.1077397e-04
  -1.3711535e-02   2.2120958e-02   1.0019034e-02   1.0505106e-05  -5.7906091e-04  -3.6575988e-04
  -9.6190897e-03   9.6080048e-03   1.3931985e-02   2.1210836e-04  -5.1190354e-04  -5.3839963e-04
  -7.5470280e-03   2.0889503e-03   8.4800193e-03  -1.3567123e-04  -5.3622049e-04  -4.7029284e-04
  -9.2812269e-03   1.6121741e-02   1.6456594e-02   6.6091160e-05  -4.9014577e-04  -5.4481664e-04
  -1.7254929e-02   2.1278510e-02   2.1509096e-02   1.5897696e-04  -5.2441942e-04  -3.8411310e-04
  -1.4608990e-02   2.1764440e-02   2.0328603e-02   1.2303506e-05  -3.2633467e-04  -5.4779888e-04
  -8.0733944e-03   1.0885953e-02   2.2942143e-02   1.9308604e-04  -6.4754875e-04  -4.8176595e-04
  -5.4030771e-03  -4.7726865e-03   1.8402369e-02  -1.0240610e-04  -3.5986439e-04  -3.8149546e-04
  -1.0241217e-02   1.0881767e-02   1.9454364e-02  -2.1247169e-04  -2.6490065e-04  -8.9916943e-04
  -9.8660987e-03   1.4203954e-02   1.9518611e-02  -1.5792379e-05  -6.1006979e-04  -4.8559072e-04
  -1.2362784e-02   1.7299843e-02   1.1603167e-02  -1.2376027e-04  -6.3111259e-04  -4.3726639e-04
  -1.2722715e-02   9.4686105e-03   2.1543339e-02   2.5467692e-05  -5.3522360e-04  -5.4439016e-04
  -6.6142162e-03  -9.4457451e-03   1.7288868e-02   1.6936002e-04  -5.7473499e-04  -3.9380715e-04
  -8.2017930e-03  -1.4139640e-02   1.8346539e-02  -1.7880446e-06  -4.5034247e-04  -4.7954150e-04
  -1.0996386e-02   2.9851182e-02   1.6107011e-02   5.6292093e-04  -6.5314153e-04  -3.8403276e-04
  -4.7392076e-03  -7.0782309e-03   2.1250330e-02   1.4996990e-04  -3.7469615e-04  -6.1839204e-04
  -1.8606834e-02   1.3083414e-02   5.9619874e-03   3.3105961e-04  -3.7625973e-04  -2.3736050e-04
  -9.7320929e-03   3.4745612e-03   1.8099493e-02   3.4530165e-04  -5.5006635e-04  -4.3819866e-04
  -1.2751109e-02   3.3660527e-03   1.6017902e-02   1.4720681e-04  -4.9172686e-04  -4.3834256e-04
  -1.2748680e-02  -1.0237414e-02   3.3920889e-02   2.1364692e-04  -2.1308264e-04  -6.9890870e-04
  -1.0190669e-02  -1.1876001e-02   1.8372524e-02   9.3139778e-05  -4.0064237e-04  -4.9420056e-04
  -7.2687953e-03  -1.5196515e-02   1.9985965e-02   1.5671054e-04  -3.6906472e-04  -5.1115573e-04
  -1.2595755e-02   3.4146226e-02   1.8863570e-02   4.2030054e-04  -2.3665427e-04  -5.1412368e-04
  -1.4881800e-02   9.8828578e-03   2.1547344e-02   4.1142366e-04  -1.8160081e-04  -4.9417832e-04
  -9.8388829e-03  -9.1591363e-03   3.1358657e-02   2.2328125e-05  -3.0058439e-04  -6.7128121e-04
  -7.5911589e-03  -6.5202441e-03   2.7988953e-02   1.3445740e-07  -4.5910015e-04  -1.7492969e-04
  -6.1376622e-03  -6.1255918e-04   2.4585811e-02  -1.2154779e-05  -4.2527163e-04  -5.8661845e-04
  -9.4141748e-03  -8.0923490e-03   2.5406415e-02  -3.4446159e-05  -5.1573114e-04  -5.2883210e-04
  -6.5632899e-03  -1.9798451e-02   2.5408646e-02   3.7398481e-06  -3.3857688e-04  -5.2862035e-04
  -1.2968355e-02   1.8122458e-03   2.4276941e-02  -1.0584200e-04  -3.2991682e-04  -4.3139804e-04
  -1.3146953e-02   1.7869291e-02   9.7454928e-03   3.1072921e-04  -4.7215330e-04  -3.1522938e-04
  -1.4238150e-02  -1.3374583e-03   1.2653648e-02   1.1470008e-04  -3.9685717e-04  -3.5974838e-04
  -8.9874403e-03   1.4996001e-04   1.1261476e-02  -1.7251797e-04  -1.4844308e-04  -3.9313443e-04
  -2.2325149e-02   1.4200990e-03   1.2665135e-02   2.4590515e-04  -5.2559450e-04  -3.6654381e-04
  -2.7962367e-03  -3.1514001e-02   1.8261505e-02   1.0691679e-03  -7.8719089e-04  -3.7218176e-04
  -5.4641186e-03  -1.9412762e-02   1.9574239e-02   8.3769326e-06  -3.3553627e-04  -8.6162653e-04
  -1.2946868e-02   1.6929155e-02   1.6902556e-02  -2.0260015e-05  -4.3266146e-04  -4.2207580e-04
  -2.0023280e-02  -1.3269583e-03   3.1561813e-02   3.0994751e-04  -1.7471293e-04  -5.4429319e-04
  -9.9008444e-03   6.3210156e-03   2.6915247e-02  -4.8444544e-05  -4.2440787e-04  -4.2175648e-04
  -1.2291042e-02   8.5947774e-03   3.1475848e-02   8.0396918e-05  -5.8388766e-04  -3.3900208e-04
  -8.7274375e-03  -3.1253563e-03   2.2613594e-02   1.7947447e-04  -3.5405253e-04  -4.7060305e-04
  -1.6680768e-02   5.5264657e-03   1.9049929e-02  -1.2177574e-05  -2.7100795e-04  -5.7910828e-04
  -1.6553734e-02   1.8602239e-02   2.0825988e-02  -8.0322907e-05  -3.8015591e-04  -6.1953322e-04
  -1.5118321e-02   1.1330537e-02   3.0785869e-02   2.2405657e-04  -4.2762279e-04  -4.7750922e-04
  -9.6397140e-03  -2.8380631e-03   2.8673392e-02   2.6864733e-04  -3.2814700e-04  -5.8711902e-04
  -4.9908287e-03   2.6389499e-03   2.5097211e-02   2.1902686e-04  -7.8594095e-04  -3.1598583e-04
  -1.1514020e-02   8.8359193e-03   1.6080091e-02  -2.0410044e-05  -3.7810285e-04  -3.8981903e-04
  -1.5045498e-02   2.6486230e-02   1.7075991e-02  -1.2078652e-04  -3.5467601e-04  -4.4908445e-04
  -9.9878697e-03   8.7466823e-03   2.3426067e-02   1.2496223e-05  -3.9423013e-04  -4.6231296e-04
  -4.9247412e-03   1.4949138e-02   1.7250045e-02   2.5170283e-05  -5.7512937e-04  -2.8679143e-04
  -6.5831297e-03  -2.6908043e-03   2.4506207e-02   1.5632218e-04  -3.3384898e-04  -6.0398872e-04
  -5.5675514e-03  -6.0137558e-03   2.3629445e-02   2.9050313e-04  -4.6413879e-04  -5.5174053e-04
  -7.9033715e-03  -6.8913263e-03   2.7318568e-03   2.2648954e-04  -6.6037594e-04  -2.2900811e-04
  -1.0830685e-02  -1.2452391e-02   2.2239768e-02   3.5465567e-05  -3.2375699e-04  -2.6143826e-04
  -1.5058047e-02   2.3277230e-02   1.8395957e-02  -7.1546123e-05  -1.9567108e-04  -4.6678907e-04
  -1.1829060e-02   4.7865009e-03   3.2957950e-02   1.3491109e-04  -3.1065519e-04  -6.3520262e-04
  -1.1750803e-02  -8.1322574e-03   2.9056005e-02   4.4262232e-05  -4.2463890e-04  -4.9099467e-04
  -1.3255635e-03   2.4975882e-03   2.3446801e-02  -1.8873066e-04  -6.7485497e-04  -2.0706773e-04
  -6.5961934e-03  -1.9645265e-02   2.4751807e-02   3.2426250e-05  -1.2697037e-04  -6.3056868e-04
  -1.4531985e-02   1.8702248e-02   2.9673651e-02  -2.1860644e-04  -3.4241249e-04  -4.1322687e-04
  -1.5892465e-02   1.0764131e-02   2.3454591e-02  -6.3752047e-06  -3.8301372e-04  -7.0808341e-05
  -1.5745178e-02   7.9154579e-03   3.0587022e-02   1.3148430e-04  -2.8251366e-04  -5.3851913e-04
  -1.8449296e-02   2.9646581e-03   2.9210875e-02  -6.8649821e-05  -2.4598643e-04  -6.1435666e-04
  -1.7546755e-02   1.5052269e-02   3.0630603e-02   7.8403416e-05   2.8073325e-05  -6.5754805e-04
  -1.6174657e-02   1.7709301e-02   2.5936590e-02  -5.2320909e-05  -2.3378658e-04  -4.6230382e-04
  -1.3813741e-02   1.2366786e-02   2.9836596e-02  -9.7803861e-05  -2.3391192e-04  -5.4801875e-04
  -1.2632580e-02   1.3555193e-02   2.7721799e-02  -1.2167712e-04  -3.1110446e-04  -5.6942679e-04
  -1.5872954e-02   2.6128670e-02   3.5123119e-02   4.4021229e-04  -3.4841502e-04  -3.8427404e-04
  -5.8578007e-03   1.6313203e-02   3.3998396e-02  -2.4307465e-04  -2.6601408e-04  -6.2544834e-04
  -9.8255823e-03   1.3415597e-02   3.2229365e-02   6.4989340e-05  -5.0503056e-04  -2.9608565e-04
  -1.4041388e-02   1.8647038e-02   2.6180084e-02  -2.0264673e-04  -3.0418708e-04  -5.6056958e-04
  -1.0125379e-02   1.4614032e-02   1.3689243e-02   2.8739558e-04  -2.1683658e-04  -4.9255062e-04
  -8.4487739e-03   2.3345414e-02   1.6196869e-02  -2.3414745e-04  -2.8445836e-04  -5.5906076e-04
  -1.3961376e-02   2.7633258e-02   2.0502595e-02   2.1328562e-04  -3.4512810e-04  -3.7658454e-04
  -1.4002486e-02   1.1197677e-02   2.7134600e-02  -6.3702141e-05  -1.4349538e-04  -6.9973028e-04
  -9.7383683e-03   1.0628981e-02   3.1262115e-02  -8.9943564e-06  -3.4839111e-04  -6.5909673e-04
  -1.2438702e-02   1.1610826e-02   2.5872838e-02  -3.7163040e-05  -3.3552029e-04  -2.2377775e-04
  -1.2423605e-02   8.8927397e-03   2.4289640e-02  -2.0032406e-04  -4.2227417e-05  -7.0638064e-04
  -9.5922790e-03  -6.5653340e-03   1.6569983e-02   1.7456243e-04  -2.2138672e-04  -6.4394380e-04
  -2.1317949e-02   1.3448975e-02   2.0233464e-02  -2.6810835e-04  -3.2908307e-05  -5.8115646e-04
  -2.2036659e-02   1.4213702e-02   3.1506741e-02   3.6613120e-04  -1.0466832e-04  -5.0780078e-04
  -9.7209732e-03   1.2575453e-03   3.1197060e-02  -1.5829430e-05  -2.5940352e-04  -5.2336785e-04
  -6.9431508e-03  -1.0659231e-02   2.5196277e-02   8.0968250e-05  -5.0749569e-04  -4.4248593e-04
  -4.3367495e-03  -1.9984723e-02   2.1703879e-02  -2.6163546e-05  -4.0509652e-04  -4.7714613e-04
  -7.4477070e-03  -2.4962513e-02   2.5316970e-02   1.4333558e-04  -2.4238132e-04  -5.1724763e-04
  -1.9479963e-02   2.6380772e-03   3.3044220e-03   1.9010287e-06  -6.5513214e-05  -7.9717509e-04
  -1.4944529e-02   1.4978893e-02   2.9605687e-02  -1.3476889e-05  -7.5665593e-05  -5.6477429e-04
  -1.7989415e-02  -3.4548320e-02   1.8835386e-02   4.5052107e-04  -2.5405035e-05  -1.0657692e-03
  -1.2059285e-02  -2.3312068e-03   3.8274989e-02  -3.4113953e-04  -7.1036945e-04  -2.1998028e-04
  -5.8701411e-03  -1.8437079e-02   3.1759157e-02  -1.2540661e-05  -4.4526530e-04  -5.9532569e-04
  -6.9850082e-03  -8.3806193e-03   2.4920385e-02  -1.6808137e-04  -4.1136559e-04  -4.4053471e-04
  -9.8255356e-03   3.0164016e-03   2.5321278e-02  -3.8486230e-05  -4.1591324e-04  -3.8759926e-04
