   0.0000000e+00   0.0000000e+00   0.0000000e+00   0.0000000e+00   0.0000000e+00   0.0000000e+00
  -2.5724671e-03   6.4585371e-03  -1.7398665e-02   3.9930757e-04  -3.4616354e-04   1.0042903e-04
  -2.4923879e-03   1.6003591e-02  -2.2069691e-02   6.4135610e-04  -2.9818056e-04   1.4254297e-04
  -1.3199793e-03   5.8811510e-03  -3.5031374e-03   4.5626780e-04  -1.0987028e-05   5.5058215e-05
  -5.5296203e-03   2.0002611e-02  -2.7412684e-02   4.7725734e-04  -2.5445857e-04   9.2595820e-05
  -2.9156212e-03   9.0618698e-03  -2.4670307e-02   8.7859148e-04  -7.1671650e-04   1.7650292e-04
  -3.3750973e-03   1.4141609e-02  -3.9610043e-03   7.2912628e-04  -1.7689132e-04   6.0631603e-05
   7.6605385e-05   9.0117941e-03  -1.3181543e-02  -2.6759660e-05  -7.5268896e-05   1.4624521e-04
  -6.7283841e-03  -2.8002232e-03  -1.9483079e-02   5.2923817e-04  -4.6588705e-04   6.8924594e-05
  -5.8180997e-03   1.8457076e-02  -2.3883851e-02   8.3966858e-04  -6.9704838e-04   2.2107853e-04
  -4.2359842e-03   6.4352774e-03  -5.5925267e-03   9.0017405e-04  -4.3048265e-04   3.8252667e-05
   6.4969238e-04  -5.8336328e-03  -1.2900165e-02  -1.1561517e-04  -1.5652586e-04   1.4883213e-04
  -1.2327493e-03   9.2571662e-03  -2.1628389e-02   2.5471125e-04  -2.7885287e-04   1.1871663e-04
  -3.1944962e-03   1.9468902e-02  -3.7088381e-02   1.0019527e-03  -5.6237739e-04   9.4230224e-05
  -2.6254290e-03   2.0437706e-02   1.7325834e-03   7.9680398e-04  -2.6632158e-04   1.7138068e-05
  -3.4318000e-03   1.5972218e-02  -1.8257562e-02   3.0260390e-04  -1.6281702e-04  -6.1726446e-05
  -8.1042145e-03   9.4656708e-03  -3.2610483e-02   5.0599746e-04  -3.7350528e-04   3.5146543e-05
  -7.0290424e-03   1.8510160e-02  -1.7676241e-02   8.9519110e-04  -3.7055647e-04  -2.3588497e-05
  -3.4295714e-03   2.9691849e-02  -7.5015311e-03   6.1668678e-04  -2.0452264e-04   5.7384856e-05
   1.7146800e-03   1.4260814e-02  -1.3371975e-02   1.0997696e-04  -1.1552211e-04   1.3663969e-04
  -1.8705233e-04   1.3416298e-02  -3.4294751e-02   4.6417272e-04  -3.5666614e-04   1.9365564e-04
  -3.8973019e-03   1.6001565e-02  -3.3537396e-02   8.2269748e-04  -4.1726531e-04   8.4057610e-05
  -3.1745694e-04   1.7023490e-02  -1.3630055e-02   3.8711187e-04  -2.3603522e-04  -4.5411528e-05
  -5.3608388e-04   1.2660074e-02  -1.4351538e-02   2.2570686e-04  -1.7761560e-04   4.2877707e-05
  -9.3683903e-03   1.8215060e-02  -3.2006542e-02   4.5685410e-04  -3.0204455e-04  -1.9848912e-04
  -4.0896897e-03   1.7383104e-02  -3.7558532e-02   8.2886222e-04  -4.6392464e-04   8.5482913e-05
  -1.8540346e-03   1.4824155e-02  -1.4568898e-02   4.1412245e-04  -2.0813155e-04  -2.0418467e-05
   9.1344250e-04   9.2053670e-03  -2.9954949e-02   1.3311893e-04  -1.8521285e-04   7.7808754e-05
  -1.4513847e-03   2.6260289e-02  -3.7267753e-02   8.1383549e-04  -5.6639236e-04   2.0075233e-04
   6.1075975e-04   1.7536418e-02  -2.9783554e-02   6.7675115e-04  -4.7916696e-04   1.7563627e-04
   4.7949745e-03   6.6017156e-03  -1.4127738e-02   2.2537917e-04  -1.2242523e-04   1.3228122e-04
   3.8914347e-03   8.6926748e-03  -2.7382201e-02   9.3790670e-05  -8.2578377e-05   2.0407983e-04
  -2.6960595e-04   2.5876907e-02  -3.5582444e-02   5.8715603e-04  -2.0166850e-04   7.4650153e-05
  -3.8070914e-03   1.4360672e-02  -3.2471511e-02   8.6732636e-04  -4.2215328e-04  -1.1832851e-05
   3.1429102e-04   1.5949333e-02  -1.9899699e-02   5.4710570e-04  -3.2544310e-04   4.2064534e-05
  -2.5849577e-03   8.7537166e-03  -2.5460143e-02   9.2151354e-05  -1.6044294e-04   7.7116165e-05
  -8.8420463e-03   7.7431112e-03  -3.5692096e-02   5.6516357e-04  -3.1675509e-04  -1.0903130e-04
  -1.1009917e-02   2.2176522e-02  -3.2840606e-02   9.5586119e-04  -6.4634722e-04  -2.7139235e-05
  -7.9331371e-03   2.1923008e-02  -1.8923595e-02   6.9649075e-04  -3.4957373e-04   1.3907364e-04
  -8.6683512e-03   1.7272702e-02  -3.1375753e-02   2.7320376e-04  -2.6784789e-04   3.2852078e-05
  -7.7958886e-03   1.0821553e-02  -3.6645775e-02   5.7621224e-04  -3.1236733e-04   1.7321401e-04
  -8.7335017e-03   1.5308654e-02  -3.6809520e-02   6.8930536e-04  -3.5004855e-04   2.7475587e-04
  -6.6066175e-03   2.4815765e-02  -2.4338848e-02   5.8200926e-04  -1.6677438e-04   2.9302424e-06
  -6.8997187e-03   1.6610637e-02  -3.5275255e-02   5.5049002e-05  -2.9446023e-05   5.2116724e-05
  -8.1868867e-03   2.6916460e-02  -3.7641217e-02   6.2261005e-04  -3.7756081e-04   2.1997111e-04
  -1.0239429e-02   2.6964698e-02  -3.3171249e-02   1.0856054e-03  -5.2290571e-04   5.2235570e-06
  -6.5594704e-03  -2.7323289e-03  -1.6192306e-02   4.9521522e-04  -2.3342178e-04  -5.1117163e-05
   8.8446583e-04  -9.4339503e-03  -2.6826094e-02  -2.1492169e-04  -4.6084523e-04   2.5660078e-04
  -6.7059895e-03  -6.5542900e-04  -4.8861906e-02   4.1059623e-04  -4.1885402e-04   3.4452766e-06
  -6.1500787e-03   1.7577327e-02  -3.5579635e-02   8.5122773e-04  -4.7192288e-04   9.0971952e-05
  -4.6107293e-03   8.3407739e-03  -3.3962918e-02   7.1679729e-04  -2.4544692e-04  -5.1151627e-05
  -4.1590056e-03   2.8836310e-03  -3.1852514e-02   1.7037848e-04  -3.2683593e-05  -4.7246071e-05
  -5.5049851e-03  -1.1263485e-02  -4.3373205e-02   3.8925435e-04  -6.4507436e-05  -2.6549204e-04
  -2.4883330e-03  -2.7530502e-03  -4.0870926e-02   7.3076817e-04  -5.0986088e-04   7.6270675e-05
  -5.5067296e-04  -3.8454750e-03  -3.0157074e-02   1.1767925e-04   3.4807585e-05   4.7606465e-05
  -8.8731795e-03   2.0523761e-03  -5.0525382e-02   4.1265955e-04  -7.4147890e-05  -9.9639023e-05
  -6.7620095e-03   9.5765371e-03  -4.0219508e-02   5.5484866e-04  -4.3517597e-04   1.1424051e-05
  -5.0215027e-03   6.9584411e-03  -2.7522399e-02   5.0446896e-04  -1.0254639e-04  -8.3532650e-05
  -4.6884217e-03  -2.9055004e-03  -3.4663984e-02   3.6199192e-05  -5.4696133e-05  -1.0523256e-05
  -9.3398478e-03   4.2255812e-03  -5.4035357e-02   4.6632857e-04  -2.4726711e-04  -1.0729939e-04
  -3.4819456e-03   1.2638016e-02  -3.7452867e-02   7.3462487e-04  -3.0174157e-04   2.3612243e-05
   3.4242115e-03   9.7497735e-03  -2.3932327e-02   5.7899428e-04   4.2001368e-05   9.8434666e-05
   2.6140209e-03   8.2088151e-03  -4.6191983e-02   1.8970095e-04   6.0695490e-05   1.3018744e-04
  -2.5124216e-03   5.1071429e-03  -4.9003099e-02   3.0856231e-04  -7.6444401e-05   1.4217741e-04
  -9.5858128e-03   6.2130199e-03  -5.9910653e-02   8.0486782e-04  -3.6118663e-04  -9.1908759e-05
  -4.2867485e-03   2.3396673e-03  -3.0141339e-02   7.8625232e-04  -4.7705200e-04   8.1709333e-05
  -3.1405132e-05   4.7097147e-03  -2.4586176e-02   4.1007307e-04  -2.0365634e-04  -7.5363169e-05
   2.1265244e-03   2.1926174e-03  -4.0867524e-02   8.1501827e-05  -9.5769152e-05   8.1013256e-05
  -5.5118416e-03   1.0935936e-02  -6.0318281e-02   7.6358893e-04  -4.5237333e-04   5.7277678e-05
   7.6923144e-04   7.9966404e-03  -2.2490279e-02   6.4017466e-04  -3.4849040e-05  -1.0455087e-04
   1.8607365e-03   4.2186251e-03  -4.1594389e-02   1.6743551e-04  -8.7661147e-05   7.1778528e-05
  -4.9036302e-03   9.3273677e-03  -6.6870293e-02   6.0189120e-04  -3.7142639e-04   1.0053244e-04
  -7.8196678e-03   1.6505710e-02  -5.6993221e-02   9.6583958e-04  -4.0871666e-04   7.9401262e-05
  -4.7101355e-03   4.9599494e-03  -3.4032819e-02   8.2432616e-04  -3.0714732e-04   9.5291884e-05
  -1.9614503e-03  -2.0462688e-03  -2.8651893e-02   3.8652885e-04  -2.0463473e-04   6.8347386e-05
  -2.5462782e-03   8.9540767e-03  -4.6571193e-02   7.8764790e-04  -4.2384514e-04   1.6069554e-04
  -7.3961821e-03   1.1247043e-02  -4.1976294e-02   1.0211790e-03  -3.4240933e-04   5.3837532e-05
  -1.5544243e-03  -7.4450175e-04  -4.7003291e-02   1.9221778e-04  -3.2606780e-04   2.0307956e-04
  -7.7072027e-03   8.3662078e-03  -5.8522956e-02   8.8060888e-04  -5.3035337e-04   1.3418428e-04
  -7.5365882e-03   7.7051376e-03  -4.1375963e-02   1.1641528e-03  -4.8698351e-04   1.3315528e-04
  -4.9418113e-03   1.0206069e-02  -3.2693577e-02   8.5418213e-04  -3.8950941e-04   1.1326524e-04
   6.7215590e-04   5.7153668e-03  -4.5640793e-02   8.8327235e-04  -3.8760237e-04   2.0571726e-04
  -7.3085067e-03   9.2245856e-03  -7.0404389e-02   1.2509356e-03  -9.6379888e-04   2.1140106e-04
  -7.1865760e-03   8.3116521e-03  -4.7253366e-02   1.2104849e-03  -7.9420261e-04   2.9056329e-04
  -4.2897077e-04  -1.6666809e-03  -3.4997293e-02   4.4624184e-04  -5.1467063e-04   1.8827434e-04
  -1.4340468e-03   4.0279728e-03  -7.6439831e-02   9.8896964e-04  -7.9871939e-04   3.6521553e-04
  -3.2008464e-03   3.3901812e-03  -6.5170662e-02   1.1425894e-03  -8.0469090e-04   4.1898489e-04
  -1.5536221e-03  -1.6882058e-03  -2.5891721e-02   7.8090987e-04  -6.7636439e-04   2.0010133e-04
  -4.8232391e-04  -1.6960072e-03  -4.9748789e-02   6.9297423e-04  -8.8436461e-04   4.7039513e-04
  -1.1147914e-02   2.7378959e-04  -6.6907887e-02   1.3970572e-03  -1.0300196e-03   2.6842822e-04
  -1.0772158e-02  -5.5811857e-03  -3.9918216e-02   1.0431877e-03  -5.7506807e-04  -7.6384856e-05
  -6.5650512e-03  -7.7633319e-03  -4.0061333e-02   5.3132880e-04  -8.6358313e-04   3.3023164e-04
  -9.2767017e-03   8.4800953e-03  -6.8245931e-02   1.0793751e-03  -8.4220539e-04   2.0931087e-04
  -7.8113979e-03   8.1215053e-03  -4.9703655e-02   1.4389790e-03  -1.0231766e-03   2.4312165e-04
  -9.8026413e-03   2.5952051e-03  -3.1198695e-02   1.3734626e-03  -8.6151742e-04   2.3004592e-04
  -4.4198888e-03  -1.0871546e-03  -5.2352212e-02   8.2850265e-04  -9.7655041e-04   3.4308333e-04
  -9.5485550e-03  -6.5503688e-03  -6.6175663e-02   6.5122516e-04  -9.9909093e-04   3.8282037e-04
  -1.3031858e-02  -1.3027803e-04  -6.1469678e-02   1.2074361e-03  -1.1645549e-03   4.4356934e-04
  -1.2738527e-02  -4.6133287e-03  -3.4781863e-02   7.9422275e-04  -1.0210151e-03   3.0969329e-04
  -8.1090650e-03  -4.4353060e-03  -4.1044366e-02   7.1192233e-04  -9.6467066e-04   4.6911849e-04
  -1.3283451e-02  -8.1501240e-03  -4.3769263e-02   6.9845772e-04  -8.2096561e-04   2.4916115e-04
  -5.5217280e-03   9.1562876e-04  -6.0764533e-02   1.4115410e-03  -1.7193152e-03   7.5046866e-04
  -1.0717017e-02   4.2930342e-05  -4.3022173e-02   1.2094839e-03  -1.1004494e-03   4.3832838e-04
  -8.1885224e-03  -1.0682179e-02  -3.2351547e-02   5.0732317e-04  -8.6992001e-04   4.1423955e-04
  -1.4803329e-02  -2.2422474e-03  -5.6746800e-02   9.9774234e-04  -7.4741805e-04   1.6938898e-05
  -1.1921274e-02  -4.7934112e-03  -5.1524496e-02   8.6134466e-04  -1.2324748e-03   5.2529256e-04
  -1.2473192e-02  -9.8790456e-03  -5.1113268e-02   8.4329266e-04  -1.2425882e-03   2.0768965e-04
  -1.0897726e-02   5.8023501e-03  -5.2508326e-02   1.3365113e-03  -1.0845741e-03   4.6981763e-04
  -7.1915212e-03  -8.2985290e-03  -3.9691945e-02   8.2276118e-04  -9.4958531e-04   4.1150550e-04
  -5.0574465e-03  -1.1650565e-02  -5.6453826e-02   5.9303182e-04  -1.0686749e-03   5.2197691e-04
  -9.7659099e-03  -3.6268949e-03  -6.1738564e-02   1.3819097e-03  -1.2447903e-03   3.6549739e-04
  -5.5591588e-03  -6.7601613e-04  -5.1246421e-02   1.1189384e-03  -1.2306115e-03   7.0727844e-04
  -8.2420882e-03  -1.2138965e-02  -4.4428323e-02   3.2017130e-04  -1.0415218e-03   4.8417872e-04
  -1.2176144e-02  -6.9136384e-03  -5.7172505e-02   7.4931425e-04  -1.3413487e-03   5.7962264e-04
  -1.1332719e-02  -9.5757414e-03  -5.5826254e-02   8.5125155e-04  -1.1175958e-03   4.2911303e-04
  -6.7255361e-03  -4.7095174e-03  -4.7047214e-02   4.4336334e-04  -1.1590667e-03   6.0163862e-04
  -1.6164037e-02  -7.7963677e-03  -6.3501016e-02   8.5812645e-04  -1.4159098e-03   5.1878474e-04
  -1.1463127e-02  -5.2281441e-03  -5.8205526e-02   8.6396140e-04  -1.1814243e-03   4.4561412e-04
  -1.3405436e-02  -2.4865911e-02  -4.0534911e-02   4.2003376e-04  -9.9421749e-04   1.5320849e-04
  -1.3907562e-02  -1.0027851e-02  -6.2444340e-02   2.8969255e-04  -1.1715879e-03   4.1429920e-04
  -1.3569254e-02   3.1123807e-03  -7.1386380e-02   8.3420379e-04  -1.5199282e-03   5.9321335e-04
  -1.1601802e-02   5.4072040e-03  -5.7916809e-02   1.2802461e-03  -1.5124551e-03   5.4167066e-04
  -9.5103580e-03  -7.3313578e-03  -4.2645920e-02   6.8878281e-04  -1.3137132e-03   4.7701295e-04
  -9.5984184e-03  -1.6204093e-02  -5.5384958e-02   3.4262137e-04  -1.2644296e-03   4.5495425e-04
  -2.0195423e-02  -2.2339339e-02  -5.8622105e-02   8.1902693e-04  -1.2990664e-03   3.8174172e-05
  -1.2207152e-02  -7.9295120e-03  -5.8753186e-02   8.4726548e-04  -1.2361041e-03   3.4903954e-04
  -8.0092160e-03  -2.3511507e-03  -5.1393782e-02   9.6906640e-04  -1.2612253e-03   3.3912155e-04
  -9.0945227e-03  -1.7106451e-03  -5.2680743e-02   5.7650955e-04  -1.3320583e-03   4.9101249e-04
  -1.5448562e-02   7.8660466e-04  -7.2512556e-02   8.2684174e-04  -1.3675981e-03   4.1969862e-04
  -1.2828949e-02   9.1302453e-03  -5.8179286e-02   1.2060657e-03  -1.3965712e-03   4.4431561e-04
  -1.1112359e-02  -2.1700057e-03  -5.6406848e-02   8.9462354e-04  -1.0714340e-03   2.2969891e-04
  -9.7900937e-03  -1.7807479e-02  -7.1716270e-02   2.3330116e-04  -1.3800891e-03   4.7421143e-04
  -1.4134367e-02  -5.1079118e-03  -7.9246950e-02   7.2998339e-04  -1.4336408e-03   3.6542795e-04
  -1.7810872e-02  -4.8872846e-03  -5.3190294e-02   9.6860139e-04  -1.3664597e-03   4.2391533e-04
  -1.3498337e-02  -1.5701983e-02  -4.5121490e-02   4.4560977e-04  -1.3148862e-03   4.4874057e-04
  -1.2496749e-02  -1.2006132e-02  -5.6736879e-02   3.9338463e-04  -1.4606508e-03   5.6938247e-04
  -1.4639364e-02  -6.4742950e-03  -6.4637891e-02   5.8553406e-04  -1.5559059e-03   3.4572074e-04
  -1.1433932e-02  -5.0055074e-03  -5.5558270e-02   7.0759807e-04  -1.3151351e-03   5.6921167e-04
  -1.0280166e-02  -1.3583129e-02  -4.2160500e-02   4.4927399e-04  -1.3166720e-03   4.2158651e-04
  -1.1080839e-02  -1.7028787e-02  -5.4580738e-02  -1.9896946e-04  -1.1783820e-03   4.0712870e-04
  -1.7401925e-02  -7.6317651e-03  -6.3717346e-02   5.3265285e-04  -1.3659650e-03   2.6050963e-04
  -1.3711385e-02  -1.2358313e-02  -5.3334116e-02   6.2898636e-04  -1.2224197e-03   2.6576188e-04
  -1.2069909e-02  -2.1073820e-02  -5.3664855e-02   2.1175925e-04  -1.3341094e-03   3.0954969e-04
  -1.2739572e-02  -2.1563564e-02  -6.4183709e-02   3.1076022e-04  -1.4826661e-03   5.1025924e-04
  -1.5215101e-02  -1.3196320e-02  -6.2767725e-02   3.3664555e-04  -1.4053600e-03   4.9407305e-04
  -1.1782202e-02  -1.0422186e-02  -5.4143785e-02   5.7279411e-04  -1.3764395e-03   5.1096513e-04
  -1.1508728e-02  -1.2180530e-02  -5.1895824e-02   2.2828387e-04  -1.2807664e-03   3.8693357e-04
  -1.2557728e-02  -1.3785873e-02  -6.4833562e-02   9.0972127e-05  -1.1324795e-03   3.4686073e-04
  -1.3965700e-02  -7.7952661e-03  -6.3109581e-02   5.0537138e-04  -1.3253010e-03   5.0234723e-04
  -1.7235405e-02  -5.6610230e-03  -6.6361416e-02   5.3955059e-04  -1.4392378e-03   3.0563078e-04
  -1.6083345e-02  -7.3167365e-03  -6.0990173e-02   6.8788987e-04  -1.4174391e-03   4.2708210e-04
  -1.0100265e-02  -7.4748276e-03  -5.2142095e-02   1.7143735e-04  -1.3308776e-03   5.9865867e-04
  -1.0551675e-02  -1.9689737e-02  -6.5711548e-02  -1.3383954e-04  -1.0543091e-03   3.3526467e-04
  -1.4310975e-02  -1.5296008e-02  -7.9286778e-02   4.3622175e-04  -1.3993665e-03   3.7030757e-04
  -1.4016244e-02  -1.3363668e-02  -5.5090832e-02   3.3398198e-04  -1.1543067e-03   4.2574510e-04
  -1.0195729e-02  -1.5850614e-02  -5.0060892e-02  -6.2148841e-04  -9.6420964e-04   3.0639437e-04
  -1.3718701e-02  -1.8556452e-02  -7.2171326e-02   7.5345877e-05  -1.0734626e-03   2.6811914e-04
  -1.2527921e-02  -1.5174499e-02  -5.9484666e-02   1.3167084e-04  -1.2432326e-03   4.1805105e-04
  -1.4605917e-02  -1.8245207e-02  -5.1515655e-02   1.0560194e-04  -1.1072182e-03   3.0895640e-04
  -9.5619057e-03  -1.4454996e-02  -5.5882700e-02  -3.6012920e-04  -1.0047707e-03   3.5386735e-04
  -1.8578505e-02  -1.9217367e-02  -7.6631537e-02   2.8375200e-04  -1.2602669e-03   1.9155250e-04
  -1.1422534e-02  -1.1154497e-02  -5.3761881e-02   1.0303719e-04  -1.1161852e-03   4.0029578e-04
  -9.5293678e-03  -1.4792704e-02  -5.3451455e-02   7.6717846e-05  -1.1932786e-03   5.3256857e-04
  -1.5520244e-02  -1.3679981e-02  -6.4965705e-02  -1.5987928e-04  -1.1348929e-03   3.6926829e-04
  -1.4365797e-02  -1.0072767e-02  -6.6289942e-02   7.2980793e-06  -1.2430120e-03   4.1816024e-04
  -1.1702864e-02  -1.4738200e-02  -4.7503000e-02  -9.0037128e-05  -1.0903782e-03   4.1782203e-04
  -9.6915754e-03  -1.9568544e-02  -5.4202733e-02  -2.1861189e-04  -1.0440356e-03   4.2049020e-04
  -8.5685236e-03  -3.5448973e-02  -5.6962026e-02  -4.4740722e-04  -1.3531575e-03   2.9136751e-04
  -1.5142714e-02  -1.0916198e-02  -6.2736636e-02   1.1469955e-04  -1.2656903e-03   3.6835549e-04
  -1.7150464e-02  -1.5903350e-02  -5.4501419e-02   4.1812064e-05  -1.1535806e-03   4.0158177e-04
  -1.1881959e-02  -1.1634599e-02  -4.9993016e-02   1.8692444e-04  -1.1601029e-03   3.9401645e-04
  -1.4738235e-02  -2.4427994e-02  -6.1286663e-02   8.1403041e-07  -1.1781996e-03   3.5038915e-04
  -1.5487859e-02  -6.2555816e-03  -5.8120266e-02   4.5978553e-04  -1.4440546e-03   4.4749227e-04
  -1.1310085e-02  -8.0829423e-03  -5.0327219e-02   3.0572167e-04  -1.3320005e-03   5.7140511e-04
  -1.3392579e-02  -2.1300137e-02  -6.2131375e-02  -2.8124873e-04  -1.0335794e-03   3.5460926e-04
  -1.7237507e-02  -1.2070107e-02  -6.3105313e-02   7.5201716e-05  -1.1872647e-03   4.4116548e-04
  -1.4079356e-02  -1.0812941e-02  -5.0441731e-02   1.1124259e-04  -1.1818966e-03   3.6840804e-04
  -2.6137665e-03  -2.1233939e-02  -5.4584931e-02   1.4580990e-04  -1.3587568e-03   5.5836273e-04
  -7.0552662e-03  -2.1816111e-02  -4.8678948e-02  -6.3428279e-05  -1.1090323e-03   4.6797840e-04
  -9.7938233e-03  -1.4652221e-02  -6.4687427e-02   1.5674026e-04  -1.1109293e-03   4.0225531e-04
  -1.0901167e-02  -8.3667225e-03  -5.8274564e-02   4.7723255e-04  -1.2771129e-03   4.8366502e-04
  -9.3119858e-03  -4.8395867e-03  -6.2989042e-02  -3.7701635e-05  -1.2067807e-03   5.3731854e-04
  -1.3998139e-02  -1.3352724e-02  -6.3581886e-02  -7.4771021e-05  -1.2170288e-03   3.4371253e-04
  -1.3662874e-02  -1.7063095e-02  -5.8724075e-02  -1.8601980e-04  -1.1304209e-03   5.5060216e-04
  -1.2084782e-02  -1.0987723e-02  -5.4366133e-02   4.4325452e-04  -1.4892705e-03   5.9274401e-04
  -1.3983265e-02  -2.1522088e-02  -5.8440938e-02  -5.8328834e-05  -1.0823050e-03   3.6247341e-04
  -1.0420967e-02  -5.1749183e-03  -6.1564052e-02   5.0969403e-04  -1.2412036e-03   5.5344059e-04
  -1.9332020e-02  -1.2594153e-02  -6.6767352e-02   6.8233736e-04  -1.3515807e-03   3.7570051e-04
  -2.1005466e-02  -1.5868212e-02  -5.2310310e-02   5.3229457e-04  -1.3254848e-03   3.5227022e-04
  -1.8611657e-02  -1.3612559e-02  -5.5629599e-02   1.9130838e-04  -1.2822637e-03   4.3249489e-04
  -1.3447608e-02  -2.4683640e-02  -5.3943008e-02  -1.7804690e-05  -1.4053918e-03   6.5570531e-04
  -1.5230976e-02  -1.6289777e-02  -6.6653439e-02   1.5235590e-04  -1.3147164e-03   4.6267985e-04
  -1.5650530e-02  -1.5975573e-02  -6.3858024e-02   1.9240561e-04  -1.2820164e-03   4.7224977e-04
  -1.5955715e-02  -1.4833416e-02  -5.1034010e-02   2.6804147e-04  -1.3863961e-03   3.8200945e-04
  -1.4129872e-02  -2.0271251e-02  -5.3025395e-02   1.3388757e-04  -1.4255482e-03   4.9366495e-04
  -1.8307751e-02  -1.4293284e-02  -7.3089557e-02   9.1289564e-06  -1.1519711e-03   4.3375156e-04
  -1.4833184e-02  -5.6493608e-03  -6.4234833e-02   6.1103830e-04  -1.4469807e-03   4.6263432e-04
  -8.0902999e-03  -1.3281263e-02  -4.9998687e-02   2.2750688e-04  -1.2302703e-03   5.1266801e-04
  -1.0376523e-02  -1.0016669e-02  -5.2414840e-02   1.4885763e-04  -1.2258958e-03   4.0613434e-04
  -1.0662620e-02  -2.7290828e-02  -5.0644647e-02  -4.3548453e-04  -1.2501934e-03   4.3545723e-04
