   0.0000000e+00   0.0000000e+00   0.0000000e+00   0.0000000e+00   0.0000000e+00   0.0000000e+00
   4.2375404e-03  -2.9846954e-03  -1.5751902e-02   3.9018127e-04  -1.4180284e-04   8.0219577e-05
   6.7893607e-03  -8.6841807e-03  -1.3232871e-02   1.2068460e-04  -4.1082786e-04   6.9717429e-05
   1.7328623e-03  -5.4620102e-03  -3.3178261e-02   4.2894814e-04  -1.1051321e-04   5.4602626e-05
   2.7934758e-03   1.3471512e-03  -1.4340950e-02   1.5542457e-04  -1.9797393e-04  -1.5970277e-05
   3.5010332e-04   1.0864347e-03  -1.8731900e-02  -2.8083803e-05  -4.1062544e-05  -7.8896873e-05
   5.7576671e-03  -2.2706247e-03  -1.9973136e-02   2.7757194e-04  -2.0953224e-04   1.9260441e-05
   5.4292678e-03  -1.3129434e-02  -1.4101711e-02   4.4999322e-04  -2.2279884e-04   2.0082825e-05
   1.3170932e-03  -8.0024483e-03  -1.6519481e-02   1.6050278e-04  -1.4188346e-04  -3.3491272e-05
  -3.7387682e-05  -6.2784748e-03  -1.6450485e-02   4.0492480e-04  -2.3687922e-04  -3.7530410e-05
   7.8949845e-04   6.4997433e-05  -1.0435810e-02   2.9290673e-04  -2.4337307e-04  -3.9290629e-05
  -3.1015494e-03   5.2115458e-03  -1.0425684e-02   1.3672757e-04  -7.3497520e-05  -3.8158047e-05
   3.6400854e-04   1.6307427e-03  -1.3455658e-02   3.0971998e-04  -1.3004394e-04  -4.5707961e-05
   4.7256717e-03  -6.1782019e-03  -1.7454500e-02   5.1091762e-04  -2.0864814e-04   4.2247297e-05
   4.7266777e-03   4.1457874e-03  -2.5662383e-02   3.0243127e-04  -1.8344373e-04  -9.0133866e-06
   5.2481564e-03  -2.9115297e-03  -2.1326890e-02   2.9823631e-04  -1.4056383e-04   8.9496113e-06
   1.4651412e-03   9.8163375e-04  -5.5573328e-03   1.8487864e-04  -1.4639371e-04   5.5629389e-05
   2.4725445e-03   6.2063833e-03  -1.1362198e-02   3.3145779e-05  -1.8904902e-04   3.9953587e-05
   4.7116930e-03  -3.4855310e-03  -2.0254667e-02   5.8861572e-04  -2.1934568e-04   8.1405567e-05
   1.3420033e-03   1.6860704e-03  -2.0833629e-02   6.8325685e-04  -2.7082365e-04   8.4936725e-05
  -1.4366461e-03   1.6302475e-02  -2.1760540e-02   3.7211165e-04  -1.5020506e-04  -4.1224368e-05
   5.0803754e-03   1.6557376e-02  -1.5315443e-02   2.4768678e-04  -1.8592171e-04  -3.5350994e-05
  -3.1489186e-04   8.5271022e-03  -1.5017255e-02   1.4751593e-04  -1.1186643e-04  -1.9463885e-05
   3.9308982e-03  -2.0469283e-06  -2.0674993e-02   4.0258076e-04  -1.7325916e-04  -1.5499108e-05
   7.0043723e-03  -9.4650551e-03  -2.4991666e-02   4.1090081e-04  -2.7245185e-04   3.6475549e-05
   6.8721353e-03   9.5908070e-04  -2.7673821e-02   3.6136495e-04  -2.7694781e-04   3.8170744e-05
   8.4122660e-03   4.7501863e-03  -2.6279136e-02   2.2915057e-04  -2.9516738e-04   4.2474067e-05
   2.8441782e-03   1.2801424e-02  -2.3584204e-02  -9.4558664e-06  -1.0476364e-04  -8.2126302e-05
   3.6937396e-03  -4.9844347e-03  -3.3873292e-02   5.5676575e-04  -2.7963810e-04   1.6786929e-05
  -5.9857140e-04  -4.8639298e-03  -3.5592826e-02   4.6259243e-04  -1.5306321e-04   3.6039467e-06
   2.9350757e-03  -2.5136613e-03  -3.3674743e-02   3.4049092e-04  -2.0334560e-04  -5.6932717e-05
   3.9099993e-03  -8.8627495e-03  -2.1077557e-02   3.7701854e-04  -1.9146998e-04   2.3724157e-05
   4.0366210e-03  -2.1958915e-03  -2.0989955e-02   2.6974765e-04  -1.2413027e-04  -3.6252633e-05
   6.2170400e-03  -2.3966232e-03  -2.7165202e-02   6.5182200e-04  -2.4201197e-04   5.5938502e-05
   3.4819877e-03   7.0143945e-03  -2.4971745e-02   4.5761660e-04  -1.8481806e-04   9.0065079e-05
   1.5778909e-03   5.1604938e-03  -1.1034923e-02   2.7814561e-04  -1.9141485e-04   2.6720106e-05
   7.4823019e-04   8.5424105e-03  -9.8651783e-03   2.7115983e-04  -1.9055056e-04  -2.7100512e-05
   2.4792337e-03  -2.9874257e-03  -1.6452857e-02   4.2315674e-04  -3.5220126e-04   3.0501451e-06
  -3.3862344e-03   6.6592455e-03  -1.6377734e-02   4.8239462e-04  -1.9614762e-04  -3.6880402e-05
   1.8196148e-03   3.0457042e-03  -2.2172530e-02   6.4170032e-04  -3.2542060e-04  -2.4021963e-05
   1.0307589e-04   6.5520232e-03  -2.0771341e-02   4.5088591e-04  -2.1351988e-04  -1.1442608e-04
  -9.5756461e-05  -5.4396139e-03  -2.2684483e-02   4.9260107e-04  -3.2842779e-04  -1.0812378e-04
  -4.9165547e-03   2.9632555e-03  -2.6407800e-02   2.0274279e-04  -1.6070006e-04  -1.5393272e-04
  -4.0352190e-03  -4.3540175e-03  -2.3665909e-02  -1.0207234e-05  -1.3443741e-04  -1.4050779e-04
  -3.8030827e-03   1.9197727e-03  -2.7173880e-02   1.5137749e-04  -1.9466535e-04  -2.5269047e-04
   2.8848164e-03   3.0577987e-05  -2.9926714e-02   2.8069581e-04  -2.8574250e-04  -7.2409517e-05
   9.6718316e-04  -3.1393631e-03  -2.5338315e-02   1.8938308e-04  -2.6843607e-04  -6.3411728e-05
   2.5296316e-03   1.1765364e-03  -1.3135544e-02   2.4820176e-04  -2.8948547e-04  -1.8796431e-05
   2.0293408e-03  -1.5092642e-02  -1.4803335e-02   6.1195214e-04  -3.6953816e-04  -4.0826511e-05
  -8.3735200e-03  -3.0510776e-02  -1.1852346e-02   2.1081592e-04  -5.8920305e-05  -2.4383444e-04
   6.8967373e-03  -7.1270957e-03  -3.1884561e-02   4.7389379e-04  -3.3674247e-04   1.5401223e-05
  -2.6180286e-03   5.7363629e-03  -2.7802402e-02   2.1647335e-04  -1.4770762e-04  -8.7532558e-05
  -6.5344668e-04   1.2453025e-02  -2.0431873e-02   2.7714235e-04  -2.0447302e-04  -8.6255374e-05
  -5.4896843e-04   1.8008486e-03  -1.7412172e-02   2.3952491e-04  -3.1066870e-04  -4.8614832e-05
   3.3803941e-03   7.1563678e-03  -2.1946232e-02   6.0132203e-05  -3.6667949e-04  -7.5366680e-05
   5.7971906e-03  -8.8475155e-03  -2.5987322e-02   4.1445606e-04  -4.5559296e-04  -2.7952861e-05
  -9.5043894e-05  -8.3182539e-03  -2.5278984e-02   2.7686604e-04  -2.4892162e-04  -4.5576973e-05
   3.9322067e-03  -6.1080558e-03  -2.5379538e-02   2.6476178e-04  -3.7903964e-04  -3.6276818e-05
   3.2521750e-03  -8.9030151e-03  -2.0547069e-02   1.7990878e-04  -3.6979290e-04  -4.1825608e-05
   3.3334049e-03   3.0179567e-03  -1.4146144e-02  -5.2116219e-05  -2.5205774e-04  -8.9670837e-05
   8.4759644e-03  -5.2449114e-03  -7.4057966e-03   1.7030504e-05  -2.8066851e-04   4.2766397e-05
   5.3650212e-03  -2.9279126e-03  -1.4086068e-02   1.2228501e-04  -2.2455021e-04   3.8739952e-05
   8.6536661e-03  -6.7862430e-03  -1.7704465e-02   2.2954932e-04  -3.4711098e-04   6.1345416e-05
   6.5177944e-03  -9.7507486e-03  -6.5610303e-03   6.2003998e-05  -3.2919519e-04   2.9740274e-05
   4.4760777e-03  -2.8474994e-04  -9.1405266e-03  -2.1348909e-04  -2.4077775e-04   2.9660976e-05
   8.1338259e-03  -1.6842478e-02  -1.7395828e-02   1.9207802e-04  -3.4360895e-04   2.8101464e-05
   4.8975698e-03  -1.8751546e-02  -1.7993284e-02   5.0743171e-04  -3.6679400e-04   7.7748245e-05
  -2.8957146e-03   9.7488477e-03  -1.5196233e-02  -1.8867606e-04  -2.3576602e-04  -1.4130003e-05
   1.8693901e-03   3.3084589e-03  -2.5215050e-02   2.9118885e-04  -3.4825481e-04   6.2068593e-05
   6.7531569e-03  -4.9422397e-03  -1.9120913e-02   4.9624558e-04  -5.0391888e-04   5.2815094e-05
   2.3526671e-03   4.6807797e-03  -1.6142814e-02  -1.0394430e-05  -3.2039703e-04  -1.1878216e-05
   2.9442140e-03   1.1606078e-02  -1.4048226e-02  -4.7008817e-05  -3.0808118e-04  -7.3968029e-05
   4.2571659e-03  -3.0616070e-03  -1.4893494e-02   2.6416438e-04  -3.5002930e-04  -8.3950197e-05
   1.4613603e-03   2.8519813e-03  -2.1012084e-02   2.6848463e-04  -2.7292980e-04  -6.0294274e-05
   2.0437322e-03  -5.3697899e-03  -2.0785651e-02   2.0993714e-04  -2.7369796e-04  -1.1551310e-04
  -1.6209946e-04  -2.5873789e-03  -1.2135452e-02   2.0695225e-05  -2.9119297e-04  -9.1447131e-05
   1.7977983e-03   5.1020001e-03  -1.4675549e-02  -7.3037753e-05  -2.8210329e-04  -9.6557439e-05
   6.1002942e-03  -7.3826220e-03  -2.3500265e-02   2.7713183e-04  -4.0761444e-04  -7.2344881e-06
  -1.1736565e-04  -5.0255529e-03  -2.4410023e-02   2.0440751e-04  -1.5809881e-04  -2.0589202e-05
   2.8288071e-03  -7.5209719e-03  -2.2326775e-02   2.6027634e-04  -2.2340764e-04   7.6252999e-06
   3.8524010e-03  -4.8978910e-03  -6.1208188e-03   6.7026907e-05  -3.1343463e-04  -3.9041458e-05
   3.2713493e-03   5.8427793e-03  -1.1676721e-02  -1.2864601e-04  -2.8027282e-04  -1.5519559e-06
   2.4494478e-03  -6.8997685e-03  -2.0470671e-02   2.4155770e-04  -2.1121850e-04  -6.3545641e-05
   3.5450889e-03  -1.4115215e-02  -2.3667003e-02   2.2413420e-04  -3.2620783e-04  -3.1271895e-05
   1.0828966e-03  -1.2659708e-03  -1.6595418e-02  -1.4624034e-04  -2.0155798e-04  -2.1700663e-05
   1.9802272e-03   3.0020690e-03  -1.4913414e-02  -6.7275153e-05  -1.8894080e-04  -4.3569196e-05
   6.1601636e-03  -1.6453950e-03  -1.1695695e-02   2.2587798e-04  -4.4373996e-04  -3.0533799e-06
   3.0286736e-03   2.3147910e-03  -1.5086729e-02   2.2927398e-04  -2.4606822e-04  -1.5714109e-05
   4.4569348e-03  -3.3998259e-03  -1.6068566e-02   2.1715364e-04  -2.5258942e-04   6.1104141e-05
   7.6053474e-03  -3.4624496e-03  -6.9286562e-03   6.7998719e-05  -3.6833818e-04  -7.2449843e-05
   8.3576533e-03   9.6078774e-03  -8.2079887e-03  -2.1735907e-04  -2.7070767e-04  -7.4807399e-05
   5.1799347e-03  -3.7405939e-03  -1.8923629e-02   2.3292704e-04  -2.8240620e-04   6.4722975e-05
   6.4711485e-03  -1.2230346e-02  -1.9170682e-02   2.4739030e-04  -4.1831714e-04   1.1633631e-04
  -2.0635504e-04  -3.8832056e-03  -1.0034743e-02  -1.9703281e-04  -2.2463864e-04  -8.1715180e-05
   6.7161138e-03  -1.2803184e-03  -7.6279899e-03  -2.4072355e-04  -3.7426767e-04  -1.0254313e-05
   3.0429542e-03  -1.9345676e-02  -1.4801171e-02   6.9762077e-05  -3.7008531e-04   1.3955108e-05
   3.6417163e-04  -1.6923914e-02  -2.1330247e-02  -1.2437341e-05  -2.3759087e-04   1.8482505e-05
   1.0378382e-03  -1.5939805e-02  -2.8485421e-02  -8.5361445e-07  -3.1388552e-04   4.1999129e-05
   2.6993291e-03  -1.6512491e-03  -2.0380281e-02  -7.4087107e-05  -3.8581140e-04   1.9932181e-04
  -1.5423487e-03   1.0859944e-02  -2.0938182e-02  -1.9582295e-04  -3.3331434e-04  -4.6856892e-05
  -1.1375814e-03   7.2116768e-03  -2.8958454e-02   3.3576445e-04  -3.5339387e-04  -9.2508146e-05
   2.6968477e-04   2.7006627e-03  -2.9407842e-02   4.2624356e-04  -4.5438508e-04  -3.4614880e-05
  -2.1048663e-03   1.3212236e-02  -2.6636389e-02   9.5395774e-05  -3.7364084e-04  -1.1085715e-04
  -1.1699722e-03   1.1366598e-02  -2.2326323e-02   1.6164995e-05  -4.5014603e-04  -9.6102211e-05
   1.9123858e-03   1.0947299e-02  -2.3852186e-02  -2.1586717e-04  -4.1784886e-04  -1.3463982e-04
   1.9068051e-05  -6.1558061e-03  -2.9026577e-02   2.2808815e-04  -4.1884072e-04  -4.0892119e-05
   2.6176750e-03  -1.5907535e-02  -2.9791051e-02   1.8317809e-05  -3.2965492e-04  -8.8207800e-05
   6.8583860e-03  -1.6377778e-03  -3.1375738e-02   5.9893527e-05  -3.4431010e-04  -2.8981627e-05
   2.5365896e-03  -6.1567441e-03  -2.5851024e-02   1.1060675e-04  -2.7206158e-04  -2.4417557e-05
   6.3031137e-03   9.2085449e-03  -1.7173367e-02  -2.8457503e-04  -3.7468787e-04   2.9933487e-05
   8.4507409e-03  -3.5431483e-03  -1.1367254e-02  -1.6149603e-04  -4.5328374e-04  -4.9632873e-05
   6.1228598e-03   1.6810074e-03  -1.8627711e-02  -3.0334714e-04  -3.8211587e-04  -7.2439137e-05
   6.8862668e-03  -1.0405064e-02  -2.8984759e-02  -5.7587250e-06  -2.7898528e-04   1.1592346e-05
   3.6722441e-03  -4.9277449e-03  -3.1508547e-02  -1.5752538e-04  -2.7678149e-04  -4.5597374e-05
   7.3271003e-03  -9.1362107e-03  -3.0882716e-02  -6.0594180e-05  -3.6031780e-04   3.2278203e-05
   4.0033417e-03  -6.6727746e-03  -2.9598908e-02  -3.1091965e-04  -2.5285642e-04   4.0179058e-05
   7.8539511e-03  -1.2992294e-02  -2.7055199e-02  -1.8080310e-04  -3.1628255e-04   3.5892874e-05
   1.3002040e-03  -5.7391209e-03  -2.1694559e-02  -8.6544976e-05  -1.8057385e-04   5.1140051e-05
   8.7666219e-04  -9.5168711e-03  -2.3696643e-02   2.4121954e-04  -2.6274832e-04   2.1670560e-05
   2.7147621e-03  -7.1495840e-03  -2.2891241e-02   3.9103665e-04  -3.8519994e-04  -7.7520412e-07
  -2.0565097e-03   1.0175828e-02  -1.7788730e-02  -1.2516382e-04  -2.9978089e-04  -1.0889473e-04
  -1.4271899e-03   4.2268394e-03  -1.6897161e-02  -1.7613808e-05  -1.9366186e-04  -1.2994985e-04
  -6.3990514e-04  -4.0158557e-03  -1.9760541e-02   1.0307061e-04  -2.3934320e-04  -7.2305440e-05
   2.6425391e-03  -6.2522631e-04  -2.6529233e-02   1.5672479e-04  -4.7398173e-04  -7.9665878e-05
   3.4773840e-03   3.6533410e-03  -2.7478813e-02   2.6061456e-04  -5.2264778e-04  -6.3909192e-05
   3.2385830e-03   8.0016751e-03  -2.5354969e-02  -3.2313127e-04  -4.7912459e-04  -5.8085962e-05
   7.3624336e-03  -7.5988203e-03  -2.9068520e-02   8.5718619e-06  -5.1876824e-04   2.7277703e-05
   3.1920090e-03  -2.1541668e-03  -2.6547469e-02   3.9649377e-05  -3.6336433e-04  -2.5627978e-05
   1.9657122e-03  -1.3504368e-02  -3.0388176e-02   1.1346997e-05  -4.6715267e-04  -9.1214285e-05
   2.0397121e-04  -2.8717037e-03  -2.1518802e-02  -1.7932854e-04  -3.3247562e-04  -2.2531715e-04
   2.5403468e-03  -1.6476204e-03  -1.9281506e-02  -3.0158352e-04  -3.1852715e-04  -2.0568414e-04
   8.0022978e-03  -8.5940942e-03  -1.7631310e-02  -1.2913408e-04  -4.7197352e-04  -2.3076981e-05
   6.2101100e-03  -7.1370195e-03  -2.0278244e-02  -4.3104055e-05  -3.2268379e-04  -4.6347864e-05
   8.8982674e-03  -9.7441283e-03  -2.0833327e-02  -1.1291507e-04  -3.9928945e-04  -9.1787885e-05
   4.5675673e-03   4.0274664e-03  -1.1424499e-02  -4.7137680e-04  -3.7168093e-04  -1.4194649e-04
   6.6184370e-03  -7.3090071e-03  -1.5193057e-02  -2.6989098e-04  -3.3913766e-04  -1.3089093e-04
   1.0629376e-02  -1.8152525e-02  -2.1635913e-02  -3.0609398e-05  -5.4853181e-04  -2.3560996e-05
   7.5358637e-03  -6.3579814e-03  -2.3929069e-02  -7.4210296e-05  -4.8460917e-04  -8.9634543e-05
   5.1290624e-03  -1.0619853e-02  -2.5099224e-02  -2.4703202e-06  -4.1364877e-04  -6.3846268e-05
   3.2060927e-03   3.3680106e-03  -1.6825929e-02  -3.6959777e-04  -4.5855823e-04  -1.2110410e-04
   7.9787983e-03   7.8201248e-03  -2.2423024e-02  -1.5809829e-04  -5.3394316e-04  -4.4489682e-05
   8.2344995e-03   1.9696975e-03  -2.1944483e-02   8.0944944e-05  -5.3605421e-04   9.5821953e-06
   4.6637462e-03   6.4134721e-03  -2.2226026e-02   1.0410828e-04  -4.8252469e-04  -1.0971944e-04
   4.2862489e-03   5.8101136e-03  -1.8489533e-02   2.2541748e-05  -5.7126257e-04  -1.4009038e-04
   3.4107035e-03   2.5392178e-03  -4.5698046e-03  -3.3924875e-04  -4.8024516e-04  -1.8093008e-04
   4.5832121e-03  -2.8713104e-03  -4.9919334e-03  -2.3868843e-04  -4.4492866e-04  -1.9758894e-04
   7.2801091e-03  -9.9897444e-03  -1.6546247e-02   3.2869073e-05  -3.9129612e-04  -1.9963317e-04
   3.6743249e-03  -7.0066471e-03  -1.1445349e-02  -1.8198711e-04  -3.2042613e-04  -2.1108658e-04
   6.9511577e-03  -2.6290014e-03  -8.9482317e-03  -3.3356621e-04  -3.7577971e-04  -1.2069704e-04
   1.2845128e-02   1.0380985e-03  -1.1689707e-02  -1.2095874e-04  -6.4731319e-04   3.8756941e-06
   5.4543531e-03   8.5540979e-03  -2.1803474e-02  -9.5712695e-05  -5.3138834e-04  -8.5590146e-05
   3.8327121e-03   4.4914839e-03  -2.3468545e-02  -4.8262362e-05  -5.2930775e-04  -7.2401184e-05
   4.8955999e-03   1.2686586e-02  -1.9390375e-02  -4.3113783e-04  -3.7694324e-04  -1.3406948e-04
   1.1036909e-02   2.9162589e-03  -2.2528374e-02  -2.7043699e-04  -4.0150962e-04  -9.9687963e-05
   1.2545341e-02  -1.3787756e-02  -2.1207801e-02   2.5183680e-05  -4.8468611e-04   2.3250389e-05
   1.1498014e-02  -6.0143319e-03  -2.4426167e-02  -1.6782774e-04  -3.9244112e-04  -5.1614043e-05
   1.1116047e-02  -4.0175092e-03  -1.8900864e-02  -1.7308592e-04  -3.9001005e-04  -2.2181474e-05
   7.7489787e-03   1.1985040e-03  -1.1438621e-02  -4.0411589e-04  -3.3363392e-04  -6.0234348e-05
   4.5042646e-03  -2.6881895e-03  -1.7438927e-02  -3.0666398e-04  -4.1463004e-04  -7.4977094e-05
   3.4493575e-03  -2.1949036e-02  -2.3776233e-02   1.1404672e-04  -4.7448752e-04  -1.5802062e-04
   5.0372602e-04  -9.4285776e-03  -3.0354861e-02  -1.0701196e-04  -3.9165824e-04  -1.4880467e-04
   2.8854998e-03  -5.0924148e-03  -3.1704297e-02  -1.2837985e-04  -5.2006442e-04  -2.4423204e-04
   4.2638060e-03  -6.0170421e-03  -2.1309536e-02  -4.1402378e-04  -5.0577815e-04  -2.2703874e-04
   4.0377108e-03   1.7464319e-03  -2.5726535e-02  -3.8193363e-04  -4.8620861e-04  -2.3152705e-04
   7.4268086e-03  -1.3021893e-02  -3.2104813e-02   6.1092242e-05  -5.7130911e-04  -9.3522292e-05
   2.7131084e-03  -1.2026552e-02  -2.8871223e-02   1.4733075e-04  -2.9553735e-04  -1.4635035e-04
   1.9559978e-03  -5.8934059e-03  -2.4820131e-02   6.7764462e-05  -3.2742015e-04  -9.8421273e-05
   5.6134004e-03   7.7945093e-04  -1.4265772e-02  -8.7683402e-05  -3.9708280e-04  -1.5601669e-04
   8.5715567e-03   8.2328753e-03  -1.4141643e-02  -2.3844250e-04  -5.2366213e-04  -1.4953980e-04
   8.5065393e-03  -7.5725584e-03  -2.1267957e-02   8.5923946e-05  -5.2260585e-04  -8.7353522e-05
   8.6238647e-03   5.6532346e-04  -2.5494387e-02   1.3344938e-04  -5.3194217e-04  -6.7458160e-05
   2.9405477e-03  -1.5753120e-03  -1.7851896e-02   1.3629048e-04  -1.6113573e-04  -8.5620380e-05
   9.1676486e-03  -8.7309834e-04  -2.0151342e-02   1.5113590e-04  -4.2611640e-04  -1.7643869e-04
   8.6262725e-03   1.6121806e-03  -1.5643891e-02   2.4403439e-04  -3.2712617e-04  -1.0767352e-04
   5.5884141e-03  -5.7012801e-04  -7.4108194e-03  -2.5059076e-05  -2.8143792e-04  -2.1394556e-04
   1.0586839e-02   8.7384806e-03  -6.9930660e-04  -7.9067166e-05  -6.0768306e-04  -5.4596496e-05
   1.0092311e-02   1.3311045e-02  -7.8241467e-03  -2.7031736e-04  -4.8329706e-04  -1.0230530e-04
   1.0063197e-02  -6.5714047e-03  -1.0030623e-02   2.2967754e-04  -5.7669435e-04  -1.1736598e-04
   8.1388531e-03  -3.1822425e-03  -1.5076741e-02   4.4653334e-05  -4.6288694e-04  -1.0523416e-04
   9.5816298e-03  -3.3500207e-03  -2.4231029e-02   7.5629204e-05  -4.6176925e-04  -1.4375570e-04
   6.8105199e-03   6.4418855e-03  -1.8573733e-02  -2.8217019e-04  -3.4984049e-04  -2.0913028e-04
   9.7407158e-03   6.3041908e-03  -1.8258880e-02  -1.5291171e-04  -4.2693056e-04  -1.7787973e-04
   1.0733673e-02   6.4198550e-03  -2.1664997e-02  -1.0440933e-04  -4.2341123e-04  -1.2014044e-04
   1.3674221e-02  -6.8117353e-03  -2.4975490e-02   2.3986852e-04  -5.6592224e-04  -5.1918733e-05
   9.7329737e-03  -3.6752226e-03  -2.3539352e-02  -1.5341282e-05  -5.3181433e-04  -3.5782969e-05
   9.1899118e-03  -2.7658777e-03  -2.2510239e-02  -5.8963926e-05  -4.9528018e-04  -9.0002164e-05
   7.2899256e-03   5.7498460e-04  -1.8121940e-02  -3.2628064e-04  -3.8962959e-04  -1.2907506e-04
   1.4433375e-02  -7.3337430e-03  -1.9286273e-02  -1.1191396e-04  -5.0592058e-04  -9.0808872e-05
   1.2413094e-02  -5.5384003e-03  -1.5919019e-02  -1.4600915e-04  -5.0146570e-04  -4.7950397e-05
   1.3808904e-02  -8.8873439e-03  -1.7264619e-02   1.8786693e-04  -6.4580502e-04   1.8872749e-05
   1.3682038e-02   8.5304818e-03  -1.2799124e-02  -6.8305931e-05  -5.4725914e-04   2.3811192e-05
   1.6096541e-02   6.0426869e-03  -8.7770193e-03  -2.5554520e-04  -5.1911830e-04  -5.4009492e-06
   1.2241495e-02   5.6901528e-03  -9.7726284e-03  -2.1119253e-04  -4.5027803e-04  -5.6658450e-05
   1.5871981e-02  -1.1876656e-02  -1.6865247e-02   1.3217003e-04  -5.4553186e-04  -4.1829039e-06
   1.0735664e-02  -4.7827095e-03  -1.5001609e-02   4.4360464e-05  -3.7228877e-04  -5.9678822e-05
   9.2132966e-03  -5.7762359e-03  -2.1123999e-02   1.4225587e-04  -3.4132079e-04  -1.8341706e-04
   9.1312705e-03  -1.6822095e-03  -1.4724725e-02  -9.4333403e-05  -3.8398197e-04  -1.6036657e-04
   1.1799494e-02   7.6251827e-03  -1.6022079e-02  -1.5708055e-04  -3.4191258e-04  -4.4413848e-05
   9.4379641e-03  -5.6086692e-03  -1.4753034e-02   1.0405026e-04  -3.5300308e-04  -5.2134576e-05
   8.5264332e-03   1.2609118e-03  -1.6242382e-02   6.0017340e-05  -2.8951159e-04  -8.9347168e-05
