   0.0000000e+00   0.0000000e+00  -7.2544415e-15  -4.7689635e-17  -4.4801591e-39  -2.1365715e-55
  -9.6428143e-04   9.9179231e-05   8.9979840e-03  -1.4642680e-05   6.5550325e-05  -3.7750261e-05
  -8.0978939e-03   1.0129781e-02   3.0890350e-03   1.2825549e-04   1.9359012e-05  -4.4296827e-05
  -1.1686427e-02   2.4418484e-02  -2.6403443e-02  -6.8818374e-05  -5.6439164e-05  -5.5852142e-05
  -1.2288559e-02   4.0964924e-02  -1.8200788e-02   1.8830658e-04  -1.9397990e-05  -9.7722863e-05
  -1.5904984e-02   3.2582970e-02  -6.0216361e-03   3.8442170e-04   1.3951282e-04  -6.3183922e-06
  -1.4457281e-02   2.9330491e-02  -1.6081866e-02  -1.1518861e-04   1.7233694e-04  -1.0561209e-04
  -6.7337562e-03   1.9901324e-02  -1.2783183e-02   2.6872119e-04  -4.4974810e-06   2.9098402e-05
  -7.5460650e-03   2.7504959e-02  -1.7988454e-02  -1.0103201e-04  -8.0357020e-05  -1.0801047e-04
  -7.5979416e-03   4.1577690e-02  -1.6449135e-02   2.2349171e-04   2.0155118e-04  -1.3289008e-04
  -5.7703695e-03   2.5422470e-02  -9.7524608e-03   3.2755285e-04  -4.3692242e-05   9.3952793e-05
  -8.5419031e-03   2.6501729e-02  -1.8283809e-02  -4.4793245e-05   3.6282430e-05  -7.3329843e-05
  -1.0262947e-02   2.8767603e-02  -6.3326634e-03   3.3347572e-04  -4.2402517e-05   4.1418462e-05
  -1.2079217e-02   2.2230889e-02  -5.6266482e-03   4.2145465e-06  -7.1779715e-05   5.1143836e-05
  -1.4742180e-02   2.3263957e-02  -6.2439561e-03  -3.5329530e-05   2.6929097e-05  -1.2875921e-04
  -8.2180255e-03   2.4149996e-02  -1.5103633e-02   2.0291116e-04  -1.2447383e-04   1.1349419e-04
  -7.5793850e-03   2.4074259e-02  -2.9577722e-03  -4.1941983e-05   4.6663990e-05  -1.5306825e-04
  -9.3592177e-03   3.0378368e-02  -7.1435104e-03   2.9772432e-04   3.8282426e-05  -5.4205963e-05
  -6.0000571e-03   3.7887449e-02  -1.9216342e-02   6.0223043e-05  -1.0954515e-04  -5.4314520e-05
  -5.5556678e-03   3.3226423e-02   4.9995805e-03   1.7031959e-04  -3.0573568e-05  -2.2636841e-04
  -7.9085271e-03   2.6222892e-02  -6.4331726e-04   2.9243897e-04  -2.7382224e-05  -3.2292428e-05
  -7.5128880e-03   1.3691113e-02   1.4653623e-02  -1.8996782e-04   1.4251605e-04  -1.1743589e-04
  -6.6013989e-03   2.4578369e-02  -1.3592139e-02   7.0815873e-05  -4.3426502e-05  -8.8827641e-06
  -4.6970064e-03   2.3148866e-02  -1.0687057e-02  -3.8412561e-04  -6.2026658e-05  -1.1966923e-04
  -2.3015489e-03   2.7413314e-02   4.0389660e-03   2.4291029e-05   1.1681886e-04  -1.1535655e-04
  -5.5668413e-03   4.0189827e-02  -1.4882298e-02  -5.2064691e-05  -6.8094578e-05   2.8073050e-05
  -9.0737747e-03   4.1567537e-02   4.8902815e-03  -1.7740471e-04   9.6358798e-05  -2.4254234e-04
  -4.7501162e-03   1.9612906e-02   1.6824324e-02   1.4400394e-04   5.6409986e-05  -1.3565587e-05
  -2.4553741e-03   1.5616580e-02   4.8959791e-03   1.3940282e-04  -1.3903225e-04   1.0327905e-04
  -6.5340894e-03   5.7680559e-03   1.4332508e-02   6.5228382e-05   1.9459805e-05  -2.4966664e-04
  -5.8321150e-03   3.3404396e-02  -5.7780787e-03   2.4436372e-04   4.2045487e-05  -6.1913464e-05
  -4.9201635e-03   2.4172045e-02   2.5613191e-04  -2.4898335e-04  -2.4728775e-05  -1.6421013e-04
  -1.4348169e-03   2.8092258e-02  -5.6659664e-03   2.6487465e-04   2.6868340e-05  -6.3696850e-05
  -1.1407951e-03   2.5769797e-02  -1.9227457e-02  -2.2275861e-04  -9.9166951e-05  -1.2218145e-04
  -3.4553050e-03   2.0756084e-02  -1.0831210e-03   1.7167496e-04  -6.3551172e-05  -1.5415075e-04
  -5.6687997e-03   5.2886569e-03  -7.0839872e-03  -2.2048890e-04  -1.0313393e-04   9.6130258e-05
  -6.4400574e-03   1.2639155e-02  -1.3200103e-04  -7.1911082e-05   2.8512925e-05  -8.0349252e-05
  -8.3813995e-03   3.2294540e-02  -3.4564209e-02   7.8815349e-05  -2.4770504e-04  -6.3548760e-05
  -2.5922974e-03   3.5203785e-02  -6.6239748e-04  -2.0105419e-04  -4.4331781e-06  -1.1076512e-04
  -5.7473236e-03   1.8628369e-02   1.0167547e-02   3.9122882e-04  -8.4312928e-05  -2.1796798e-05
  -7.8783607e-03   1.5736495e-02  -2.3890964e-03  -1.0695261e-04  -7.1182168e-05  -4.9181302e-05
  -6.5111749e-03   2.8167779e-02   1.0120199e-02   2.9652914e-04   7.6176367e-05   3.2286166e-05
  -9.2666874e-03   2.6439170e-02  -1.5229742e-02   5.1030628e-05  -1.8988270e-04   5.2111915e-05
  -7.5181993e-03   3.5622316e-02  -3.2132248e-03   7.2137441e-05  -7.2761068e-05  -2.3440721e-05
  -8.9797126e-03   3.6479277e-02   4.9359149e-03   6.6410135e-05  -1.0095057e-04   6.4361707e-05
  -3.9982058e-03   1.2049195e-02   2.0162789e-02  -3.3495910e-04   3.9165482e-05   1.4873807e-04
  -7.5684694e-03   2.4582099e-02  -4.1773502e-05  -2.3726546e-04  -1.2357084e-04   9.2622116e-05
  -5.5276672e-03   3.3055563e-02  -7.3228490e-03  -1.4329926e-04  -1.1107127e-04  -1.2255537e-04
  -6.7268590e-03   2.7957942e-02  -3.3368728e-03   4.1886743e-04  -1.6637196e-04   1.5958736e-05
  -9.4458756e-03   1.6054530e-02   1.0399471e-02  -8.8974876e-05  -6.3506034e-05  -1.3115391e-04
  -7.8878897e-03   1.8529991e-02   8.7183640e-03   1.8166129e-04   8.3554891e-05   2.6533942e-05
  -2.9704406e-03   1.2614201e-02   4.7288281e-03  -4.1685788e-04  -1.0390679e-04  -1.2917783e-04
  -2.5102342e-03   3.0441402e-02  -9.1253179e-03   1.9569472e-04  -3.1044378e-04   5.6958195e-05
  -2.0188886e-03   2.5116930e-02   7.1255186e-03  -5.0368946e-04  -9.8873575e-07  -5.5391218e-05
  -4.5884609e-03   3.0245614e-02  -1.2945438e-02   1.2318186e-04  -8.7696095e-05   2.7844870e-05
  -8.4392264e-03   4.3806481e-02  -1.9292758e-02  -2.0634976e-05  -1.1610720e-04  -7.3383166e-05
  -7.1960346e-03   2.7997878e-02   5.4351486e-03   2.6759633e-04   1.8787976e-05   2.3380312e-05
  -7.6913217e-03   3.4679377e-02   8.5090296e-03   2.5991011e-04   1.2547062e-05   1.3172614e-04
  -5.0842821e-03   2.4967278e-02  -2.4839697e-04  -1.0873984e-04  -9.1061667e-05  -2.7031160e-05
  -7.7069494e-03   3.6221665e-02  -1.2973940e-02   1.4020999e-05  -2.0490785e-04  -3.6427176e-05
  -9.7963428e-03   3.5196032e-02  -1.0137427e-02  -1.1847674e-04  -9.6795485e-05  -6.8721703e-05
  -1.1877148e-02   4.6566469e-02  -1.2480586e-02  -6.2920248e-05  -2.2337916e-04  -7.6147624e-06
  -7.5427348e-03   4.4263731e-02  -1.1662003e-02  -1.7137359e-04   5.8774476e-06  -3.1568082e-04
  -6.4550399e-03   4.8356942e-02  -9.5563064e-03   1.8297486e-04  -1.4205202e-04   8.4251088e-05
   2.4734864e-04   2.5045630e-02   3.9388549e-02  -3.6290234e-04   1.9542783e-04  -2.0739205e-04
  -3.0063695e-03   3.7211470e-04   1.0008932e-02   1.8585862e-04   6.1352574e-05  -6.2674297e-05
  -1.0627600e-03   1.6535579e-02  -2.0560449e-02   1.5486589e-04  -2.1122889e-04  -5.1562900e-05
  -8.7509263e-03   4.5547414e-02  -1.6313639e-02   2.4971805e-04  -8.0651195e-06  -4.0520215e-04
  -1.2919517e-02   4.2413161e-02   1.5699860e-02   1.5465797e-04   1.7534832e-04  -3.1685888e-04
  -1.1396560e-02   4.2980879e-02  -1.1738884e-02   2.9807624e-04   1.7891353e-04  -1.5819213e-04
  -1.1786528e-02   2.5449019e-02  -6.0731543e-03   1.4498109e-04  -3.3643179e-05  -3.3361134e-04
  -8.5830188e-03   1.4088010e-02   7.3365553e-03   2.5939488e-05  -1.5586001e-04  -4.6643798e-05
  -1.1558346e-02   3.9260277e-02  -3.0606453e-02  -1.0766433e-04  -9.2865934e-06  -4.0225736e-04
  -5.9306555e-03   3.0604333e-02  -2.5310930e-02   1.4887365e-04  -6.9959939e-05  -1.3485918e-04
  -8.9351923e-03   2.4057463e-02  -1.6131453e-02  -1.3649061e-04  -4.0997585e-05  -2.9943883e-04
  -8.2618675e-03   2.3153228e-02   6.9708190e-04   5.4112718e-04  -2.5087395e-04  -2.4884645e-04
  -1.0586894e-02   4.3474651e-02  -3.9223980e-02   9.2004926e-05  -1.9224079e-04  -2.0745299e-04
  -9.9769084e-03   4.6096832e-02  -2.4322900e-02   3.6214695e-05  -1.0049405e-04  -1.5549131e-04
  -1.3554630e-02   2.4898993e-02   2.3159344e-02   3.6712502e-04   9.0750856e-05  -4.5992364e-04
  -9.4347933e-03   1.3405864e-02   1.5889430e-03  -4.0229531e-06  -3.6648206e-05  -1.3426115e-04
  -9.3501464e-03   1.0585421e-02  -1.1151360e-02  -9.6546272e-05  -6.5507100e-05  -1.8838948e-04
  -1.1487291e-02   1.1879680e-02  -6.6554504e-03  -5.3698647e-05   6.3188621e-05  -3.1630249e-04
  -1.1551354e-02   3.6170169e-02  -1.6002647e-02   1.1617195e-04   2.3859386e-05  -2.1943177e-04
  -1.4013909e-02   3.1026184e-02  -2.0248389e-02   6.0973665e-06  -3.0625329e-06  -4.4526502e-04
  -8.9056149e-03   1.1913278e-02   5.9095555e-03   1.6241950e-04  -4.8623799e-05  -2.5489933e-04
  -7.1539322e-03   7.8888986e-03  -4.0301243e-03   2.1348588e-05  -1.0175638e-04  -2.8853130e-04
  -5.6297901e-03  -2.2221410e-03  -8.5581866e-03  -2.6201003e-04  -1.4084266e-05  -2.8762557e-04
  -9.1293446e-03   2.1946552e-02  -2.3465871e-02   1.3558525e-04  -3.9091092e-05  -3.2943750e-04
  -1.0074708e-02   2.6945999e-02  -1.3762531e-02   1.9737342e-04  -1.0895693e-04  -2.3678539e-04
  -1.6004013e-02   1.3625325e-02  -2.9211663e-04   7.1581639e-05   5.9865297e-05  -4.2067490e-04
  -1.1494407e-02   3.9262038e-02  -1.0332200e-02   2.4508002e-04   1.5126413e-04  -3.0473433e-04
  -1.1654184e-02   3.0825220e-02  -2.4228668e-02   1.2068025e-04  -4.9227846e-05  -3.6617794e-04
  -9.9818466e-03   1.4186929e-02  -3.5691867e-03   2.5149293e-04  -4.5747006e-05  -2.3010701e-04
  -9.5204947e-03   1.0083541e-02  -1.2329631e-02   4.5476319e-05  -1.1355996e-04  -2.9761608e-04
  -6.4770333e-03   3.6892841e-03  -7.2715505e-03  -1.5709776e-04   4.4032622e-05  -4.6106530e-04
  -4.9410203e-03   3.7679980e-02  -2.3328310e-02   3.2509361e-04   1.8079701e-04  -3.3955343e-04
  -4.6428154e-03   2.6390170e-02  -2.0997473e-02   6.6519743e-05  -7.8190324e-05  -3.3478879e-04
  -6.8864326e-03   2.6048227e-02  -8.9945208e-03   1.1009770e-04   2.6725434e-04  -4.4164949e-04
  -1.0873286e-02   2.0648806e-02  -6.1873085e-03   1.2397168e-04  -1.0105072e-04  -1.1587414e-04
  -1.0063741e-02   2.5690989e-02  -2.0405754e-02  -1.0045253e-04  -1.2621902e-04  -2.5989446e-04
  -8.0644875e-03   3.2973865e-03   1.4928378e-02  -2.2196162e-04   2.1593188e-05  -1.9007282e-04
  -2.8305644e-03   9.0668213e-03  -1.5608374e-02   4.5988670e-05  -7.3010571e-05  -8.7033538e-05
  -6.0742834e-03   9.8120600e-03  -2.8471024e-04  -4.0721861e-04  -5.1324867e-05  -3.3566509e-04
  -7.8492757e-03   2.8643197e-02  -8.3408100e-03   4.1068918e-04   1.6290243e-05  -2.5044513e-04
  -7.0655368e-03   2.7588093e-02  -1.6141933e-02  -1.1503332e-05   4.6501792e-05  -3.1154108e-04
  -5.1852176e-03   5.6547220e-03   4.1096798e-04   2.3278386e-04  -2.5964566e-04  -1.3714620e-04
  -6.9382141e-03   9.2473275e-03  -6.5764032e-03  -1.0873397e-04  -4.5974228e-05  -1.1301908e-04
  -5.8318066e-03   7.6771066e-03  -1.4333270e-02  -4.1693598e-05  -1.4067872e-04  -3.8318754e-04
  -2.5265830e-03   3.4959057e-02  -2.1889039e-02   1.0760259e-04   7.2830368e-06  -4.9196017e-05
  -6.8081318e-03   1.6800306e-02  -1.8529991e-02  -5.6176944e-05  -1.0144443e-04  -2.0057686e-04
  -1.6034161e-02   1.9988589e-02   5.0758304e-03   8.0035462e-05  -6.6789905e-05  -3.4296776e-04
  -1.0437835e-02   2.1765829e-02  -1.0353216e-02   2.6131830e-04  -2.5972192e-04  -2.6836142e-04
  -9.8156386e-03   2.7378212e-02   3.1239063e-03   8.4617535e-05  -3.3021690e-05  -3.9170763e-04
  -4.3416259e-03   1.4512805e-02   3.9405755e-04   1.1568100e-04  -1.3291926e-04   1.2667057e-04
  -6.7452755e-03   8.7117870e-03  -1.6018499e-03  -3.8935448e-04   1.3807625e-04  -3.7033844e-04
  -5.1326815e-03   3.6098909e-02  -1.1766473e-02   5.5631450e-05   3.4670465e-05  -2.2618975e-04
  -1.1445000e-02   3.7558552e-02  -1.6749275e-02  -5.8380584e-05  -1.7011866e-04  -2.7268819e-04
  -1.1032720e-02   4.2001731e-02  -2.4297243e-03   3.9412030e-04   3.1230829e-05  -1.1771977e-04
  -9.4090897e-03   2.2154440e-02  -4.0293549e-03   2.9058500e-04  -1.2189565e-04  -4.9127289e-05
  -7.2698659e-03   1.5281298e-05   1.3771036e-02   4.4862090e-06   6.0685441e-05  -3.2749029e-04
  -4.6811980e-03   2.5368916e-02  -1.8345734e-02   3.6092340e-04  -1.1978990e-04  -4.7131822e-05
  -8.6896480e-03   2.3676679e-02  -7.0343402e-03  -3.4394000e-04   3.0948690e-06  -3.3205241e-04
  -8.2400375e-03   1.8915218e-02   6.3166333e-03   4.0675027e-04  -2.3017107e-04  -2.9118494e-05
  -1.4903501e-02   2.0913015e-02  -2.8069122e-03  -2.7547817e-04  -1.9096429e-04  -3.7899377e-04
  -1.1388953e-02   3.0830683e-02  -2.7945010e-03   2.2516569e-04  -1.3253142e-04  -2.1408541e-04
  -1.0357833e-02   2.4717971e-02  -6.4185370e-03  -2.5069584e-04  -1.0187490e-04  -1.9202508e-04
  -6.9559154e-03   2.4480227e-02  -1.3093935e-02   1.8383461e-04  -6.9807813e-05  -1.6573496e-04
  -7.8251955e-03   4.9219224e-02  -2.2529705e-02  -1.0728129e-04  -7.9540127e-05  -1.9330807e-04
  -8.0879591e-03   2.6806376e-02   3.9422734e-03   2.8263461e-04  -8.8545253e-05  -2.4335779e-04
  -6.9495563e-03   2.0857438e-02   7.0181395e-03  -4.5563557e-05  -2.8619012e-04  -1.0183167e-04
  -6.3745755e-03   1.0519206e-02   3.3353134e-04   5.5866045e-06  -1.5492525e-04  -2.2104468e-04
  -7.9245229e-03   2.8062970e-02  -1.4642181e-02   1.2661283e-04  -3.4738187e-04  -1.2358320e-04
  -6.1782340e-03   2.2421928e-02   4.4797597e-03  -1.1461984e-04  -1.8638056e-04  -1.7812831e-04
  -5.8623342e-04   3.3891339e-02  -5.0697293e-03  -2.6269445e-04   1.0089321e-04   4.0487225e-05
  -2.0546220e-03   1.1327190e-02   1.8627541e-02  -2.3914370e-04   1.8937704e-05  -7.4426412e-05
   8.1205498e-04   1.5016535e-02  -1.2402083e-02   1.2410751e-04  -3.2272146e-04  -4.0406874e-05
  -1.8580825e-03   2.1701279e-02  -2.2662910e-03  -2.2059665e-04   2.3410578e-05  -2.8511989e-04
  -1.5606306e-03   1.6774308e-02  -1.1540091e-03   3.9476927e-04  -2.2498164e-04  -4.0010307e-05
  -6.3522533e-03   1.8346547e-02   3.2671347e-03  -2.6039738e-05  -2.0175580e-04  -1.3995704e-04
  -1.1504728e-02   2.7355140e-02   1.8603573e-02   1.6084430e-04  -2.7501653e-04  -1.2197349e-04
  -1.0618005e-02   2.8460188e-02   7.7765219e-03  -3.4565791e-04  -1.8072356e-04  -1.4013113e-04
  -1.0087314e-02   3.4503006e-02   4.6471322e-03  -2.8436797e-05  -2.3956711e-04  -2.4677670e-04
  -4.1871348e-03   3.7984117e-02  -1.0886101e-02  -9.3294644e-05  -4.1107154e-04  -4.0237156e-05
  -4.7804277e-03   2.5617457e-02  -3.6876053e-03  -1.7951389e-05  -2.5825257e-04  -1.1430009e-04
  -7.4242640e-03   3.1548708e-02   3.3506713e-03   4.7860779e-05  -2.2155639e-04  -5.5648525e-05
  -1.0171511e-02   2.0946182e-02  -1.1503869e-02  -2.5545742e-04  -3.1271209e-04  -1.7025246e-04
  -1.0277147e-02   1.0258813e-02   7.3715901e-03   1.9502752e-04  -2.8527148e-04  -1.5094669e-04
  -9.8633024e-03   6.3642652e-03  -4.2179708e-03  -4.7804087e-05  -2.4590586e-04  -1.2855164e-04
  -6.8302253e-03   2.1750924e-02   7.8895632e-03   1.3878758e-04   3.4978623e-05  -2.4894507e-04
   2.1907334e-04   1.8551711e-02  -5.7736786e-03   3.0012128e-05  -2.2508415e-04  -3.2437204e-05
  -3.4477181e-03   1.3658294e-02   1.1378848e-02   1.8459139e-05  -2.3910020e-04  -2.3162951e-04
  -1.4419006e-03   2.7570306e-02  -4.6081412e-03  -2.3050696e-04  -1.0564212e-04   7.2438574e-05
  -5.6153730e-03   1.7420337e-02  -5.4473794e-03  -1.9844115e-04  -2.3485630e-04  -2.0198317e-04
  -7.9550775e-03   4.6512064e-02  -2.4298825e-02   3.7459572e-05  -2.6064003e-04  -7.2981599e-07
  -8.1149716e-03   3.7017450e-02  -8.1854926e-03  -1.5418768e-04  -1.6851221e-04  -2.5668864e-04
  -6.5841093e-03   3.1074948e-02  -2.0781379e-03   2.3892034e-04   7.4587650e-05  -1.8801219e-04
  -8.0260959e-03   4.6715967e-02  -1.8367361e-02   2.3002802e-06  -1.4771211e-04  -2.1301103e-04
  -1.1048901e-02   3.8232128e-02   3.9760703e-03   2.8127759e-04  -2.8159954e-04  -4.2592784e-05
  -6.8994219e-03   1.9628263e-02   8.3054077e-03   1.3589083e-04  -2.4104315e-04   1.2806726e-04
  -1.0454483e-02   1.4693148e-02   9.6531936e-03  -1.6816011e-05  -2.1814622e-04  -1.6385971e-04
  -1.4024202e-02   2.3471192e-02  -1.0702961e-02  -1.6839734e-04  -4.3598038e-04  -1.1811313e-05
  -1.6429055e-02   2.6769589e-02  -1.9023788e-02  -1.3833509e-04  -2.6942403e-04  -2.2374697e-04
  -1.3727298e-02   2.1352084e-02   7.9289155e-04   3.1839826e-04  -1.1903976e-04  -2.5736686e-04
  -5.0103941e-03   9.8187418e-03   7.6163008e-03  -3.0418987e-05  -9.4001154e-05  -1.5123708e-04
  -3.7025846e-03   1.6676227e-02   1.0337701e-03   4.9296397e-05   5.0745531e-05  -1.8878435e-04
  -7.0887247e-03   1.9738280e-02  -5.4252077e-03   2.1636086e-04  -2.6259737e-04  -2.3143721e-04
  -8.9077394e-03   4.3373322e-02  -2.4619797e-02   2.2142307e-05  -6.5739299e-05  -2.9220475e-04
  -1.0332780e-02   3.8537797e-02  -1.2193138e-02   2.1803982e-04  -1.9063041e-04  -2.9883074e-04
  -6.2223310e-03   4.8609753e-02  -9.0279962e-04   2.4462085e-04  -5.3084586e-05  -1.2688046e-04
  -5.2710229e-03   3.0101834e-02  -9.2522632e-03  -1.0305301e-05  -1.9315691e-04  -3.4820499e-05
  -8.1742068e-03   1.4896659e-02   1.2610046e-02   1.7189872e-04  -1.8048557e-04  -1.0973244e-04
  -1.0311913e-02   3.1009929e-02  -1.9109647e-02   8.5061527e-05  -2.8884046e-04  -8.7223986e-05
  -5.9024029e-03   2.5119807e-02  -9.8207017e-03  -1.1416518e-05  -3.1298877e-05  -2.2364323e-04
  -3.3773958e-03   2.2051435e-02  -6.2728966e-03   1.8779066e-04  -2.6996691e-04   6.4409445e-05
   6.1909085e-05   1.1879538e-02  -1.1832813e-03  -3.0120008e-04  -7.4797459e-05  -1.6000244e-04
  -5.7224138e-04   2.2228844e-02   5.6483610e-03  -8.2196585e-07  -7.4345281e-05   1.1917673e-04
  -1.2599092e-02   2.0628351e-02  -9.4880207e-03  -6.1776400e-04  -3.0859021e-04  -6.0128166e-05
  -1.4684747e-02   2.7492403e-02   1.2799986e-02   9.2876252e-05  -2.6037899e-04   2.6888847e-05
  -1.2534049e-02   1.2856766e-02   9.6885500e-03  -1.2454554e-04  -2.4421889e-04  -5.4626416e-05
  -1.1584361e-02   7.8634620e-03   6.3884558e-04  -1.1058296e-04  -4.3347240e-04   1.7620164e-05
  -9.5407153e-03   2.7563183e-02  -2.3253949e-02  -6.5228595e-07  -2.8733888e-04  -1.4353559e-04
  -5.4630989e-03   3.9457940e-02  -9.0839437e-03   1.9908695e-04  -3.2089701e-04  -1.0046100e-04
  -7.5793094e-03   2.0755983e-02  -1.3333016e-03   3.4145197e-05  -2.0922107e-04  -1.4372236e-04
  -7.4437933e-03   1.3821946e-02  -1.1815224e-02   2.7898020e-04  -3.5626783e-04   2.5116674e-06
  -1.0220051e-02   5.4841699e-02  -2.4174642e-02   4.4218819e-05  -6.6046390e-05  -2.2731986e-04
  -1.0944879e-02   2.9042019e-02  -1.6194111e-02   4.0806853e-04  -1.7761033e-04  -1.2287021e-04
  -1.0115832e-02   5.0371936e-02  -1.9095439e-02   5.3451855e-04  -1.6286126e-04  -2.7362056e-04
  -7.2880166e-03   4.0843550e-02  -1.0203233e-02   3.1077025e-04   3.2674533e-05  -2.8397824e-04
  -5.4274152e-03   9.8005695e-03   4.7164543e-03   5.3078795e-04  -1.1766631e-04  -4.5902751e-05
  -5.3200844e-03   6.1597823e-03  -7.2360522e-03   5.5128555e-05  -2.0130251e-04  -1.9272410e-04
  -1.0439824e-02   4.6858266e-02  -1.4818724e-02   3.2119512e-04  -1.6002837e-04  -1.2015813e-04
  -9.5517608e-03   3.2638400e-02  -1.2468423e-02   5.2975837e-04  -2.3479378e-04  -3.6376305e-06
  -1.7038485e-02   4.3056753e-02  -3.1083898e-02   2.2901585e-04  -2.5658563e-04  -2.6834455e-04
  -1.7662045e-02   3.5298997e-02  -1.9744131e-02   3.3820330e-04  -3.9725136e-04  -1.6077027e-04
  -2.0495431e-02   5.5044441e-02  -1.8335703e-02   6.4609863e-04  -4.3635730e-04  -2.7332215e-05
  -1.5798119e-02   5.5040629e-02  -1.8619809e-02   2.1353283e-04  -1.9593601e-04  -1.3028598e-04
  -7.5098037e-03   3.1480927e-02   4.9869988e-03  -1.0400404e-04  -1.0467441e-04  -2.6240582e-04
  -6.4882324e-03   1.5823655e-02   2.4031298e-02  -1.0546646e-04  -1.0970150e-05  -1.6594125e-04
  -4.8857423e-03   2.6061712e-02  -2.5414260e-02   1.5731015e-04  -1.2219722e-04  -3.6647869e-05
  -1.4601585e-03   2.8301336e-02  -1.0646194e-02  -1.2283559e-05   6.5139403e-05  -8.9607743e-05
