   0.0000000e+00   0.0000000e+00   0.0000000e+00   0.0000000e+00   0.0000000e+00   0.0000000e+00
  -1.7545265e-03   1.7352311e-02  -7.8733408e-03   4.0076600e-04   1.7585333e-05  -2.4768492e-05
  -6.4697615e-03   1.8478420e-02  -1.9893602e-02   1.8907903e-04  -1.9803746e-04  -1.1118649e-04
  -7.8033571e-03   3.1032794e-02  -2.3724042e-02  -1.0399448e-05  -4.4968783e-04   3.3564679e-04
  -8.3537219e-03   1.0301353e-02  -1.7241225e-02  -6.6261651e-06  -6.6526067e-05  -3.4923812e-05
  -4.3956327e-04   2.0361765e-02  -9.0648583e-03   4.0987486e-04   4.2986217e-05   9.1331132e-05
  -6.3606149e-03  -2.0531249e-04  -5.0230006e-03  -3.3872522e-04  -1.0667169e-04   2.4485661e-04
  -8.6262900e-03   1.7165043e-02  -1.9384601e-02   6.6451547e-06  -7.6260692e-05   2.2037878e-04
  -1.2290371e-02   1.5766648e-02  -2.2241256e-02   1.0389606e-04  -1.1508432e-04  -1.3725708e-04
  -5.1181370e-03   3.1140969e-03  -2.4380684e-02   1.6886616e-04  -9.1404591e-05  -3.2837711e-05
  -8.0007265e-03   1.2790094e-03  -2.0078078e-02   2.3037264e-04  -1.7922179e-05  -7.9350466e-05
  -5.0184251e-03   1.0291805e-02   4.7697897e-03   2.1301068e-04   5.2646489e-05  -1.5108365e-04
  -5.7557378e-03   1.3238298e-02  -8.7655086e-03   2.4441455e-05  -3.3344825e-05  -1.2330980e-04
  -7.6098913e-04  -4.6857621e-03  -8.2706982e-03   1.8314971e-04  -5.0161573e-06  -1.3744849e-05
  -3.1471152e-03   1.5236654e-02   1.9476259e-03   1.2997333e-04   6.6199093e-05  -1.4547340e-04
  -6.0319255e-03   1.5419213e-02  -1.0296597e-02   1.6880605e-04  -1.0830208e-04  -1.3752310e-04
  -5.0560459e-03   6.7417727e-03  -1.7027707e-02   1.9481702e-04  -4.8163340e-05  -2.1839749e-04
  -3.5902248e-03   1.2524213e-02  -2.5121748e-02   1.6210605e-04  -1.5925357e-05  -3.1238373e-04
  -6.1551206e-03   2.0202638e-02  -8.2431851e-03   1.4516907e-04   6.5959707e-05  -8.7105804e-05
  -5.7302793e-03   1.7093030e-02  -1.2637348e-02   1.1072778e-04   2.1657857e-04  -1.8473888e-04
  -3.9607484e-03   1.1947461e-02  -1.7297181e-02   2.3101202e-04  -1.1292077e-04   3.9140151e-05
  -1.4711577e-03   8.0415365e-03  -1.4153283e-02   1.6867579e-04  -1.4501074e-04  -9.0434366e-05
   1.0135990e-03   2.8940655e-03  -4.0110434e-02   1.4343600e-04  -4.3256302e-05  -3.8534920e-05
  -2.5286982e-03   5.8998854e-03  -4.8410527e-03   8.0700436e-05   7.5198980e-07   3.1169372e-04
  -9.8350429e-03   2.3893927e-02  -1.4657956e-02  -1.3061888e-04  -4.7359679e-04   2.8411164e-04
  -5.0700607e-03   1.8229896e-02  -2.1331662e-02  -2.1578932e-04  -1.2741567e-04  -2.1294998e-05
  -3.8689518e-03   3.5769659e-03  -4.9590558e-03  -3.5285187e-05  -6.7914718e-05   3.8810773e-05
  -1.2809290e-03   1.1882611e-02  -6.1090215e-04   2.7685122e-05  -6.7804226e-05   3.8663436e-05
  -5.2804359e-03   2.0567973e-02  -1.0979084e-02   2.9286834e-05  -8.4961506e-05  -2.7485488e-05
  -3.5616109e-03   2.2909559e-03  -9.0297755e-03   5.6044470e-06  -3.9553749e-05   3.3176403e-05
  -1.9514806e-03   3.5410702e-02  -5.0972457e-03   3.7791275e-04  -1.7906502e-04   2.0579750e-04
  -5.6354526e-03   2.2668178e-02  -1.3917713e-02   1.7795975e-04  -1.3349750e-04  -4.5687422e-05
  -9.9297378e-03   1.5301917e-02  -2.9626403e-02  -1.2027236e-05  -1.1293533e-04  -1.5688671e-04
  -5.9376710e-03   9.5578282e-03  -2.6185694e-02  -1.4989899e-04  -3.5102458e-04   3.6173509e-04
  -7.3971815e-03  -1.0432270e-03  -1.6743766e-02   2.2651655e-05  -1.0873692e-04  -9.4638378e-05
  -6.9019956e-03   1.2176193e-02  -2.4653369e-02   1.3574115e-04  -1.6242140e-04  -1.0346434e-04
  -1.0131413e-02   9.0770660e-03  -1.1665582e-02   5.5977770e-05  -3.9560653e-05   7.8242835e-06
  -9.0148520e-03   2.6425960e-03  -8.1057611e-03  -1.0601249e-04  -7.2283631e-05   2.0445064e-04
  -1.0678328e-02   3.7877983e-03  -1.4554542e-02  -4.5329608e-05  -9.8362099e-05   2.9881022e-04
  -1.4390365e-02   1.3872924e-02  -2.1243789e-02  -1.5007438e-04  -3.0394200e-04  -9.5417457e-05
  -1.7337569e-02   1.3612349e-02  -1.5935940e-02   2.4814353e-05  -2.6623559e-04  -1.6994385e-04
  -1.4741687e-02   1.0771523e-02  -1.6669185e-02   1.2447524e-05  -1.4351001e-04  -1.0094004e-04
  -7.0363637e-03   9.0339919e-03  -1.6690160e-02  -4.3040567e-05  -1.4360129e-04  -7.8939880e-05
  -5.5852956e-03   9.4688441e-03  -1.6465084e-02   1.9984294e-05  -2.0981950e-04   7.2120285e-07
  -8.4265745e-03   5.4761361e-03  -5.2380076e-03   9.5953571e-05  -1.2702398e-04  -2.5584218e-04
  -3.4380002e-03   2.3882173e-02  -8.7842935e-03  -8.1244682e-05  -1.1275626e-04   5.8811575e-05
  -8.8189109e-03   2.6035043e-02  -1.4565496e-02  -2.7549338e-04  -1.1925739e-04   6.7858193e-06
  -7.5240209e-03  -3.4425616e-03  -3.3056293e-02  -1.6112065e-04  -2.1879214e-04  -9.4264421e-05
  -7.5437819e-03  -6.9583687e-03  -2.7755845e-02   1.3411706e-05  -1.2322573e-04   7.9528663e-05
  -4.0043651e-03   2.0920159e-02  -1.4444458e-02   2.9907387e-04  -2.0313419e-04   1.5137502e-04
  -5.6018280e-03   8.0845767e-03  -2.4999548e-03  -7.4543302e-05  -2.5748202e-05  -2.4244935e-05
  -5.3769195e-03   5.4803316e-03  -2.0926297e-04  -8.8612818e-06  -3.4050418e-05  -1.0213605e-04
  -4.9981796e-03   4.9531283e-03   3.4037374e-03  -1.1962826e-04  -5.9376939e-05   6.7834926e-05
  -9.5608515e-03   1.4194396e-02  -2.1597463e-02  -3.2999075e-05  -2.0693366e-04  -2.2606382e-05
  -7.7993314e-03   1.1620041e-02  -2.1476558e-02  -2.2276063e-04  -2.0139074e-04  -1.4964450e-05
  -4.4309585e-03   6.4815870e-03  -1.9722022e-02  -2.2327273e-04  -2.4209452e-04   1.8671663e-05
  -4.6083488e-03  -1.9971039e-03  -1.5962827e-02  -1.3817924e-04  -2.6436056e-04   3.6321009e-05
  -6.6428987e-03   8.7643730e-03  -2.3254163e-02  -2.1009713e-04  -2.8054795e-04   3.9613966e-05
  -1.1944060e-02   2.2187413e-02  -2.4276481e-02  -3.8188713e-05  -1.7767309e-04  -5.1925682e-05
  -1.4757412e-02   3.2170935e-02  -1.9424915e-03  -1.7767188e-04  -1.7785205e-04   1.9902239e-05
  -1.2809278e-02   1.9474037e-02  -4.5406002e-03  -2.3001882e-04  -1.8671210e-04  -8.9757683e-05
  -8.8576471e-03   1.3348075e-02  -3.2111336e-03  -1.4160890e-04  -2.8267473e-04   1.3006033e-05
  -6.6073042e-03   3.0349470e-03  -1.4150808e-02  -1.8989664e-04  -2.0537484e-04  -1.0345352e-04
  -6.9471370e-03  -2.5522623e-04  -1.0590436e-02  -1.6265642e-04  -2.1986107e-04  -2.9199290e-05
  -5.4822509e-03   1.9875928e-02  -7.3450260e-03   1.5648689e-04  -1.3557288e-04   5.7472868e-05
  -5.7387939e-03   1.1958262e-02  -5.0220046e-03  -1.4890371e-04  -6.3598356e-05   1.1901006e-04
  -1.0611527e-02   9.6083166e-03  -2.4544417e-02  -2.8540747e-04  -3.3049521e-04   1.0970608e-04
  -1.1150920e-02   9.1313975e-03  -1.8544603e-02  -2.6378104e-04  -2.9039485e-04   7.1904564e-05
  -9.6801812e-03   1.2146189e-02  -2.4810117e-02  -2.4369910e-04  -2.1612907e-04  -3.0257155e-05
  -1.2687902e-02   2.1619098e-02  -1.2035210e-02  -2.3741358e-06  -3.3368038e-04   2.3959070e-04
  -1.5748892e-02   1.6353979e-02  -2.3958143e-02  -4.7850430e-05  -3.8436451e-04  -5.9463586e-05
  -1.3567656e-02   7.3237476e-03  -2.2085704e-02  -1.0254218e-04  -4.2119531e-04   9.4762576e-05
  -1.1831188e-02   3.9555544e-03  -2.1687748e-02  -1.8793464e-04  -4.5181926e-04   3.0114109e-05
  -1.2182396e-02   3.9390972e-03  -1.2079213e-02  -2.6712148e-04  -4.1238430e-04   7.3963741e-05
  -8.5019720e-03   1.7075059e-02  -3.3956063e-02   2.1054716e-04  -3.9378866e-04   9.0630281e-05
  -1.0351837e-02  -1.1107107e-03  -2.7998097e-02  -2.8661677e-04  -2.3759434e-04   3.3265048e-05
  -1.1992269e-02   8.9576798e-03  -3.1580572e-02  -2.3661529e-04  -3.3594986e-04   2.1752029e-04
  -1.6579735e-02   1.8470974e-02  -2.3412431e-02  -3.4522972e-04  -3.6977465e-04   1.8982432e-04
  -1.6250654e-02   2.8839321e-02  -1.6990994e-02   3.9386281e-04  -4.7776680e-04   8.9866635e-05
  -1.4876949e-02   3.6917374e-03  -3.2025150e-03  -5.4542693e-04  -3.2342132e-04   1.7253169e-04
  -1.6745236e-02   1.6630335e-02  -7.6621844e-03  -2.0079125e-04  -3.1906874e-04   3.2004868e-05
  -1.5975047e-02   1.8007611e-02  -2.0866718e-02  -2.2934546e-04  -4.9825877e-04  -3.4206393e-07
  -1.2212899e-02   8.3682229e-03  -2.0994937e-02  -2.3891744e-04  -3.7526747e-04   2.9203588e-05
  -1.5328934e-02   6.5940403e-03  -1.5804777e-02  -2.5106724e-04  -3.3524919e-04   1.7123675e-05
  -1.5903471e-02   6.5724213e-03  -2.1031942e-02  -1.2853872e-04  -5.3610810e-04   5.8967447e-05
  -1.3277722e-02   7.7794066e-03  -2.4144885e-02  -2.4663704e-04  -3.8754891e-04   3.2338096e-05
  -1.8591051e-02   8.1353997e-03  -1.6276343e-02  -1.6647440e-04  -3.8202881e-04   7.5227550e-05
  -1.7294054e-02   4.9753630e-03  -7.7165043e-03  -2.9638395e-04  -3.1556057e-04   5.2580562e-05
  -1.3125456e-02   3.3724439e-02  -1.1094228e-02  -3.9924121e-05  -2.0787535e-04  -3.1622860e-06
  -1.7402997e-02   2.1298578e-02  -5.6037232e-03  -3.9730905e-04  -4.0342770e-04   1.4964766e-04
  -1.4763656e-02   8.4867525e-03  -2.1471304e-02  -1.0124328e-04  -4.5364928e-04  -7.7159747e-05
  -1.2023400e-02   9.1225989e-03  -2.0268196e-02  -2.1887121e-04  -4.6823819e-04   5.2855345e-05
  -8.6949241e-03  -2.8292144e-03  -2.1389418e-02  -2.4703064e-04  -3.6045316e-04   2.0771477e-05
  -1.3841097e-02   1.8650503e-02  -2.9595511e-02  -1.6799128e-04  -7.6890470e-04   3.8222179e-04
  -1.3356424e-02   1.8330048e-02  -1.2699832e-02  -4.3870254e-04  -8.2354512e-05   9.8860048e-05
  -1.9794453e-02   2.3970720e-02  -1.6836387e-02  -2.1946881e-04  -6.4577381e-04   1.9465295e-04
  -1.1515116e-02   1.4349443e-04  -2.6781707e-02  -6.0423835e-04  -5.6877799e-04   4.9829250e-05
  -2.1318764e-02  -3.5265282e-03  -2.1203479e-02  -5.0748950e-04  -4.3564297e-04  -9.1288229e-05
  -1.5200022e-02   5.9062164e-03  -5.7443055e-03  -4.7972097e-04  -4.4448821e-04  -1.7150494e-05
  -1.6038526e-02   1.8120686e-02  -9.7263785e-03  -4.6263649e-04  -4.1793253e-04   6.5487152e-05
  -1.1939149e-02   1.5012858e-02  -1.1027091e-02  -3.9465915e-04  -3.9930008e-04   6.9856991e-05
  -8.4261533e-03   7.3808743e-04  -9.0327616e-03  -6.2457184e-04  -1.2733295e-04  -1.3238328e-05
  -9.2470890e-03   3.4939023e-02  -2.9567762e-02  -6.5430421e-05  -5.9717972e-04   1.1017114e-05
  -1.1701804e-02   2.0511271e-02  -3.2253582e-02   3.8252890e-05  -2.5502119e-04   1.6662573e-05
  -1.7366482e-02   6.1047530e-03  -2.6248830e-02  -2.1390231e-04  -6.4251013e-04   1.0149025e-04
  -1.3716315e-02   7.3378117e-03  -1.2427840e-02  -8.7541557e-05  -4.9893665e-04  -8.0861660e-05
  -1.3853197e-02  -1.5099663e-03  -1.0516986e-02  -2.9473978e-04  -3.7473507e-04  -9.4428301e-05
  -1.2939122e-02   2.1282615e-04  -5.9616914e-03   5.6885438e-05  -5.1613442e-04  -7.1009267e-05
  -1.7617143e-02  -8.2239530e-04  -4.7224206e-03  -3.5199246e-04  -5.1631061e-04   3.9654387e-06
  -1.8660750e-02  -2.1837479e-03  -1.1739797e-02  -2.0741239e-04  -4.4927492e-04  -1.8954970e-04
  -1.6149149e-02  -2.0606551e-03  -1.9932985e-02  -3.3115010e-04  -5.6463986e-04  -2.6166876e-05
  -1.3866074e-02   1.4819059e-03  -1.3926727e-02  -2.7180083e-04  -4.9972568e-04   2.9192279e-05
  -1.2526562e-02   1.7971962e-02  -4.4648090e-03  -1.8152405e-04  -2.5040124e-04   2.5018209e-05
  -1.9606985e-02   1.5997973e-02  -2.9002263e-02  -4.0407752e-04  -3.4985539e-04  -2.7784192e-05
  -1.6856334e-02   1.9189815e-02  -2.4892990e-02  -4.5703634e-04  -4.4721255e-04   8.7553384e-05
  -1.1113316e-02   1.0275227e-02  -3.2933123e-02  -4.2201553e-04  -3.6372274e-04  -4.7745815e-05
  -1.4371730e-02   8.0660243e-03  -1.9891151e-02  -3.5257859e-04  -2.4772797e-04  -1.3669401e-05
  -1.7766650e-02   1.4346982e-02  -1.7687825e-02  -4.2703134e-04  -3.7437376e-04   3.7954613e-05
  -1.9701208e-02   1.0068154e-02  -1.9751650e-02  -3.5536957e-04  -3.4769218e-04   3.3541742e-05
  -1.8201993e-02  -5.4496368e-04  -3.0572770e-02  -3.9009879e-04  -4.8835752e-04  -5.3054592e-05
  -1.7228443e-02   2.2775221e-04  -2.7461410e-02  -5.2321700e-04  -5.6997002e-04   1.8672753e-04
  -1.4274056e-02   5.6720635e-04  -2.9853188e-02  -2.8527868e-04  -5.3367688e-04  -1.1481616e-04
  -1.3685982e-02   5.3735221e-03  -4.4056237e-02  -2.7215494e-04  -5.2947727e-04   6.1973697e-05
  -1.6713746e-02   7.6183984e-04  -1.5912072e-02  -2.9705589e-04  -3.8897412e-04  -5.6417391e-05
  -1.9928358e-02   4.0743746e-03  -9.0986912e-03  -3.9074800e-04  -3.5920862e-04  -5.7132190e-05
  -1.5578867e-02   6.9906581e-03  -3.3225692e-02  -6.4041495e-04  -3.9423921e-04   7.1727072e-05
  -1.8412717e-02  -1.6225286e-03  -4.6060848e-02   8.8005210e-04  -5.2354801e-04  -3.4569588e-05
  -1.4833421e-02  -7.3306522e-03  -1.9931606e-02  -4.6840008e-04  -6.3006457e-04   2.8926706e-04
  -1.6697426e-02   1.0508007e-02  -2.1343501e-02  -3.6349746e-04  -5.9206447e-04   1.0581160e-04
  -1.4810061e-02   2.6901402e-02  -2.4005589e-02  -1.0888844e-04  -4.5644504e-04   1.4058094e-04
  -1.1977308e-02   6.9986912e-03  -2.4683023e-02  -4.1521487e-04  -4.7611417e-04   1.9066895e-04
  -6.6634630e-03  -1.9589001e-02  -3.2296929e-02  -4.6794921e-04  -3.9227376e-04   1.6327363e-04
  -1.1220648e-02  -7.7069876e-03  -2.4184147e-02  -4.6692209e-04  -5.1200722e-04   1.4003479e-04
  -1.4878456e-02   2.8646000e-03  -2.6580635e-02  -3.9251346e-04  -4.5432618e-04   3.9758307e-05
  -2.1451672e-02   4.4162181e-03  -2.6730633e-02  -5.3905543e-04  -4.5587121e-04   1.3101254e-04
  -1.7521091e-02   1.1696292e-03  -3.6014375e-02  -6.3546630e-04  -5.1201628e-04   4.3071450e-05
  -1.8021402e-02   7.7858502e-03  -2.7335128e-02  -5.0497881e-04  -4.9154814e-04   4.5816860e-05
  -1.7518496e-02  -1.7231426e-03  -3.3365944e-02  -4.9784060e-04  -6.6587267e-04   4.6953916e-05
  -1.6144964e-02   1.7882338e-02  -1.5468041e-02  -3.7557379e-04  -5.6561504e-04   2.2219651e-04
  -2.0837348e-02   2.0779066e-02  -3.1868100e-02   6.6260900e-04  -6.2169353e-04   2.9061322e-05
  -1.9591002e-02   7.0273609e-03  -2.7977255e-02  -4.8912621e-04  -5.6182260e-04   5.9963294e-05
  -1.4062655e-02   1.7740980e-02  -1.7857518e-02  -1.7015820e-04  -6.4896877e-04   4.2510771e-05
  -1.9031018e-02   1.2856790e-02   8.7052651e-04  -2.2183530e-04  -2.9618569e-04  -6.6911576e-05
  -1.3301850e-02   3.1049912e-02  -7.4706980e-03   1.3079418e-05  -5.4650377e-04   7.8290440e-05
  -1.6287167e-02   3.5145121e-03  -2.1039131e-02  -9.6492454e-05  -3.9728251e-04  -9.3768257e-05
  -1.7941532e-02   1.1631475e-02  -2.7352953e-02  -1.8017578e-04  -7.1440906e-04   1.8771740e-04
  -1.5853691e-02   5.2426160e-03  -2.7034655e-02  -4.3628501e-04  -5.1160315e-04   7.7441444e-05
  -1.6879102e-02   5.8013888e-03   1.9012816e-03  -2.4721911e-04  -2.4108520e-04   1.1667942e-04
  -1.5613179e-02   3.1028451e-02  -1.0936413e-02  -1.8524253e-04  -7.2718321e-04   3.6702957e-05
  -1.3988287e-02   2.2889924e-02  -2.9567168e-02   7.6533562e-05  -4.9547351e-04   2.0312678e-04
  -1.6644834e-02   1.3262367e-02  -2.1985087e-02  -1.3857238e-04  -4.9976462e-04   7.0202414e-05
  -1.8640244e-02   3.8512935e-02  -6.5092008e-03   2.1728353e-04  -4.6808786e-04   1.2744988e-04
  -2.0841374e-02   1.3415780e-02   3.8037940e-05  -2.8741157e-04  -3.8069381e-04  -1.2806818e-04
  -1.3713846e-02   4.9871177e-04  -3.6553796e-03  -2.3789049e-04  -5.6966474e-04  -6.2727726e-05
  -1.2662453e-02  -3.8911104e-03  -7.2153074e-04  -1.2277045e-04  -3.5803399e-04  -2.0578342e-04
  -1.5010693e-02   9.2788335e-03  -9.4418094e-03  -2.1292784e-04  -5.7959671e-04  -1.0909264e-05
  -2.2694811e-02   1.6809420e-02  -1.5803258e-02  -1.6629784e-04  -6.4894818e-04  -1.3540439e-04
  -1.3103401e-02   1.2971751e-02  -2.9647285e-02  -2.7441351e-04  -5.2456435e-04  -2.5966122e-04
  -2.3282831e-02   2.0751756e-02  -6.6412652e-03  -2.4296054e-04  -3.7599840e-04   4.7173109e-05
  -2.1813471e-02   1.9841800e-02  -1.9153213e-02  -3.6996875e-04  -4.9641885e-04   9.1361139e-05
  -2.2245661e-02   2.1130387e-02  -2.5480100e-02  -2.0387861e-04  -6.7001176e-04  -9.9701170e-06
  -2.4134829e-02   2.0872533e-03  -2.3988746e-02  -3.1453590e-04  -5.7691814e-04  -8.3755469e-05
  -2.2425749e-02   5.7930305e-03  -3.5460803e-02  -4.0859232e-04  -5.7416021e-04  -1.4580603e-04
  -2.3381279e-02   8.2236612e-03  -4.9846314e-02  -1.1788751e-04  -5.7027195e-04  -3.1508260e-04
  -1.6908297e-02   2.9883706e-02  -1.6657251e-02   1.8223592e-04  -5.5834694e-04   2.7503624e-04
  -2.0035351e-02   2.0718329e-02  -2.1668953e-02   2.2735840e-05  -6.3386631e-04   1.1355234e-05
  -1.8537443e-02   1.7128984e-04  -2.8917982e-02  -3.2606334e-04  -5.2891476e-04  -1.8656934e-04
  -1.7464400e-02   2.7304701e-02  -3.0960535e-02   9.9913607e-06  -5.4468337e-04  -4.9617675e-05
  -1.9273550e-02   3.7257309e-02  -3.2434091e-02   2.5353365e-05  -4.4814360e-04   4.1789607e-05
  -2.1414288e-02   1.4540559e-02  -3.0651379e-02  -3.2927148e-04  -4.1476432e-04  -9.2437831e-05
  -1.9363813e-02   1.1415131e-02  -1.5802534e-02  -5.9570341e-04  -4.3940121e-04   1.6577033e-04
  -1.9522692e-02   1.2027514e-02  -3.3145161e-02  -7.0061025e-04  -6.3605614e-04   2.7404338e-04
  -1.1369600e-02   3.0882775e-02  -6.1732332e-02   1.0938360e-03  -4.2939567e-04   2.6418687e-04
  -1.0330111e-02  -1.0498104e-03  -4.1021243e-02  -5.2813760e-04  -4.1766006e-04   1.4273710e-04
  -1.9460633e-02   2.7978735e-02  -1.4391023e-02  -1.7377380e-04  -3.1608224e-04   1.4637244e-04
  -1.6234945e-02   3.7244223e-02  -5.3638084e-02   3.3492825e-04  -8.3705326e-04  -8.0459638e-05
  -9.2241767e-03   2.3870609e-02  -2.3530060e-02   2.2881213e-04  -5.9458379e-04   4.5161912e-05
  -5.9702432e-03   1.5321354e-02  -2.1597967e-02   9.2344329e-06  -4.4767589e-04  -2.7099840e-05
  -1.1123515e-02  -1.3882142e-02  -1.0404508e-02  -2.4452023e-04  -5.1844472e-04  -5.8129390e-05
  -4.5135256e-03   1.9682099e-02  -9.6013192e-03   1.7374539e-04  -6.3901276e-04  -1.0039559e-04
  -1.2360000e-02   3.3786289e-03   1.6560964e-02  -2.6891732e-04  -4.4796614e-04  -1.4902366e-04
  -9.0260775e-03   2.3428567e-02   1.3345759e-02   2.5059887e-04  -5.5487648e-04  -2.3266202e-04
  -5.9314745e-03   1.8814591e-02  -7.0288092e-03   1.5178041e-04  -6.0367596e-04  -1.9886348e-04
  -8.8766567e-03  -2.3899333e-03  -1.6961930e-02  -3.0777708e-04  -5.4361158e-04  -1.8291043e-04
  -1.2811630e-02  -1.4140681e-02  -2.7856485e-02  -3.7960968e-04  -5.4589703e-04  -2.0311373e-04
  -1.2613978e-02   2.3715036e-02  -2.8009423e-02   1.2454283e-05  -6.0226011e-04  -6.6196754e-05
  -1.6002851e-02   4.6646802e-03  -2.7246622e-02  -3.3049226e-04  -6.9466121e-04  -1.4309294e-04
  -1.6377786e-02   3.5540410e-03  -2.8042916e-02  -2.7271861e-04  -6.4498879e-04  -2.3437267e-04
  -7.9695097e-03   2.0726645e-03  -4.7153170e-02  -2.1130522e-04  -7.4261003e-04  -2.1112937e-04
  -1.2518670e-02  -5.1405626e-03  -1.0922778e-02  -3.4899417e-04  -4.2766035e-04  -1.9006512e-04
  -1.4205740e-02   1.2195054e-02  -1.9837059e-02  -3.1930321e-04  -5.3054188e-04  -1.3730523e-04
  -1.6903025e-02   1.8951776e-02  -3.2926630e-02  -2.5766654e-04  -5.7247541e-04  -2.7781546e-05
  -2.0286138e-02   1.6636304e-02  -4.1533366e-02  -4.4576808e-04  -5.9740797e-04   7.3542900e-05
  -2.0532131e-02   1.4720880e-02  -3.3021329e-02  -3.4159435e-04  -6.9288119e-04   1.4229865e-04
  -2.3483363e-02   1.3789998e-02  -2.1975000e-02  -4.9660521e-04  -5.7489965e-04  -1.8026828e-05
  -1.5724583e-02   2.1676623e-02  -2.8555982e-02  -2.8922414e-04  -6.2058176e-04   6.6504488e-05
  -1.7391095e-02   2.9828572e-02  -3.1611728e-02  -3.5769010e-04  -7.1948427e-04   2.0386807e-06
  -1.0942148e-02  -6.8147733e-03  -4.1016826e-02  -4.6140365e-04  -5.7338516e-04   2.2283396e-04
  -1.6739775e-02  -1.2327536e-02  -2.6362852e-02  -7.8212119e-04  -4.6400408e-04  -2.2307626e-04
  -1.8603313e-02   2.2275922e-02  -3.9165610e-02  -3.5859414e-04  -5.4847666e-04  -1.9833691e-05
  -1.5389421e-02   1.6281480e-02  -3.9774541e-02  -3.6655741e-04  -5.1010945e-04  -1.0877648e-04
  -1.8679461e-02   5.9076696e-03  -1.7918629e-02  -2.2265710e-04  -5.2774893e-04  -1.7425759e-05
  -2.6018345e-03   2.2610589e-02  -4.0231202e-02  -1.2488068e-04  -3.9587734e-04  -5.6456564e-05
  -1.4127422e-02   3.3116564e-02  -1.6517728e-03  -1.0283926e-04  -6.9185201e-04   3.5945120e-04
  -1.5731969e-02   3.9227561e-03  -2.3059911e-02  -5.1931746e-04  -5.5201651e-04  -1.8289118e-04
  -1.7301579e-02   2.3812679e-02  -2.8319323e-02  -1.3879733e-04  -6.5434351e-04   2.5188803e-05
  -2.2459754e-02   7.3412318e-03  -3.0672537e-02  -6.0250813e-04  -7.5562042e-04   1.1285207e-04
  -1.7333300e-02  -1.0485250e-02  -2.7718943e-02  -6.3265019e-04  -4.5379744e-04  -2.3520034e-04
  -1.7106572e-02  -1.1367671e-02  -2.5966330e-02  -4.5669332e-04  -3.9289779e-04  -3.3178178e-04
  -1.5382280e-02  -9.0580651e-03  -2.9788020e-02  -1.9168363e-04  -4.4342926e-04  -2.8515648e-04
  -1.5839441e-02  -5.9688296e-04  -3.3598537e-02  -2.5656842e-04  -6.1632974e-04  -4.4162869e-05
  -1.3819285e-02   6.6126008e-03  -3.6966053e-02  -4.8792112e-04  -5.3977857e-04  -7.9869847e-05
  -1.5037471e-02   2.9221571e-03  -4.0180350e-02  -2.7455423e-04  -6.0563629e-04   1.9602440e-05
  -1.1083528e-02   2.5274945e-03  -1.0563481e-02  -2.8584869e-04  -3.2450834e-04  -4.3540609e-05
  -1.9515750e-02  -1.2723080e-02  -3.1517845e-02  -7.0720554e-04  -4.4908378e-04  -1.0454047e-04
  -2.0489225e-02   6.6785392e-03  -3.4825051e-02  -4.1719470e-04  -6.7586821e-04  -1.0464054e-04
  -1.8555312e-02   2.8741672e-02  -4.0841738e-02  -2.1570002e-04  -7.3269053e-04  -8.0368782e-05
  -1.2852775e-02   1.3915509e-02  -3.8382972e-02  -8.5426177e-05  -5.2030617e-04   2.8409995e-05
  -1.1353725e-02   1.2955949e-02   2.2126665e-03  -4.1020063e-04  -3.1694163e-04  -1.0072108e-05
  -8.1464655e-03   1.7298929e-02  -1.6397996e-02  -3.5606302e-04  -5.1017840e-04  -4.4483801e-05
  -1.0851349e-02  -1.4208617e-03  -1.1641799e-02  -2.2859853e-04  -3.3691602e-04  -6.4402103e-05
  -9.0228287e-03  -3.7929002e-03  -1.7985848e-02  -3.8099989e-04  -4.1902191e-04  -5.9999466e-05
  -7.5368174e-03  -1.4395611e-02  -2.0408934e-02  -6.0032315e-04  -4.1514756e-04  -2.6041254e-04
  -1.2147299e-02  -1.4165195e-02  -3.6486650e-02  -4.0896703e-04  -5.9046625e-04  -1.2867386e-04
  -1.7036494e-02   1.8169223e-02  -4.7603363e-03  -2.7396255e-04  -6.8295453e-04  -1.1196703e-05
  -1.0815397e-02   1.9311057e-02  -2.7842258e-02  -9.1095024e-06  -4.3584948e-04  -1.2382406e-04
  -1.2829578e-02   1.1975269e-02  -2.7114397e-02  -1.4160444e-04  -6.6195559e-04  -1.0296132e-04
  -1.4234600e-02  -1.9868491e-03  -3.2991268e-02  -5.9421743e-04  -6.0517341e-04  -4.5322328e-05
  -1.5987369e-02  -5.4455677e-03  -3.0911194e-02  -5.0532057e-04  -5.1761658e-04  -1.2085421e-04
  -1.9513460e-02  -7.3063866e-03  -3.6906696e-02  -3.7327885e-04  -5.2427653e-04   2.2020166e-05
  -1.7840674e-02   1.2489592e-02  -3.9919383e-02  -3.2107274e-04  -5.2851790e-04  -1.1970801e-04
  -1.8082895e-02   6.8064324e-03  -1.6120900e-02  -6.4786878e-04  -4.9444262e-04  -7.0894904e-05
  -1.2114144e-02   1.9927648e-02  -3.8115164e-02  -4.4409819e-04  -4.5605618e-04  -1.0226914e-04
  -7.0148293e-03   9.6261829e-03  -3.6691963e-02  -2.0162084e-04  -7.4861887e-04   2.6186082e-04
  -1.3475419e-02  -1.1057970e-02  -3.6186962e-02  -5.4860089e-04  -4.8367435e-04   2.2270007e-05
  -1.8378793e-02   1.3209430e-02  -4.0333546e-02  -2.8903552e-04  -8.2171737e-04   4.2214823e-05
  -2.0993626e-02   1.4516786e-02  -3.1251742e-02  -5.3145817e-04  -6.7809444e-04   2.5440625e-04
  -1.6284658e-02  -8.3328276e-03  -3.1916891e-02  -7.7548012e-04  -5.5972539e-04  -1.4282868e-04
  -1.6477889e-02   7.8282962e-03  -2.5291249e-02  -1.8931541e-04  -4.3297542e-04  -3.0624391e-04
  -2.2425939e-02   8.3227824e-03  -1.8717648e-02  -6.7832263e-04  -4.5801337e-04  -1.0347747e-04
  -1.9521189e-02   3.3898522e-03  -2.2135530e-02  -7.0059861e-04  -5.0671327e-04  -2.1980940e-05
  -1.8792306e-02  -8.7954405e-03  -2.5866281e-02  -7.2591066e-04  -6.4972902e-04  -1.9435663e-04
  -1.8049061e-02   1.3104938e-03  -6.8593674e-03  -2.5534194e-04  -5.7161354e-04  -2.4206266e-04
  -2.0794139e-02   2.6871146e-02  -2.5495644e-02  -4.1781995e-04  -5.9559774e-04  -1.3728999e-04
  -1.7835140e-02   7.2087864e-03  -2.4860746e-02  -1.8727469e-04  -5.3825038e-04  -8.0813723e-05
  -1.0085768e-02  -8.0116005e-03  -1.3534519e-02  -5.8671878e-04  -4.6512852e-04   1.6264843e-05
  -8.2585188e-03  -1.4237986e-02  -4.1107117e-02  -6.8744306e-04  -5.6326388e-04  -2.4478845e-05
  -1.0567346e-02  -8.8513461e-03  -3.5152305e-02  -5.0774549e-04  -3.2185077e-04   1.0632136e-04
  -1.7519534e-02   1.0080735e-02  -1.3644726e-02  -4.7599623e-04  -5.1864900e-04   4.1394621e-04
  -1.7066778e-02   2.1170126e-02  -2.0909847e-02  -3.6840288e-04  -7.8805888e-04   1.6582582e-04
  -1.5977498e-02   1.4884742e-02  -2.7995999e-02  -2.2233764e-04  -5.5535293e-04  -3.2812205e-04
  -1.9606202e-02   4.8561095e-03  -3.0643470e-02  -5.5221642e-04  -6.3073006e-04  -2.7749497e-04
  -1.4183353e-02   2.1904085e-02  -3.3292104e-02  -4.0062566e-04  -6.7294150e-04  -6.3186131e-05
  -1.3176483e-02  -5.3478767e-03  -3.1212672e-02  -6.9486627e-04  -5.9115564e-04  -1.6097286e-04
  -2.0002953e-02   1.9491427e-02  -2.2855384e-02  -2.5033679e-04  -8.3908739e-04   5.5170075e-05
