   0.0000000e+00   0.0000000e+00   0.0000000e+00  -2.7755576e-17   2.3509887e-38   6.5253045e-55
  -2.3045070e-03   2.3320445e-03  -1.5640530e-02   2.4896615e-04   5.6263058e-05   7.3418606e-05
  -5.1601712e-04  -1.8043427e-02   2.0671567e-03  -5.7007912e-04   9.4489057e-05   8.5489471e-05
  -1.7669665e-03  -1.1892448e-02  -5.9574694e-03   9.8483666e-05   4.7660866e-05  -2.9932351e-05
   3.2077795e-03  -2.4946973e-02   1.6506347e-03  -6.9503523e-04   9.8864641e-05   3.1406482e-05
  -5.8933088e-03   1.7655105e-02  -2.1247306e-02   6.7757368e-04  -6.9612818e-05  -2.1626459e-05
   2.7555971e-04  -1.7956619e-02   1.6513981e-02  -5.7295676e-04  -5.4508187e-05   3.4805426e-04
  -5.9133629e-03  -3.8553632e-03  -1.1973506e-02   3.6252126e-04  -4.2565615e-05   5.5359452e-05
  -1.4638729e-03  -2.3049626e-02   1.2594532e-02  -2.0164038e-04  -6.5512583e-05   1.3443354e-04
  -4.4452572e-03  -9.2277819e-03  -1.3070673e-02   2.5021248e-04   1.7603938e-05   9.2162008e-05
  -2.0648258e-03  -2.2313421e-02   1.1229984e-02   2.3600763e-04  -1.3501700e-04   2.0555187e-04
  -4.4170903e-03  -3.8983627e-03  -3.8758260e-03  -2.9690076e-04  -2.2004092e-04   3.5072117e-04
  -6.7147144e-03  -8.5834757e-03  -1.8073453e-03   3.3153972e-04  -2.3653148e-04   2.2799655e-04
  -1.9694057e-03  -1.8246678e-02   1.2795603e-02  -5.1055891e-04  -2.7628050e-04   2.9523370e-04
  -5.2007618e-03  -2.5085231e-03  -6.1668800e-03   4.3873663e-04  -5.2196251e-05   1.6394453e-04
  -9.0391705e-03  -1.3498982e-02   1.9784207e-02   1.0472121e-04  -1.9269682e-04   2.0005188e-04
  -1.2067779e-02  -1.7989495e-02   1.3156208e-03  -2.0994940e-04  -2.0533228e-04   3.5797889e-04
  -1.0716134e-02  -2.3317841e-02  -1.7545413e-03   3.7717443e-04  -3.1935033e-04   2.6081976e-04
  -1.5149712e-02  -1.1685405e-02  -3.1312933e-03  -2.9724519e-04  -4.2988526e-04   1.5059599e-04
  -1.4014656e-02  -1.7957409e-02  -1.1225890e-02   3.7253223e-04  -2.4104765e-04   3.9009261e-04
  -8.0496965e-03  -4.4766154e-02  -2.0503499e-02  -9.7124512e-04  -5.3157817e-05   1.4190841e-04
   3.5202220e-03  -6.8391228e-02   7.3437199e-03  -3.5529616e-04  -1.8222517e-05  -3.4999473e-05
  -2.0281341e-03   1.7142194e-02  -1.0049940e-02   6.2736181e-04  -1.5914810e-04   1.9228619e-04
  -3.5391493e-03  -8.8163730e-03  -4.7973926e-03   3.6611153e-04  -1.8141345e-05   9.8432893e-05
  -3.3111687e-03  -3.4771337e-03  -2.7621761e-02   1.1761568e-03  -2.5257563e-04   1.6386378e-04
  -2.3547992e-03  -1.8858617e-02  -8.7419127e-03   4.5339115e-04  -2.0480967e-04   1.9649350e-04
   2.7046856e-03  -2.1245513e-02   1.7977876e-02   7.2144695e-04  -1.1733515e-04   1.8754732e-04
   5.7088902e-03  -1.9580673e-02   1.9475054e-02   1.3707338e-04  -1.1973915e-04   2.5770732e-04
  -2.4406042e-03  -3.3363490e-02   1.2845821e-02   3.6982845e-04  -2.5605146e-04   1.9630674e-04
   2.0276216e-03  -4.6412843e-02   1.5700815e-02  -4.9497533e-05  -2.6326312e-04   2.0793532e-04
  -4.1977475e-04  -3.2697447e-02   2.0395719e-04   4.1620601e-04  -2.9355711e-04   1.4533029e-04
   2.2305796e-03  -4.3100488e-02   1.6254534e-02   4.6211602e-05  -1.3955426e-04   1.3088415e-04
  -2.7835376e-03  -3.2946041e-02  -3.5719953e-03   4.0370253e-04  -2.6923667e-04   1.3458612e-04
  -1.2400634e-03  -4.1077567e-02   5.0188022e-03   1.5975532e-04  -2.3725866e-04   1.5970398e-04
   3.4510617e-04  -2.5365052e-02  -3.4972798e-03   1.4620712e-04  -1.9322621e-04   9.6996328e-05
   4.5656830e-03  -2.8088526e-02  -8.2432532e-03   3.8028655e-04  -9.5059017e-05   8.5949754e-05
  -3.3104401e-03  -1.7786332e-02   1.4705549e-03  -8.5449096e-05  -5.7480932e-05   1.9162404e-04
  -6.9789259e-03  -1.2891861e-02  -1.6968736e-02   4.7705160e-04  -2.8928478e-04   7.7421100e-06
  -8.5810435e-03  -1.4989514e-02  -1.4292439e-03  -4.0924079e-05  -1.0550418e-04   1.1989920e-04
  -7.9464367e-03  -1.1614177e-02  -1.3144857e-02   4.2089300e-04  -3.9411149e-04   2.2895225e-04
  -1.2856310e-02  -1.4813889e-02  -3.3445042e-03  -3.7011793e-04  -3.3046357e-04   1.9054255e-04
  -1.0235474e-02  -1.2819180e-02  -6.2809955e-03   3.9838458e-04  -2.9462877e-04   1.5424712e-04
  -9.6488303e-03   6.0314826e-03  -1.0047371e-02   3.0988274e-05  -1.7427002e-04   1.2502064e-04
  -1.0893170e-02  -1.5016230e-02  -2.9034555e-03   2.0750369e-04  -3.0703936e-04   1.2761400e-04
  -1.7042427e-02  -1.4240792e-02  -1.2903728e-02   3.9975378e-05  -4.1128468e-04   2.1101239e-04
  -1.3506458e-02  -3.6580882e-02   7.6987292e-03  -4.0623689e-04  -2.7856161e-04   3.2965140e-04
  -1.0825590e-02  -4.2519074e-03  -1.3502994e-02   7.5157466e-04  -1.2158999e-04   1.5147114e-05
  -8.0389081e-03  -3.0061734e-02   1.2872336e-03  -1.4661389e-04  -3.0126283e-04   2.8491663e-04
  -1.0568505e-02  -3.3611349e-03  -4.6235515e-03   6.9361897e-04  -1.9488166e-04   1.7051534e-04
  -7.9213857e-03  -2.8644765e-02   4.3288024e-03   2.7715400e-04  -3.7337242e-04   4.4169586e-04
  -1.4806169e-02  -1.2747087e-02  -1.2728730e-02   3.7356641e-04  -2.6497899e-04   8.2416866e-06
  -1.4273831e-02  -1.7126262e-02  -2.5568934e-03   4.5623954e-04  -6.1467323e-04   2.4110623e-04
  -1.8093190e-02  -7.5471626e-03  -8.8916270e-03  -1.7073431e-04  -4.4074278e-04   3.0258067e-04
  -2.0614492e-02  -1.1425214e-03  -7.1090935e-03   4.0622357e-04  -4.9246971e-04   2.4523099e-04
  -1.8681379e-02  -1.1924050e-02   9.3534190e-03  -2.1046906e-04  -3.1133438e-04   3.3761022e-04
  -1.1867917e-02  -2.6765196e-02   1.2424175e-02   4.8439022e-05  -2.6707547e-04   6.5371561e-05
  -1.2673074e-02  -2.3416507e-03  -6.5371540e-03   7.1971870e-04  -1.5307711e-04   9.9264674e-05
  -8.9888689e-03  -3.2250988e-02   1.6545422e-02   1.1009564e-04  -1.9619010e-04   1.9339587e-04
  -1.0564200e-02  -1.3344859e-02  -4.8783335e-03   7.8554269e-04  -3.0267134e-04   9.9497827e-05
  -5.2381282e-03  -3.7759427e-02   1.9226400e-02   2.6501303e-04  -1.7301911e-04   1.7427541e-04
  -8.0620013e-03  -2.4000483e-02   3.4586067e-03   5.6919837e-04  -3.6062653e-04   2.3107556e-04
  -9.5573187e-03  -3.6918472e-02   2.1675664e-02   4.0860250e-05  -2.8445110e-04   1.6068242e-04
  -1.4897152e-02  -2.0269387e-02   5.0777531e-03   4.8358124e-04  -4.3993279e-04   2.0676703e-04
  -1.9247594e-02  -1.7454509e-02   9.1164282e-04   3.4221818e-04  -3.8342795e-04  -9.7831708e-06
  -1.1291819e-02  -4.1812543e-02   6.7753030e-03  -6.7636989e-05  -4.7782972e-04   2.8813582e-04
  -9.0168884e-03  -2.8114771e-02  -1.6060082e-02   4.5304290e-04  -4.0002026e-04   1.9222457e-04
  -1.2175204e-02  -1.7816157e-02  -1.3660825e-04  -5.4623132e-05  -3.0121462e-04   1.2820855e-04
  -1.7821922e-02  -8.4772346e-03  -1.1599790e-02   7.4602882e-04  -5.4617851e-04   1.5765027e-04
  -2.0768746e-02  -8.1712461e-03  -2.5795482e-02  -1.2300613e-04  -5.8517560e-04   2.5668071e-04
  -1.8782687e-02  -2.6671417e-02   1.5328328e-03   8.9742810e-06  -4.6012466e-04   2.1070529e-04
  -1.8141260e-02   7.1320274e-03  -2.1289434e-02   4.7755326e-04  -2.8529407e-04   2.9850704e-05
  -1.5011287e-02  -5.2840227e-03  -3.9661054e-03   1.4887111e-04  -2.6641721e-04   3.4667209e-04
  -2.0969864e-02   1.9097477e-02  -5.4133532e-03   4.3638915e-04  -3.8714411e-04   2.2312013e-04
  -1.9758831e-02  -8.8003918e-03   1.6340482e-02  -4.8699921e-04  -4.6642536e-04   4.0860068e-04
  -1.4756852e-02  -1.8614318e-03  -1.7596920e-02   7.0090226e-04  -3.7692929e-04   8.9626326e-05
  -1.1308197e-02  -6.2952862e-02  -1.8005594e-02  -2.2022797e-03   1.2146558e-04  -1.9874663e-04
   6.6016249e-03   1.6291306e-02   1.8234160e-02  -1.4234440e-04  -2.1952095e-06   4.7877467e-05
  -1.0652890e-02   1.6212990e-02  -8.2964451e-03   1.4856808e-03  -3.9816268e-04   2.9972028e-04
  -1.9355695e-02  -1.1978203e-02  -7.5368483e-02   8.0816008e-04  -3.9937328e-04   7.8653647e-05
  -7.1892748e-03   1.2414400e-02  -4.1666012e-02   1.1978196e-03  -1.1198762e-04   8.6948857e-05
  -1.3380378e-02   5.1413156e-03  -3.7588948e-02   8.1495151e-04  -4.5502689e-04   7.8769337e-05
  -1.2041538e-02   2.8310349e-03  -5.6960558e-03   9.7341638e-04  -3.2152433e-04   3.4105053e-04
  -8.3199275e-03   1.0999177e-02   5.5395291e-03   8.6143159e-04  -2.0443190e-04   2.5031122e-04
  -8.4512138e-03  -1.2711838e-02   6.4046722e-03   4.5671100e-04  -3.5761414e-04   4.2615067e-04
  -9.7729427e-03   8.2389940e-03  -6.8449275e-03   7.7492480e-04  -4.1463259e-04   2.0546332e-04
  -6.0424951e-03  -1.0093536e-02  -9.6992568e-03   4.9008058e-04  -4.4455365e-04   2.9245273e-04
  -7.5041912e-03   4.4207023e-03  -1.9697273e-02   7.5402817e-04  -4.3648872e-04   3.1148391e-04
  -2.5730876e-03  -5.8902986e-03   4.2885659e-03   3.9196287e-04  -2.8053098e-04   2.2696216e-04
  -5.9972767e-03  -1.9028085e-02  -1.3272861e-02   3.6932835e-04  -2.9357754e-04   1.5937401e-04
   8.6819322e-04  -1.6099487e-03  -1.0083033e-03   4.5590414e-04  -7.4645564e-05   5.3991201e-05
   2.4092043e-03  -1.2672950e-02  -1.3839883e-02   5.5214699e-04  -1.4932748e-04   2.8036511e-04
  -6.5232076e-04  -4.3472320e-03  -4.7506397e-04   2.6134098e-04  -4.5914604e-05   2.1141704e-04
   1.9215969e-04  -2.7985195e-02   5.0173669e-04   1.5975160e-04  -1.0938196e-04   2.1563253e-04
  -1.6934522e-03  -1.4373602e-02  -7.1944358e-03   3.6211256e-04  -1.1595524e-04   9.6184154e-05
  -1.1792885e-03  -1.4713140e-02  -1.4539925e-02   3.9526926e-04  -1.3837238e-04  -2.3334092e-05
   8.2250743e-04  -1.0905572e-02  -1.0765387e-02   2.3007977e-04  -8.7534066e-06   1.6609757e-04
   3.3361201e-03  -2.5678430e-02  -1.2258981e-02   5.5329093e-05  -1.3002057e-04   1.5059549e-04
   4.8261411e-04  -1.6944928e-02  -1.9200292e-02   1.9060667e-04  -1.4070563e-04   1.7784967e-04
  -4.7337276e-03  -1.6338739e-02  -2.1310774e-02   6.9986611e-06  -1.6194615e-04   2.0015066e-04
  -4.1800019e-03  -2.3101220e-02  -2.2171722e-02   2.3185319e-05   4.2244353e-05   6.9927477e-05
  -3.0355110e-03  -1.6232646e-02  -1.6583313e-02   4.3154622e-05  -1.1112489e-05   1.6654456e-04
  -2.8134228e-03  -6.0660713e-03  -1.7841751e-02   3.4062803e-04  -3.7716240e-05   8.8388672e-05
   2.9949429e-03  -1.0789315e-02  -5.9009544e-03   2.2967416e-04   1.0343261e-04   2.1831767e-04
   9.4094233e-04  -2.2683725e-02  -2.0012140e-02   2.2446374e-04  -2.9773523e-05   9.3830304e-05
  -7.3973455e-03  -1.0380535e-02  -3.4233750e-02   6.6364136e-04  -1.8962057e-04   1.8773313e-05
  -3.8988543e-03   1.4279678e-02  -2.0898436e-02   1.3810083e-04  -7.1877514e-05   3.2720717e-04
  -2.0161805e-03  -1.2945760e-02  -5.9379781e-03   2.1300571e-05   1.8913495e-05   3.5429329e-04
  -5.9603319e-03   1.0060323e-02  -1.1253170e-02   2.4551060e-04   4.4199921e-05  -9.7146280e-05
  -8.3875072e-04  -1.2551804e-02   1.8919914e-02   2.9946135e-04   1.1360364e-04   2.2606301e-04
   8.2487233e-04  -3.4358200e-04   5.8632213e-03   2.2687287e-04   6.1826887e-05   7.5926243e-05
  -2.2661315e-03  -1.1573545e-02   7.3214848e-03   5.8956083e-04  -1.0330670e-04   1.0806867e-04
  -2.6212776e-03  -2.2665078e-02   4.0059959e-03   1.6007826e-04  -3.9426685e-05   5.0971876e-05
  -1.7132696e-03  -1.9245718e-02   1.2636829e-03   6.7138691e-04  -1.1567370e-04   1.0186775e-04
  -8.1535845e-04  -7.4570615e-03   8.4335145e-04   3.5318664e-04  -1.5937067e-04   8.0865335e-05
  -5.5275528e-03  -1.9854675e-02  -9.9731758e-03   6.0584881e-04  -1.0955487e-04   4.8387638e-05
  -3.2311750e-03  -2.8695953e-02   5.7513436e-03   9.2149964e-05  -2.3158906e-04   2.9954616e-04
  -1.0034493e-02  -1.3119281e-02  -2.0386071e-02   3.8363229e-04  -2.8438014e-04  -4.3832728e-05
  -4.3239613e-03  -1.0597133e-02   8.4016599e-03  -2.7468277e-04  -1.5950099e-04   2.3090347e-04
  -3.7175677e-03  -1.1612779e-02   1.1341508e-02   6.1689741e-04  -1.9258267e-04   2.8329836e-05
  -5.9556548e-03   1.7031429e-03  -1.2079162e-02   2.4738192e-04  -1.4543245e-04   1.4275745e-04
  -3.5160286e-03  -1.9114360e-02   5.3366302e-03   1.2958996e-04  -2.4011769e-04   2.5890705e-04
  -9.7634987e-03  -7.6503115e-03  -9.5201444e-03   3.7213744e-04  -2.0850671e-04  -5.4548917e-05
  -4.4107578e-03  -4.7379992e-02  -1.3193922e-02   8.5048714e-05  -1.4106153e-04   1.0659349e-04
  -9.2046729e-03  -8.0648440e-03   2.8760685e-02   1.9581032e-04  -1.6631429e-04  -7.6131581e-05
   4.3524178e-04   1.1076676e-02   1.9010594e-02   6.0810475e-04  -7.6822243e-05   6.0829166e-05
  -5.9045813e-03  -5.2797262e-03   1.3770129e-02   9.4329771e-04  -9.2150767e-05   9.2365853e-05
  -1.7433062e-03   4.8900285e-03   2.1796607e-02   5.9750474e-04  -4.7274163e-05   1.5243582e-04
  -1.8815794e-03   6.0324373e-03   2.6517806e-02   1.0558179e-03  -1.0721075e-04   2.2439845e-04
   4.1589715e-04  -2.3718669e-03   2.6009730e-02   6.8490681e-04  -8.3197467e-05   2.2438913e-04
  -5.5159729e-03   1.5788549e-02   2.0814810e-02   8.5632591e-04  -3.4408599e-05   2.1045893e-05
  -7.5298988e-03   6.3409906e-03   2.7553860e-02   6.5164585e-04  -9.8636067e-05   2.3170363e-04
  -9.8486029e-03   3.1847044e-02   1.9721386e-02   9.8555905e-04  -4.9637487e-05  -1.4709947e-04
  -9.7276738e-04   8.1819721e-03   1.7239750e-02   8.2935398e-04  -1.2188421e-04  -8.0334130e-05
  -2.0416287e-03   2.5560910e-02   7.1501028e-03   9.2551010e-04  -4.7121386e-06  -7.0481195e-05
  -3.1960968e-03   1.8804320e-02   1.7610245e-02   8.9370597e-04  -2.6139993e-05  -3.0710376e-05
  -8.0559910e-03   2.4614234e-02   2.4839527e-02   7.4963070e-04   2.7101178e-05  -2.5061962e-05
  -1.0263736e-02   1.7575212e-02   1.0922737e-02   9.4798111e-04  -2.0069209e-05  -1.0393008e-04
  -7.1833205e-03   8.0921376e-03   2.0316284e-02   5.4331934e-04  -4.7110683e-05   1.5036020e-05
  -5.0062686e-03   1.4022533e-02   1.9700566e-02   6.1832595e-04   3.6221374e-05  -8.1177120e-05
  -3.1932610e-03   1.4439521e-02   1.2039064e-02   6.1365863e-04  -9.7097979e-05  -3.6137203e-05
  -5.1413872e-03   2.2957159e-02  -1.2565479e-03   7.6838854e-04   1.2462467e-04  -2.3255365e-04
  -3.2374244e-03   7.7840799e-03   1.3457492e-02   3.1598376e-04  -7.7813247e-05   1.0894628e-04
  -1.0960625e-02   2.3070002e-02   4.0497176e-03   3.4046406e-04   2.7132825e-05  -9.6468611e-05
  -1.2097045e-02   1.7148100e-02   5.1091209e-03   6.0559679e-04   1.0723999e-04  -6.2607426e-05
  -1.3709176e-02   2.0692835e-02  -3.3716757e-03   2.1752242e-04  -6.4766187e-05   2.8272464e-05
  -1.9842097e-02   1.6576158e-02  -2.9936599e-03   4.5643357e-04  -3.9991801e-04   1.8990187e-05
  -1.0023598e-02   1.5298868e-02  -4.1053520e-03   2.0977247e-04  -2.4300620e-05   2.1933449e-04
  -4.8339329e-03  -7.2755895e-03   2.8046024e-02   2.2187104e-04   5.0592839e-05  -1.9197220e-05
  -1.1110925e-02   2.8748002e-02  -1.5686597e-04   3.3071144e-04   1.0114563e-05  -8.1681576e-05
  -1.3271425e-02   2.6679043e-02   1.4133418e-02   1.1386745e-03  -1.3196460e-04  -7.2366497e-05
  -1.1414730e-02   5.1164325e-03   2.4132092e-02   5.2508094e-05  -1.7848946e-05   1.3432952e-04
  -1.5521457e-02   7.8067176e-03   1.0993571e-02   7.9836288e-04  -2.0370647e-04  -3.3137156e-05
  -8.9773216e-03  -9.5148352e-04   2.0383851e-02   2.7455800e-04  -2.4457733e-04   1.9672808e-04
  -1.3852046e-02   2.1416299e-02   1.3491829e-02   6.8275409e-04  -5.6720932e-05  -5.4956565e-05
  -1.2545733e-02  -1.3255293e-04   2.3614605e-02   4.5985720e-04  -3.1903892e-04   7.3480316e-05
  -1.5980681e-02   1.7394029e-02   6.1750387e-03   4.7035001e-04  -2.3117604e-04   1.3238905e-04
  -1.1308283e-02  -6.0779164e-03   2.3468497e-02   2.0970180e-04  -1.6225386e-04   1.5499128e-04
  -1.2007706e-02   2.0710386e-02   5.9277447e-03   5.2205574e-04  -1.1996153e-04  -1.0092982e-04
  -1.0760979e-02   1.4105918e-02   1.7220046e-02   7.4142217e-04  -2.6015682e-04   1.1575442e-04
  -9.8103990e-03   2.1616583e-02   1.6504428e-02   1.3081876e-04  -1.9234787e-05   9.5051836e-05
  -1.1780433e-02  -7.9420934e-04   1.3065750e-02   9.2516327e-04  -3.3426773e-04   2.1194986e-04
  -1.7009806e-02   1.1784498e-02   1.4554285e-03   2.4147153e-04  -1.6334737e-04   2.3511036e-04
  -2.1004845e-02   1.1861691e-02   5.9574143e-03   7.9981975e-04  -2.2570075e-04   6.4733251e-05
  -1.8131587e-02  -2.1221538e-03   1.6227112e-02  -7.3234468e-06  -3.6020229e-04   1.9616870e-04
  -1.5554546e-02   9.7634702e-03   4.3574319e-03   3.1024402e-04  -1.5312999e-04   1.4024191e-04
  -1.6990470e-02   7.3401976e-03   1.0490548e-02   4.5153842e-04  -2.6098929e-04   6.5250079e-05
  -2.0989979e-02   5.0268753e-02  -2.6637799e-03   9.1885214e-04   5.4200378e-05  -4.9523270e-05
  -1.4098121e-02   1.3580907e-03   2.3459378e-02   4.1122294e-04  -2.3235614e-04   3.4077889e-04
  -1.4267209e-02   7.8212872e-03   3.1813208e-03   2.4762848e-04  -2.6624311e-04   3.0279428e-04
  -1.5381894e-02  -5.2373654e-03   1.4383887e-02   5.5326351e-04  -3.4817919e-04   2.0354229e-04
  -1.3025189e-02   1.8098540e-02   1.5341127e-02   4.1552624e-04  -1.4062951e-04   2.1026523e-04
  -1.3385133e-02   7.9424475e-03   1.5039995e-02   9.0244682e-04  -2.3430825e-04   2.3088294e-04
  -1.5042795e-02   1.2411735e-02   2.2691351e-02   3.0020954e-04  -2.1968782e-04   2.6341229e-04
  -1.0681376e-02   1.0120045e-02   1.9496753e-02   8.7079292e-04  -2.7938481e-04   1.5658095e-04
  -7.0209826e-03  -2.3202657e-03   1.6417985e-02   2.6101531e-04  -1.5618224e-04   2.6908544e-04
  -1.4774773e-02   6.8779361e-03   1.2169247e-02   7.1686977e-04  -1.8228888e-04   2.1293174e-04
  -1.1430061e-02   8.3127392e-04   2.3746714e-02   3.5523415e-04  -2.9836431e-04   3.1778035e-04
  -1.5986748e-02   1.7809664e-02  -1.0095114e-03   8.7137161e-04  -2.1493552e-04   8.4558913e-05
  -1.1004571e-02   4.7660643e-03   2.1080398e-02   4.1948022e-04  -2.1322787e-04   2.2667901e-04
  -1.4933942e-02   2.3954734e-02  -1.6805163e-02   7.1388320e-04  -1.7582254e-04   1.6692638e-04
  -1.9156176e-02   7.4521614e-03   1.2427801e-02   2.1790322e-04  -3.6558138e-04   2.3320305e-04
  -2.1114814e-02   4.2668470e-02  -2.1524498e-02   1.0985331e-04  -3.0298058e-04   1.0256192e-04
  -1.7508589e-02   1.2075174e-02   4.6395771e-03   6.4136867e-05  -3.1230255e-04   3.0517560e-04
  -2.0011041e-02   3.3488210e-02  -1.7099493e-03   7.7019400e-04  -3.0023814e-04   7.9641397e-05
  -1.8076428e-02   2.5298788e-02   1.4084735e-02   9.7421247e-05  -1.8743748e-04   2.7820086e-04
  -2.2516517e-02   4.4849828e-02   1.6674334e-02   9.7805314e-04  -1.9130578e-04   2.4398922e-04
  -1.6512768e-02   1.1397466e-02   2.4754127e-02   3.4176001e-04  -2.5735583e-04   3.5166524e-04
  -2.1141277e-02   1.8337929e-02   1.1956758e-02   7.9853389e-04  -2.8204624e-04   2.2094576e-04
  -1.0847239e-02   1.2873783e-03   2.8624802e-02   3.4597599e-04  -3.1504803e-04   3.6594806e-04
  -1.8453338e-02   2.2988425e-02   1.1693795e-03   9.5178604e-04  -2.2197318e-04   1.5403839e-04
  -1.8618045e-02   4.0658889e-03   2.9895124e-02   2.5386626e-04  -3.3292834e-04   3.3051997e-04
  -2.1530928e-02   1.4793462e-02  -5.3863402e-04   5.9606751e-04  -2.8468473e-04   3.1848385e-04
  -1.7608985e-02   3.9173961e-03   1.7076305e-02   2.1282140e-04  -3.5784051e-04   3.1456500e-04
  -2.6448459e-02   3.5798112e-02  -1.3578160e-02   6.1601621e-04  -3.7009930e-04   1.4297965e-04
  -2.4249094e-02   1.1089950e-02   1.2726824e-02  -1.3467297e-04  -4.0193591e-04   3.3569598e-04
  -2.7295345e-02   3.1856715e-02  -1.7008174e-02   5.2604955e-04  -3.9985978e-04   2.4600066e-04
  -1.8294452e-02   3.8263364e-02  -2.9188187e-02   1.5601306e-04  -1.2864878e-04   3.6171381e-04
  -1.3344758e-02  -1.6596388e-02   9.6730488e-03  -4.0858057e-04  -2.1129767e-04   2.4978024e-04
   2.8759524e-04  -1.6209941e-02   1.4262248e-02   1.3643788e-04  -1.3308560e-05   7.5584953e-05
  -2.7134021e-03   1.5805736e-02   3.3927489e-02   3.5044926e-04   1.5605425e-04  -3.9993480e-05
