   0.0000000e+00   0.0000000e+00   0.0000000e+00   0.0000000e+00   0.0000000e+00   0.0000000e+00
   2.4781751e-03  -7.0070548e-03  -4.1339568e-03  -2.5697527e-04   1.5219513e-04   1.0354604e-05
   6.2968256e-03   1.1237888e-02  -7.6412069e-03  -2.3486319e-04  -1.8725780e-04   6.6582578e-05
   3.1966146e-03  -7.8944721e-03  -9.6528943e-03   1.9521634e-04  -1.1576398e-04   9.8956719e-05
   3.4648207e-04  -2.0911909e-03  -8.6630635e-03  -2.0854511e-04  -1.3662797e-04   1.7498960e-04
   7.0697151e-03   2.5181225e-03  -1.6990152e-02   1.9472191e-04  -9.3609935e-05  -8.5425389e-05
   3.2464782e-03  -4.4293089e-04  -7.7131961e-03  -1.3409915e-04  -1.2559256e-04   1.3475114e-04
   3.5902946e-03   7.9697761e-03  -2.1857776e-02   3.0494609e-04  -1.8108221e-04   7.8156895e-05
   5.6474488e-03   9.7682543e-03  -1.2899753e-02  -2.9401537e-04  -4.8615868e-05   1.1322101e-04
  -1.5807304e-04  -1.0689163e-02  -1.3311442e-02  -2.2141510e-04   1.6268542e-04   3.8954556e-05
   5.7551419e-03  -6.6398308e-03  -1.1885635e-02   1.2816371e-04  -1.0819291e-04   1.6105722e-04
   5.5432136e-03   2.9522177e-03  -1.2721677e-02  -3.3739334e-04  -1.2022408e-04   2.0678535e-04
   8.1973915e-04  -9.7746172e-04  -1.9577774e-02   2.5910738e-04  -2.8976859e-05   2.7117522e-05
   7.3076151e-03   7.9522234e-03  -1.8399562e-02  -1.3011425e-04  -1.7898518e-04   1.7139496e-04
   4.2831149e-03   1.7685455e-02  -1.9397363e-02  -6.4764661e-05  -3.6955808e-05  -1.8759139e-05
   5.9029924e-03  -4.9679410e-03  -4.8083391e-03  -2.3461346e-04   1.8951943e-04   6.7229688e-06
   2.9017672e-03   4.0880996e-03  -1.6811249e-02  -4.2629517e-05  -1.8274748e-04   2.2536013e-04
   2.9444167e-03  -7.3989371e-03  -1.1499062e-02  -3.5443869e-04   2.2701890e-04  -4.8371858e-06
   3.8060153e-03  -3.6296291e-03  -7.2959463e-03   1.4770795e-05  -6.1627898e-05   1.2036828e-04
   1.1751603e-02   1.3529160e-02  -1.7568285e-02   9.2190982e-05  -2.8215783e-04   3.6576107e-06
   3.5991364e-03  -6.7772074e-04  -1.7648452e-02   2.7967676e-04  -9.3557520e-05   1.4504867e-06
   4.2350069e-03  -8.3314176e-03  -6.4524949e-03  -4.1340863e-04   2.4506180e-04   6.3288299e-05
   6.2566049e-03   3.6118837e-03  -1.5328094e-02  -4.5202371e-04   2.8233119e-05   1.2877857e-04
   6.3659819e-03   5.1228145e-04  -1.9782723e-02   2.9589716e-04  -2.1675576e-04   1.7466802e-04
   2.3399039e-03   5.7038855e-03  -8.8281444e-03  -5.3899321e-06  -8.2268864e-05   9.5835179e-05
   3.7436964e-03   1.3911801e-02  -1.6786714e-02  -3.8931857e-04   3.6206718e-05   1.3994778e-04
   2.7461848e-03   1.6083418e-03  -2.6186650e-02  -4.2749549e-06   2.6509858e-05   7.8489646e-05
   1.8875887e-03   7.4035881e-03  -1.6482855e-02   2.7654479e-05   8.3737786e-06   2.1752133e-04
   4.5687601e-03   1.7905934e-02  -2.2451966e-02  -1.1426724e-04  -2.1865808e-04  -2.0613390e-05
   5.8497381e-03   2.0375304e-03  -1.8920107e-02   4.7618868e-04  -1.8107584e-04  -7.8621276e-05
   5.5771384e-03   2.9774389e-03  -8.0579523e-03  -3.0352044e-04  -9.6826293e-05   9.4881865e-05
   1.0349441e-02   9.6415223e-03  -2.2495669e-02   3.8127847e-05  -2.4795007e-04  -6.1231930e-05
   4.0492137e-03  -1.2264339e-02  -1.8384641e-02   2.4523440e-04  -1.8760940e-05   1.8747164e-04
   9.1163001e-03   2.6510785e-03  -6.0594085e-03  -3.6178774e-04  -1.9487602e-04   9.9247704e-05
   4.9411572e-03  -1.0501377e-02  -1.4281258e-02  -2.9460458e-04   1.7471571e-04  -1.8615787e-05
   1.0675577e-02   2.0890825e-05  -1.6424902e-02   2.0060620e-04   2.0816136e-05   1.3044274e-04
   1.0459196e-02   3.3625572e-03  -1.0424070e-02  -1.8373036e-04  -1.6879052e-04   1.5560562e-04
   5.6446208e-03  -1.1036730e-02  -1.3169302e-02  -1.0668077e-04   1.6124311e-04   1.4775730e-04
   8.2981182e-03   2.4665147e-03  -3.5220443e-03  -4.1987310e-04   1.0034228e-04  -4.9650814e-05
   3.2046343e-03  -1.0776518e-03  -7.3993945e-03  -1.0711231e-04  -1.0384226e-04   2.3052996e-04
   7.4792237e-03  -3.7292522e-03  -1.9011932e-02   1.7902478e-04  -1.3234156e-04   1.9956339e-04
   1.1277425e-02   7.6801468e-03  -1.3461563e-02  -2.9430226e-04  -1.2802645e-04   1.2334527e-04
   3.1444899e-03   1.8095824e-03  -1.1592490e-02   1.3717465e-04  -1.1480265e-04   2.3333333e-04
   8.4697700e-03  -3.9139390e-04  -7.9969049e-03  -2.2325378e-04   9.5765827e-06  -8.8888502e-06
   6.6132947e-03   1.1111196e-02  -1.4336024e-02  -1.6842334e-04  -2.0414122e-04   1.6331197e-04
   2.5082691e-03   3.5981736e-03  -1.4874805e-02   1.4633887e-04  -2.5667804e-05   1.1816736e-04
   7.8306455e-03   1.8762455e-03   2.8160754e-03  -4.6138505e-04   1.2952537e-04   1.4859352e-04
   1.6645682e-03   4.9611545e-03  -1.8294482e-02  -9.8212000e-05  -1.1657447e-05  -3.1340712e-05
   6.3680886e-03  -3.0202373e-03  -1.7979221e-02   2.1664972e-04  -9.6453753e-05   2.1703044e-04
   5.0849642e-03  -1.9375392e-03  -6.0690406e-03  -2.3025809e-04  -7.1425669e-05   1.7441968e-04
   1.0928739e-03   1.2902511e-02  -2.0544168e-02   6.3551958e-05  -1.4882036e-04  -4.3743393e-05
   5.5936410e-03   2.8091147e-03  -2.0841212e-02  -5.3055693e-05  -3.3014536e-04   2.7685131e-04
   3.4093291e-03   9.0616145e-03  -1.2436212e-02  -2.0610700e-04   5.4544129e-05   1.7236031e-04
   8.9682327e-03   5.3824228e-03  -1.3326542e-02   3.2181340e-04  -1.8021269e-04   2.5856130e-04
   8.5060323e-03   1.5694430e-03  -1.1439907e-02  -1.0107246e-04  -3.1298442e-04   8.9808984e-05
   7.9483592e-03   6.0362710e-03  -1.8563506e-02   3.6451404e-04  -5.1073169e-05   1.0773372e-05
   1.3405513e-02   2.4316804e-03  -1.0637261e-02  -3.2636980e-04  -1.9323549e-04  -1.6530383e-05
   3.5741013e-03   1.3018823e-03  -1.4779616e-02  -3.6296254e-04   1.9272339e-04  -5.6729031e-06
   8.7899684e-03   1.8981742e-02  -8.8577038e-03  -3.0974687e-04  -1.7785660e-04  -1.1503766e-04
   6.2860497e-03   4.4730786e-03  -1.3603021e-02  -1.3429151e-04  -7.1434611e-06   1.2756473e-04
   8.5812356e-03  -1.7060640e-02  -1.4850304e-02   2.3653267e-04  -2.2582165e-04   7.0833982e-05
   2.8658686e-03  -2.1135611e-05  -2.4063959e-02   3.5646117e-04  -1.1842156e-04  -3.9431259e-05
   8.4838927e-03   2.9755632e-03  -7.2997810e-03  -4.3392702e-04  -1.3122923e-04  -5.1292611e-05
   2.0599343e-03   3.6711592e-03  -1.2453954e-02  -1.2516658e-04   1.2646327e-04  -1.4275538e-04
   1.0899251e-02  -5.5803544e-03  -1.9595751e-02   2.2614554e-04  -2.1979567e-04   1.9095218e-04
   5.1747225e-03   5.8469880e-04  -1.5702670e-02  -4.8545965e-04  -1.6410985e-04  -5.9282179e-05
  -1.5874683e-03  -1.2418801e-02  -1.6807074e-02   1.1358712e-04   3.0724927e-04  -1.2804880e-04
   6.0384845e-03   5.8811703e-04  -1.6824385e-02   9.7884738e-05  -3.1122553e-04   1.4227557e-04
  -2.6859740e-03  -2.9826779e-03  -1.1549811e-02  -6.2404621e-05  -1.0600160e-04   8.8295455e-05
   4.7313037e-03  -3.0822440e-03  -9.6851465e-03  -6.3616171e-05  -2.1261581e-04   3.8048387e-04
   5.0101549e-03  -9.9872402e-04  -1.1651052e-02   9.4845002e-06  -1.7564835e-04   2.0687908e-04
   1.1220328e-02   5.3494513e-03  -8.4098845e-03   4.5873628e-04  -3.3914916e-04   1.7164019e-04
  -1.2485437e-03   1.2015340e-02  -8.2430909e-03   1.0282719e-05  -2.3440986e-05  -1.9326368e-05
   8.6453386e-03  -3.6908258e-03  -2.3825359e-03   1.8288772e-04  -2.7418020e-04   2.1455586e-04
   2.2048423e-03  -6.3448197e-03  -1.5655148e-02   6.5276094e-04  -3.1027165e-04   4.2712913e-04
   1.5856516e-03  -7.3142096e-03  -4.3377054e-03  -1.4765363e-04   5.5753125e-06   2.9550615e-04
   6.0570504e-03   9.3636292e-03  -8.6712127e-03   9.1589760e-05  -3.3332809e-04   4.4357313e-04
   4.0658375e-03   2.2843400e-02  -1.9790569e-02  -3.6887539e-06  -3.3355925e-04   3.6818843e-04
   5.6387586e-03   4.3030628e-03  -1.3692549e-02   4.2199995e-04  -1.7773975e-04   4.2776201e-04
   2.4829022e-03  -7.5738647e-03  -1.3173066e-02   8.4013840e-04  -1.8373563e-04   6.9732041e-04
   6.8058870e-03   2.9362551e-03  -1.4468165e-02  -4.9187365e-05  -6.2602430e-05   1.1429641e-05
   7.2692575e-03   4.5577820e-03  -5.2588942e-03  -4.3445875e-04  -2.7793163e-04   3.5607860e-04
   7.2996331e-03   9.8741899e-03  -2.0063222e-02   1.0303196e-04  -1.6693097e-04   3.0654048e-04
   7.0591755e-03  -9.7101402e-04  -2.8337678e-02   9.7422419e-04  -8.7769774e-05   4.5444425e-04
  -2.7514874e-03   1.8804453e-02  -1.8120820e-02  -7.8601729e-05   5.1823806e-04  -3.0226941e-04
   1.4802996e-03   1.1220902e-02  -2.3140106e-02  -1.4341822e-04   2.2368422e-04   1.3624043e-05
   1.2111269e-02   5.4161906e-03  -2.9728587e-02   8.5280722e-04  -3.6568939e-04   6.8519597e-04
  -2.6251945e-03   6.6957536e-03  -1.3607766e-02  -1.5439265e-04   1.0464666e-04  -1.5251456e-04
   1.5079757e-03  -6.6632746e-03  -1.9613733e-02   2.4764460e-04   8.5740733e-05   2.2060590e-04
   7.9993043e-04   3.2542531e-03  -7.9211089e-03  -6.3471318e-05  -1.3402182e-04   3.9841343e-04
   4.6974384e-03  -5.2860823e-03  -7.7199076e-03  -6.9850920e-05  -1.1197583e-04   2.8079880e-04
   7.5931987e-03  -1.4982963e-02  -1.2076075e-02   1.6856449e-04  -8.3905864e-05   3.8900094e-04
   8.9067312e-04  -6.7468249e-03  -4.3738659e-03  -1.0428226e-04  -1.2992224e-04   3.0539128e-04
   1.2219415e-03  -1.1262649e-02  -6.5456208e-03   2.2461175e-04  -9.9597443e-05   3.7498571e-04
   8.0711175e-03  -2.4949460e-03  -2.1801070e-03  -3.7892490e-04  -1.9072085e-04   3.0405592e-04
   3.3239509e-03  -1.3626294e-02  -1.0116896e-02  -2.2885157e-04   1.9377769e-04   3.7233801e-04
   1.0152625e-02  -5.7211295e-03  -3.3462315e-03   5.8130267e-05  -3.3833996e-04   2.2701658e-04
   4.7200465e-03  -1.0220824e-02  -6.8230878e-03   1.1424458e-04  -9.9213217e-05   2.6711359e-04
   7.0086478e-03  -1.5421448e-02   1.6247153e-03  -5.7721913e-04   2.5191330e-04   2.1450994e-04
   4.4497568e-03  -4.3756444e-03  -1.6396390e-02  -4.7183396e-05   4.1120032e-05   3.2698144e-04
   6.4851024e-03  -1.7158316e-02  -7.7154900e-03   6.1003387e-05   9.2477707e-05   2.9329306e-04
   7.8021458e-03  -7.7713964e-03  -9.3787246e-03  -7.5811420e-05  -1.7318044e-04   3.9165891e-04
   4.6007625e-03  -7.4227451e-03  -1.6104092e-02   1.0530231e-04  -7.3371153e-05   2.5267052e-04
   4.4336964e-03  -1.7815141e-02  -1.8340139e-03  -2.1277894e-05   7.9295391e-05   2.8821055e-04
   7.3409783e-03  -7.0662948e-03  -7.9550513e-03   1.0142669e-04  -2.2681715e-04   3.4405988e-04
   9.1092657e-03   5.2876923e-03  -2.2499262e-02   2.8020016e-04  -9.2301475e-05   9.8276478e-05
   6.4913426e-03  -2.8409341e-03  -7.3748600e-03  -1.5156226e-05  -1.5293256e-05   3.3137232e-04
   3.7971185e-03  -6.2694462e-03  -1.2585400e-02   8.5293192e-05  -1.1002446e-04   3.3468477e-04
   6.8304326e-03   4.4842000e-03  -1.3361924e-02   3.6971671e-04  -1.7169010e-04   1.5340487e-04
   2.4466544e-03   4.3292471e-03  -9.1519525e-03  -5.0409338e-05  -1.7867125e-04   3.6970860e-04
   1.4167482e-03  -1.1160530e-02  -1.4612876e-02   2.2196261e-04  -9.9761485e-05   4.0264462e-04
   7.4777851e-03   2.6137027e-05  -1.4348864e-02   2.6494502e-05  -1.4724644e-04   2.5719407e-04
   4.6075434e-03   1.9348013e-03  -1.1519608e-02  -5.4847171e-05  -2.7836949e-04   3.5312813e-04
  -2.3646483e-03  -3.0803339e-03  -1.3684762e-02   1.8901697e-04  -1.7665695e-04   3.2749411e-04
   4.1145342e-04   7.6543360e-04  -3.7914359e-03   1.5177615e-05  -1.4055450e-05   3.1289617e-04
   2.0480145e-03  -1.1352386e-03  -1.5793555e-02   6.6967468e-05  -7.7652110e-05   2.3752499e-04
   7.9046087e-03  -3.9786169e-03  -2.4227963e-02   3.5160485e-04  -2.0190161e-04   2.1740145e-04
   6.9875762e-03  -8.3730010e-04  -8.7800574e-03  -1.3327480e-04  -2.1460946e-04   3.1761589e-04
   4.3189709e-03  -1.4206246e-02  -1.5680083e-02   3.1184036e-04  -6.7364453e-05   3.4521131e-04
  -1.2185261e-03  -6.2768631e-03  -9.3725223e-03   9.1221102e-05   5.7761188e-05   2.8847498e-04
   6.4637307e-03   1.0060000e-02  -1.3079583e-02  -2.8502316e-04  -1.6465224e-04   3.2759101e-04
   4.7942188e-03   3.3934018e-03  -2.0086815e-02   1.6985606e-04  -6.5293855e-05   3.2554064e-04
   6.2946855e-03   6.4664264e-03  -1.2462335e-02  -1.3634335e-04  -1.5557639e-04   1.5056507e-04
   6.3537339e-03  -2.5025136e-03  -2.0352989e-02   4.0299946e-04  -8.1027684e-05   6.1426673e-05
   8.4508516e-03   8.2016473e-03  -1.3439046e-02  -8.5100310e-05  -1.4092747e-04   8.7066361e-05
   6.6923732e-03  -1.3383631e-02  -1.8961998e-02   1.2327296e-04   2.5998120e-05   2.6312498e-04
   7.3468134e-03  -1.1489481e-02  -1.6079115e-02  -3.0897922e-04   3.7031479e-04   1.2980953e-04
   7.3061252e-03   6.2321568e-03  -6.7454717e-03  -4.7861328e-04  -1.2767687e-04   2.8424244e-04
   3.5464660e-03  -1.5230322e-02  -1.1564536e-02  -2.9909500e-04   1.9505416e-04   2.5699374e-04
   3.0138912e-03  -9.0354640e-03  -1.1648346e-02   4.7222194e-04  -1.2117482e-06   1.9676882e-05
   3.5238275e-03  -3.7175452e-03  -1.9799231e-03  -1.2007434e-04   4.1273048e-05   1.0271601e-04
   4.9571492e-03  -5.5174040e-03  -1.1724916e-02  -4.3266965e-04  -7.0249086e-05   1.2973535e-04
  -1.6519307e-03  -6.3121750e-03  -1.3461854e-02   2.9125106e-04   4.7173109e-05   2.1048978e-04
   7.9474475e-03  -8.0496636e-03  -1.2966151e-02   1.8668973e-04   4.2526459e-05   2.3010018e-04
   5.3206074e-03  -8.6017654e-04  -8.9350671e-03  -7.8415674e-05  -1.2003334e-04   3.2219002e-04
   6.8224021e-03  -1.2465264e-02  -1.4228391e-02   3.5391825e-04  -7.5318113e-05   1.1988264e-04
   7.2874962e-03  -1.2501896e-02  -1.3099235e-02   2.5810511e-04   4.8867982e-05   3.1597920e-04
   1.0029728e-02   8.7487393e-03  -7.3257757e-03  -1.6930001e-04  -1.0685376e-04   3.7196099e-04
   4.9374806e-03   1.1261554e-03  -1.6593194e-02   2.7321119e-04   7.1947706e-05   2.1117196e-04
   7.6648321e-03  -1.1158436e-02  -1.3316521e-02  -7.1132637e-05   4.0638801e-04   1.7289263e-04
   1.1068303e-02   4.5349481e-03  -1.0016782e-02  -2.0294984e-04  -1.4120559e-04   2.6702499e-04
   4.8358394e-03  -8.4538657e-03  -1.4649413e-02  -2.4624031e-04   2.3065095e-04   2.8563014e-04
   2.0785518e-03  -1.0190071e-02  -2.4940057e-02   4.5051480e-04   1.2861627e-04   2.5775172e-04
   7.0761336e-03   4.4557653e-04  -1.3227989e-02   1.1208193e-05  -1.5529635e-05   3.5750295e-04
   4.2906664e-03   2.2272488e-03  -8.8776252e-03  -7.1299855e-04   1.7983727e-04   1.6904954e-04
   3.4611366e-03  -1.6005399e-02  -1.6754225e-02   2.5398114e-04   7.6488688e-05   3.0753875e-04
   7.1665521e-03  -6.5492737e-03  -1.5869214e-02   2.6642654e-04   7.8585010e-05   3.4864414e-04
   9.6285857e-03   7.2061661e-03  -3.8722570e-03  -1.6823787e-04   1.4893942e-05   4.6027704e-04
   9.3640091e-03  -1.3193104e-02  -8.0594402e-03   1.7461843e-04  -9.2188713e-05   4.1144355e-04
   6.9744912e-03  -1.8246553e-02  -7.8503512e-03   3.1654772e-04   8.7131867e-05   3.8921743e-04
   5.0608900e-03  -1.4760885e-03   7.9793972e-03  -5.3822362e-04   1.4953658e-04   2.7842214e-04
   7.0518335e-03  -9.6800720e-03  -8.7186448e-03  -9.7394027e-05  -1.4640735e-05   3.6787246e-04
   4.6543023e-03  -1.6578640e-02  -5.8868711e-03   3.8878929e-04   7.9559992e-06   4.0674079e-04
   9.1099373e-03   6.1918449e-03  -3.4398939e-03  -1.4329053e-04  -1.0294501e-04   1.9133349e-04
   3.4873750e-03   8.5647829e-04  -1.2923628e-02  -1.4267083e-04  -4.9841414e-05   4.1266089e-04
   4.8742215e-04  -7.3079501e-03  -5.5491689e-03   2.3329276e-04  -4.7702655e-05   3.5743921e-04
   4.0496703e-03   8.9270022e-03  -8.8694566e-03   1.5399096e-04   7.1103287e-05   1.6469619e-04
   8.8406662e-03  -4.9534762e-03  -1.2595697e-02  -7.8626162e-05   1.3529747e-05   3.5690439e-04
   7.8568687e-03  -1.4736498e-02  -8.8019689e-03   3.4219829e-04   1.3280857e-04   4.6320519e-04
   7.3205933e-03  -7.3583523e-03  -9.8730789e-03   1.6444692e-04  -8.2700848e-05   2.7247698e-04
   5.9337907e-03   1.0198095e-03  -8.8058162e-03  -4.2829725e-04   3.9556076e-05   3.1577750e-04
   1.1941629e-03  -9.2902055e-03  -1.6851806e-02   4.0210836e-04   8.4904614e-05   4.4460419e-04
   1.0728431e-02  -1.4444826e-03  -1.4898697e-02   9.5189357e-05   1.8293302e-05   3.8796020e-04
   9.6719371e-03  -8.2651272e-03  -1.2378182e-02   1.1994675e-04  -2.5855406e-04   3.0886805e-04
   5.6513349e-03  -7.7735443e-03  -1.0749488e-02   2.7374021e-04   8.7406167e-05   1.9387906e-04
   9.2633680e-03  -5.1207009e-03  -1.1260823e-02   1.4754706e-04  -1.6923222e-05   2.6259084e-04
   3.6509457e-03  -6.1038638e-03  -6.8836941e-03  -7.6875104e-05  -1.2473256e-04   4.1308227e-04
   1.2785858e-03  -1.3635279e-02  -1.1416235e-02   2.6488203e-04   3.2347533e-05   4.1570691e-04
   1.0218736e-02   4.7372117e-03  -4.2845362e-03  -1.1269815e-04  -1.6562620e-04   2.2447709e-04
   2.8378090e-03   2.9531092e-03  -1.2379316e-02  -4.6288855e-04   2.7988187e-04   2.3727283e-04
   4.3093080e-03   6.6836442e-04  -2.0204543e-02   3.8616819e-04   5.5511083e-05   1.8341403e-04
   6.6539716e-03   1.8589412e-03  -2.0073340e-02  -2.4537500e-04  -1.6916619e-04   4.2590067e-04
   5.4030080e-03  -5.6529189e-03  -2.7744123e-02   5.4205160e-05  -6.0807394e-05   3.5550059e-04
   4.5144999e-03   3.3193821e-03  -2.7224915e-02  -3.4598349e-05   1.0531710e-04   3.9138272e-04
   5.0921953e-03   1.5912022e-02  -1.6143132e-02  -1.5137385e-04  -1.9925857e-04   1.1673424e-04
   2.3807641e-03   7.9795228e-04  -1.8486221e-02  -3.8132197e-05   4.3841341e-05   1.3030961e-04
   9.5967582e-03  -4.7560846e-03  -1.4400421e-02  -2.3205893e-04   3.3698344e-04   1.6406841e-04
   8.0351496e-03   2.1145932e-03  -7.2421515e-03  -8.7427158e-05  -2.3123122e-04   3.9819991e-04
   6.5079433e-03  -1.3412756e-04  -1.9784517e-02   2.6460176e-04  -5.1814500e-05   3.3998418e-04
   1.0196257e-02   7.1856971e-04  -1.9382011e-02  -6.1849364e-05   7.2957036e-05   3.5546304e-04
   4.0054396e-03  -2.5127043e-03  -5.2271539e-03  -5.6415707e-04   2.1497494e-04   2.2341592e-04
   4.5078300e-03  -7.5115498e-03  -1.4256587e-02  -3.5156853e-04   3.5957443e-04   2.2873699e-04
   1.2756785e-02   5.8080906e-03  -8.3334372e-03  -3.4366480e-04  -2.4168575e-04   2.8338867e-04
   3.5710400e-03  -1.3290512e-02  -1.7163194e-02  -1.2218490e-04   1.9871113e-04   3.5158819e-04
   7.1363690e-03  -6.0423277e-03  -7.3187571e-03  -2.7923873e-04   2.7212738e-07   3.3835059e-04
   5.3667186e-03  -2.6184972e-03  -1.6156624e-02   5.0655554e-06  -8.1077557e-05   3.8395939e-04
   5.5127376e-03  -2.2902371e-03  -7.9461636e-03  -3.1983764e-04  -7.3159424e-05   3.2669926e-04
   3.8101321e-03  -1.1093487e-02  -6.9227313e-03  -3.1022002e-04   2.4564601e-04   1.7158780e-04
   7.8564107e-03  -2.0492453e-04  -9.4180677e-03  -2.0230194e-04   1.7550996e-05   3.6836010e-04
   9.2813994e-04   3.5605488e-04  -1.4238201e-02  -9.2386137e-05  -1.9180609e-05   2.2656596e-04
  -4.4987411e-04  -4.7774664e-03  -3.5319779e-03   5.7321769e-05   1.3169091e-04   2.8053678e-04
   2.9657216e-03  -1.8300229e-03  -6.6486083e-03  -3.1108115e-04  -4.1362108e-05   3.7226504e-04
   5.5463810e-03   4.1064451e-03  -1.8269606e-02   2.2168664e-04   3.8299183e-06   2.0453167e-04
   8.4401753e-03   1.2148750e-03  -6.3739926e-03  -9.6935301e-05  -1.7653141e-04   1.4500075e-04
   4.0949584e-03  -1.4220570e-02  -1.7306823e-02   2.9447149e-04  -5.4275271e-05   4.0076445e-04
   8.2287135e-03   1.2280108e-02  -1.2409040e-02  -2.8429298e-04  -3.3509144e-05   1.8458672e-04
   5.6731057e-03  -5.3193206e-03  -1.9762471e-02  -4.4348885e-06   1.3452760e-04   2.8946649e-04
   1.0085471e-02   4.3999221e-03  -1.5304885e-02  -7.7393783e-05   1.0894077e-04   3.5918536e-04
   8.3633167e-03   1.2503797e-02  -1.5058779e-02  -2.6840665e-04  -5.4338135e-05   3.5131792e-04
   7.6456032e-03  -4.4037475e-03  -1.8726468e-02   1.7390952e-04   1.0551367e-04   4.5419389e-04
