   0.0000000e+00   0.0000000e+00   0.0000000e+00   0.0000000e+00   0.0000000e+00   0.0000000e+00
  -9.3657071e-04   5.4791835e-03  -2.3736033e-03   4.4731952e-05   3.5228411e-04   9.6515628e-05
   7.5123154e-03   4.7941490e-03  -7.3052521e-04  -2.6610533e-04  -9.0654100e-05  -1.2836180e-04
   8.4980581e-03   8.7455007e-03  -4.3611379e-03  -8.2577082e-05  -4.1894401e-05  -1.0401481e-04
   9.1314514e-04   3.0192554e-03   2.0118223e-03   1.5479098e-04   1.7460640e-05  -1.0507931e-04
  -2.6371470e-03   1.4967885e-02   3.5490339e-03  -2.5811956e-04   4.7298908e-05   4.5164990e-05
   2.8350054e-04   1.1244811e-02  -9.7810100e-04  -5.2391119e-05   2.0112829e-05  -2.1746653e-05
   1.5645114e-02   4.2840698e-04   1.1667946e-02  -5.9966016e-04  -4.5457448e-04  -2.3415790e-05
   1.0811301e-02  -1.9088377e-03   9.1053493e-03   1.0587440e-04  -1.9970907e-04  -1.1904385e-04
   1.2066287e-03   2.7650487e-03  -2.2273520e-03   1.2991432e-04   3.2561868e-04   2.7294241e-05
   8.1562140e-03   1.7250833e-02   2.3123233e-03  -3.1751702e-04  -1.5313534e-04   2.9752891e-05
   6.2593455e-03   1.5304797e-02   6.2682739e-04  -4.0629440e-04  -2.3981832e-05  -2.4016150e-07
   7.8386147e-03   1.3512894e-02  -6.7730237e-03  -2.5116816e-04  -7.0051729e-05  -9.5959207e-05
   7.3064315e-03   4.4950078e-03  -5.0264814e-04  -1.5456325e-04  -8.9404907e-05  -1.2396706e-04
   8.8972691e-03   7.8813555e-03   3.9604673e-03  -4.5169119e-04  -1.9940259e-04   6.8342953e-05
   6.3126859e-03   9.6073527e-03   4.8496840e-03  -5.9540331e-04  -2.3228559e-04   1.9159536e-04
   2.7904612e-03   1.2384430e-02  -3.0764922e-03  -5.3347285e-04  -1.3496135e-04  -3.0657361e-04
   7.9384226e-03   1.4641163e-02   3.5430341e-03  -6.3785220e-05  -1.1550215e-04  -2.3170145e-04
   4.6010191e-03   1.9159305e-02   7.5359660e-03  -3.8063274e-04  -7.0880211e-05   1.6481932e-05
   4.6620564e-03   6.1047653e-03   6.8239707e-03  -4.0647697e-04  -9.3938642e-05   1.1295510e-04
   9.6464086e-03   9.5890777e-04   4.6387110e-03  -4.5910174e-04  -1.0961405e-04   5.7836917e-05
   1.5432011e-02  -3.7334852e-04   4.4530234e-03  -4.5950328e-04  -4.6153170e-04  -3.9227786e-05
   3.9422193e-03   1.2405075e-02  -5.6188956e-03  -2.2811356e-04  -6.3950650e-05   1.2652860e-05
   2.0966994e-03   7.9596007e-03  -7.5564075e-03  -2.1328593e-04  -5.0384612e-06  -3.6075427e-05
   3.3824034e-03   6.3200862e-03  -3.7371487e-03  -2.6169573e-04  -7.6717415e-05  -1.0351393e-05
   6.9848662e-03   7.3117182e-03  -3.7325086e-03  -6.7755085e-04  -2.1134882e-04  -1.2351212e-04
   5.9361375e-03   7.6472906e-03  -4.1357827e-03   2.4544581e-05  -1.4182122e-04  -1.7953693e-04
   3.6701824e-03   5.6372302e-03   4.9557932e-03  -9.9815325e-05  -1.0056494e-04   1.9140069e-05
   9.0973395e-03   3.1575904e-03   5.1137260e-03  -4.8400028e-04  -1.3217806e-04  -8.4928176e-05
   1.2915497e-02   3.7124027e-03  -6.0901613e-03  -1.1810289e-04  -4.6433851e-05  -1.3426597e-04
   1.2826607e-02  -1.8058668e-03   5.8410381e-03  -3.0744127e-04  -1.4356125e-04  -2.5124314e-05
   3.6271985e-03   1.0224723e-02   9.9808089e-04  -4.2075423e-04  -2.3607498e-05   1.2321200e-04
   5.4817006e-03   1.7828567e-02  -6.6710940e-03  -1.9565704e-04  -4.5247186e-05  -1.1862684e-04
   1.8203187e-03   4.4211144e-03   2.4035698e-03   2.4767270e-05  -7.6429634e-05  -1.9226550e-04
   7.8961995e-03   9.9498812e-03   1.0279528e-03  -2.1309790e-04  -1.1074241e-04   6.8180138e-05
   1.5649480e-02   9.5858415e-03  -1.3085975e-03  -1.9101514e-04  -6.0268277e-05  -5.8191486e-05
   1.3349255e-02   9.0820761e-04   3.6740430e-03   4.1385886e-05  -1.1675408e-04  -8.4321754e-05
   8.0712860e-03   4.1220128e-03   6.2654320e-03  -4.3600649e-04  -3.4475414e-05   2.0939283e-05
   5.0481686e-03  -9.8862507e-04  -9.6402355e-04  -3.7687235e-04  -5.3069995e-05   7.5256842e-05
   6.9123187e-03   3.4010082e-03  -5.9669954e-03  -2.0441373e-04  -1.6593501e-04  -1.5654234e-04
   2.9518659e-03   2.5429197e-03   4.0480511e-03   6.4798933e-05  -1.8882431e-04  -1.7166387e-04
   3.5623449e-03   6.8926536e-03   7.2908797e-03  -2.2309622e-04  -1.8615084e-04   1.1665211e-04
   5.2448464e-03   1.4224722e-02  -1.0105089e-03  -6.9084561e-04  -2.3424178e-04  -1.5113174e-04
   5.8297686e-03   1.3243105e-02  -7.1242386e-03   8.3870282e-05  -4.0147645e-05  -3.9469651e-04
   8.8990830e-03   1.7802070e-02   5.2143555e-03  -4.5225412e-04  -1.7269391e-04  -4.0017023e-05
   6.9355370e-03   6.4009671e-03  -5.4847507e-03   1.1553396e-06   3.0430340e-04  -1.3597976e-05
   1.1105770e-02   9.9672093e-03  -7.4314788e-03  -6.7834822e-05  -9.5703905e-05  -3.1057647e-04
   1.0276968e-02   7.5759515e-03   7.8785103e-03  -1.6196880e-04  -1.5804533e-04  -8.3501408e-05
   4.3498615e-03   1.5367088e-02  -3.0711522e-03  -4.9586552e-04  -2.0505905e-04   4.1818268e-05
   5.6880359e-03   1.4943520e-02  -6.4289061e-03   4.4577297e-06  -7.4663212e-06  -8.4068633e-05
   1.1274626e-02   7.3068870e-03   4.2671355e-03  -7.6242134e-05  -1.2758094e-04  -2.0230785e-04
   2.0996812e-02  -3.5866275e-03  -1.8318104e-03   1.7225960e-04  -3.7688603e-04  -2.1135230e-04
   9.1361407e-03   1.3606960e-02  -2.0763119e-03  -9.9604101e-04  -2.3636065e-05   4.0347098e-05
   1.4516292e-02   5.9440528e-03  -2.3555224e-02   2.0454566e-04  -1.3283759e-04  -2.7430434e-04
   1.7756299e-02   6.9366065e-04  -1.5070512e-02   1.0017534e-04  -3.6335728e-04  -5.3069857e-04
   1.2709539e-02   1.1727633e-02   2.8806052e-03  -6.1708708e-04  -2.6878476e-04  -4.0142521e-05
   8.9469371e-03   1.7663684e-02  -1.0503064e-02  -1.8009185e-04   5.5629651e-05  -1.1778469e-04
   1.5056850e-02   1.7193316e-02  -4.8254503e-03  -2.2756576e-04  -2.4440895e-04  -6.4353507e-05
   1.1520261e-02   5.4062051e-03   6.5194470e-05  -1.1959702e-05  -1.3822131e-04   7.6307157e-05
   1.4411255e-02   8.2588084e-03   5.7021010e-03  -5.0880605e-04  -2.4013770e-04   9.1442176e-05
   1.5341379e-02   6.3446128e-03  -4.4376598e-03   2.4915139e-04  -4.3578784e-04  -3.7770733e-04
   1.0107841e-02  -8.4037689e-04   3.2977006e-03  -3.3815382e-04  -3.8147951e-04  -1.8503846e-04
   7.8413519e-03  -1.7849294e-02  -6.0595550e-03   9.0602999e-04  -4.0192382e-05  -2.6377294e-04
   1.4148356e-02   4.6206634e-03   5.9536286e-03  -1.0758032e-04  -1.4231095e-04  -2.6065898e-04
   8.1935817e-03   2.4840033e-03   8.3958361e-03  -3.0333457e-04   4.6795432e-05  -2.2924851e-04
   1.0547014e-02   9.6421804e-03  -1.2875013e-03  -2.7944637e-04  -9.8922574e-05  -1.7501915e-04
   1.8039042e-02   7.0731252e-03   7.5156807e-03  -4.7503019e-04  -2.2375800e-04  -3.0010491e-04
   1.2228316e-02   1.1090899e-02   2.2734912e-03  -3.8201580e-04  -1.7707749e-04  -4.0507866e-04
   4.3402432e-03   7.1680422e-03   4.0415852e-03  -6.8996312e-05  -1.1954793e-04  -3.8457291e-04
   1.0856633e-02   5.4942199e-03   8.1174576e-03  -5.0398795e-04  -2.1065076e-04  -3.6751283e-04
   1.1503682e-02   1.0533096e-02  -3.7817561e-03  -2.8129708e-04  -1.7708931e-04  -4.6063271e-04
   9.4379889e-03  -1.6968162e-03  -2.1985642e-03  -6.6053498e-06  -2.3884305e-04  -2.2789786e-04
   5.7764449e-03   6.8663578e-03   5.8254625e-04  -5.7380324e-04  -7.0422196e-05  -3.7867708e-04
   1.1065090e-02   1.5652289e-02   3.6276896e-03  -4.5407721e-04  -1.2144014e-04  -5.0133313e-04
   3.7874007e-03   9.9318433e-03  -6.5820120e-04  -1.4707313e-04   6.9789758e-05  -3.6552290e-04
   5.2599061e-03   6.5990895e-03   6.6338465e-03  -2.8238637e-04  -1.9410080e-05  -3.3520339e-04
   1.3015037e-02   1.7648784e-03   1.5278967e-02  -5.5383290e-04  -1.6762326e-04  -2.7972902e-04
   1.4127017e-02   9.0357507e-03   1.2889321e-02  -6.0465977e-04  -1.4691069e-04  -3.8208177e-04
   1.0696338e-02   6.5252584e-03   3.7386267e-03  -5.3889858e-04  -5.8380992e-05  -3.2563415e-04
   6.4035750e-03   9.2682031e-03  -1.1013463e-02  -5.3062760e-04   2.5614323e-05  -1.5522527e-04
   8.7651864e-03   1.2989395e-03  -2.3204086e-03  -5.4323406e-04  -4.5708099e-05  -1.5033715e-04
   1.7865528e-02  -2.1301985e-04   3.8011669e-03  -3.7317356e-04  -2.9213454e-04  -1.2420459e-04
   1.1791590e-02  -5.1185546e-03  -8.5540561e-03   6.8460222e-04  -2.3977257e-04  -3.4431249e-04
   7.5303589e-03   1.6596937e-02   1.2523023e-04  -3.9514233e-04  -8.5284755e-05  -1.4083519e-04
   8.5141941e-03   1.3190459e-02   8.0725652e-03  -6.4263704e-04  -1.7875693e-04  -1.0498214e-04
   1.2025393e-02   2.1314407e-02  -2.8818695e-03  -6.7993971e-04  -1.3450683e-04  -4.2209975e-04
   1.0773960e-02   1.1212617e-02  -8.6782570e-03  -7.9756863e-05  -1.4189219e-04  -2.2220689e-04
   6.8934499e-03   1.5377535e-02  -4.0115250e-03  -3.9486111e-04  -1.2033743e-04  -3.4820543e-04
   1.3859475e-02   9.4489810e-03   3.3982184e-03  -4.8514504e-04  -2.2442983e-04  -3.4629243e-04
   1.2703347e-02   2.1560920e-03  -2.7805488e-04  -3.5270151e-04  -3.4959530e-04  -1.6617369e-04
   1.1421552e-02   1.1534302e-02  -1.3889784e-02  -6.2683395e-04  -4.2418115e-05  -1.8186576e-04
   9.4982594e-03  -7.6028357e-03  -1.0701284e-02  -1.2294719e-04   2.1561417e-04  -2.6052416e-04
   1.2061289e-02  -5.6010511e-03  -1.0964014e-02   4.0458528e-04  -7.5481498e-05  -3.9838654e-05
   1.3938877e-02   2.1179317e-03  -2.0202463e-03   2.5105630e-04   4.1956959e-05  -2.1618765e-04
   3.2667011e-03   1.5593746e-02  -6.6764425e-03   6.8497713e-04  -3.9039917e-05  -4.2320446e-04
   7.4994452e-03   1.7033293e-02   3.0939966e-03  -2.9725646e-04  -8.6102907e-05  -2.9493073e-04
   7.1640748e-03   2.8713041e-02   3.2923047e-03  -5.2401187e-04  -8.8163558e-05  -2.5869054e-04
   4.6106704e-03   2.4789714e-02  -8.0786565e-03  -2.9001049e-04   9.6191204e-06   2.9286262e-04
   6.3422887e-03   1.3297078e-02  -2.2905019e-03   1.9608885e-04  -3.5361610e-05  -9.1046526e-05
   1.1119274e-02   1.8905329e-02  -2.1454197e-03  -8.4954245e-06  -6.0203156e-05  -4.8848963e-04
   7.6650262e-03   1.0220418e-02  -5.4094140e-03   1.9597305e-04  -2.9924195e-06  -2.9679018e-04
   5.6953214e-03   1.5153602e-02  -9.4794363e-03  -2.1888403e-04   5.4141865e-05  -1.8749658e-04
   1.1956860e-02   1.3841555e-02  -6.6829880e-03  -2.6248685e-04   1.9690910e-05  -1.9977020e-04
   7.6121151e-03   3.0554444e-03  -4.5714414e-03  -4.8989571e-05  -3.6340759e-05  -9.5700100e-05
   9.0834508e-03  -4.3098591e-03   8.1517456e-03  -5.6982064e-04  -9.6946122e-05  -4.9502838e-05
   1.7908229e-02   3.9323332e-04   1.1454305e-02  -4.1580293e-04  -1.4095361e-04  -4.8618243e-05
   1.2527797e-02  -6.3828049e-04   4.0469308e-03  -1.6052042e-04  -3.2193871e-05  -1.1274446e-04
   8.3192856e-03   4.3790110e-03  -4.7267310e-03  -2.5474105e-04  -2.0792813e-05  -9.9365363e-05
   1.1548826e-02  -2.8910864e-03  -2.9494564e-03  -4.5270174e-04   4.2411235e-06  -3.4093773e-04
   1.4860220e-02  -8.0800123e-03  -1.3108529e-03   3.1260825e-04  -2.6254262e-04  -7.6653548e-04
  -9.6053434e-03  -2.5152976e-03  -1.5686456e-02  -3.5173629e-04   7.3915234e-04  -7.9489337e-04
   8.8074790e-04   2.6630135e-03  -1.2621133e-02   5.5614936e-05   1.9597392e-04  -4.3624928e-04
  -8.3491740e-04   2.8156014e-03   8.8403388e-03  -6.9632536e-04   1.9208051e-05  -4.3185253e-04
   4.9655762e-03   3.0824645e-03   1.4733189e-02  -6.7713810e-04   2.8105062e-05  -4.2861676e-04
   5.8321479e-03  -1.1262881e-02   1.0568821e-02  -9.6056254e-06  -1.7308862e-05  -1.3209898e-04
   5.7276212e-03   1.4842884e-03   4.6371411e-03  -4.2291939e-04  -1.9072377e-05  -3.3920689e-04
   1.5050767e-02  -5.5803651e-05   1.9888337e-04  -3.5090863e-04  -1.1332052e-04  -1.9975926e-05
   8.8162644e-03   7.3466170e-03  -1.5429906e-02   6.5614916e-04   3.5968384e-05  -2.2713190e-04
   7.5922689e-03   2.1551253e-02  -7.1252641e-03  -3.3120808e-04  -3.8299957e-05  -1.8977952e-04
   8.8517797e-03   1.4230126e-02  -3.4326487e-03  -6.5348457e-04  -2.1898577e-05  -2.1345369e-04
   1.6685074e-02   1.2066443e-02  -8.1499171e-03  -2.6485198e-04  -3.1009645e-06  -2.6674764e-04
   1.6734208e-02  -6.5502106e-03  -3.1717630e-03  -1.8185362e-04  -6.3191859e-05  -1.2567086e-04
   9.4785598e-03  -6.7389311e-03   3.4808398e-04   2.2615026e-04   8.9444378e-05  -9.9722468e-05
   1.3620057e-02  -2.0902211e-04  -2.4305412e-03  -8.5980713e-05  -5.8970308e-05   2.8318953e-06
   1.9869613e-02   7.1900858e-03  -6.7392424e-03  -3.3790799e-04  -3.5366332e-05   2.7699909e-04
   1.1948557e-02   6.7992097e-03   2.9314054e-03  -2.0281196e-04  -5.8718919e-05  -4.8933721e-04
   5.7758270e-03   1.3851941e-02   4.1909521e-03  -5.6623590e-04  -2.1316382e-05  -2.9808869e-04
   5.7875322e-03  -1.1811913e-02  -3.8886353e-03   8.5333906e-05  -6.9641723e-05  -4.3146241e-04
   1.5051366e-02   6.3971725e-04  -1.0679120e-03  -1.0282525e-04  -2.7515931e-04  -6.1888670e-04
   9.6311125e-03  -2.2987246e-02   2.1235780e-03  -1.2895928e-04   8.7933724e-05  -6.2871135e-04
   5.0512963e-03   2.3741190e-02   1.0713858e-02  -4.4794145e-04   7.0978055e-05   1.9706414e-04
   1.6968344e-04   4.4852869e-02   1.0652739e-02  -4.2243965e-04   6.2901972e-04  -8.9439601e-04
   9.8727057e-04   3.3564449e-02  -1.1855548e-02  -5.9784797e-04   2.6182618e-04  -1.9597432e-04
   1.2755181e-02   7.3171632e-03   4.2272489e-03  -1.3865626e-04  -2.4124558e-04  -5.5568262e-05
  -1.8999282e-03  -2.0496118e-04  -4.7418626e-03  -3.6725945e-04   1.4961424e-04  -3.3045154e-04
   1.0809550e-02   9.7214876e-03   6.5903896e-03  -3.3225186e-04   4.4285364e-05  -4.7498820e-04
   1.1711606e-02  -5.7078363e-03   1.9309643e-02   1.5315889e-04   8.6474267e-06  -2.5332228e-04
   1.2349113e-02   7.2784402e-03   3.5218751e-02  -8.7096680e-04   2.6309128e-05  -3.6516787e-04
   7.3169322e-03   1.4884831e-03   3.0628142e-02  -6.8058951e-04   1.8750541e-04  -3.2722479e-04
   7.8048460e-03   1.2258765e-02   1.8980985e-02  -6.8594017e-04   3.5528714e-05  -2.8119449e-04
   1.3104853e-02   9.3242784e-03   1.9057687e-02  -6.4869700e-04  -6.7574525e-05  -3.7986934e-04
   9.8246363e-03   5.1911925e-03   4.7559828e-03  -8.5449525e-06   2.3458145e-04   8.6509628e-06
   1.6044319e-02   2.7950754e-03   1.5820997e-02  -1.1691154e-04  -1.4419101e-04  -5.5476038e-05
   9.4749625e-03  -8.5337494e-04   1.5448750e-02  -2.0560715e-04   8.4120803e-05   4.8880962e-05
   9.5717894e-03   5.2267450e-04   4.2015086e-03  -6.2598311e-05   6.8189002e-05  -7.3791016e-06
   1.4016021e-02  -3.8051214e-03   6.1969811e-03   3.6854888e-04  -1.8866444e-04  -2.7441574e-04
   4.4889558e-03   1.6618017e-02  -3.1105348e-03  -4.5191845e-04   1.5023283e-04  -3.7375827e-04
   1.5217393e-02   1.3330080e-02  -1.5442258e-02  -3.3227232e-04  -2.5353016e-04  -2.6232430e-04
   9.5299668e-03   1.7949090e-02  -1.2876380e-02  -3.5108820e-04   2.7476893e-04  -2.2127075e-04
   1.3783143e-02   1.9576892e-02  -9.2169852e-03  -8.3156711e-04   4.8160088e-05  -7.9514361e-05
   7.6671098e-03   1.1033686e-02  -8.9174043e-03  -5.0059208e-04   1.2188103e-04  -6.3946586e-05
   5.7450253e-03   1.7409938e-02  -1.3552263e-02  -7.2118340e-04   1.7200870e-04  -1.4756644e-04
   1.4482297e-02   1.3218209e-02  -1.0171480e-02  -4.6068266e-04   9.0820458e-06  -1.7863994e-04
   1.3500656e-02   9.0500468e-03  -3.4784691e-03  -6.9072596e-04  -5.2320031e-05   8.5007768e-05
   1.3208480e-02   5.1855532e-03   3.1367987e-03  -5.8647620e-04   6.5932274e-05   1.1113139e-05
   5.8931626e-03  -1.8606768e-02  -1.7680385e-02   6.4922392e-04   9.7580326e-05  -1.5292039e-04
   8.4295271e-03   9.0809822e-03   7.0747240e-03  -7.0659032e-04   1.9743276e-04  -1.9756223e-04
   5.9778338e-03   1.9316496e-02   9.9193949e-03  -6.6884894e-04   3.0574995e-05  -6.7926598e-05
   1.6754962e-03   8.6211229e-03   6.9777179e-03  -3.9520661e-04   6.1421596e-05  -8.1711509e-05
   8.0577704e-03  -5.6797873e-03   3.2947509e-03   1.2906576e-04  -2.7738054e-05  -2.8454846e-04
   1.0584945e-02   2.5689042e-03   9.4003344e-03  -1.4923994e-05  -9.0782986e-05  -1.4694940e-04
   5.9868790e-03   1.0052765e-02   4.8773115e-03  -3.4869125e-04  -2.9214670e-05  -8.8141367e-05
   2.3955815e-03   1.4540963e-02  -1.3511901e-02   8.6446321e-05   1.1333898e-04  -1.0259340e-04
   9.7453171e-03   1.1874883e-02  -7.2723328e-03  -2.3773112e-05  -1.0837407e-05  -2.1263383e-04
   6.3389856e-03   2.3835744e-03  -7.2525128e-03   5.5556023e-04   1.1540365e-04  -1.9866836e-04
   3.7392203e-03   1.6192925e-02  -9.0480105e-03   1.4914944e-04   4.8390242e-05  -2.2535351e-04
   4.3559622e-03   1.0164952e-02  -3.2131574e-03  -7.7198980e-05   5.8460447e-05  -1.2044588e-04
   3.3502766e-03   6.9134438e-03  -6.5531306e-03  -2.5259254e-04   1.2861639e-04  -2.6738788e-06
   5.6908465e-03   4.7057725e-03  -1.4143613e-02  -1.2184638e-04   5.5037178e-05  -1.8439717e-04
   1.0741457e-02   4.2651911e-04  -9.7829856e-03  -9.8695095e-05   8.5796025e-05  -1.9651481e-04
   1.0462265e-02   7.0457941e-03  -5.8315719e-03  -1.8066878e-04   6.3901811e-05  -2.0263471e-04
   6.1727752e-03   1.0966400e-02  -5.7701502e-03  -1.9756238e-04   1.7373954e-04  -5.4133774e-05
   8.8665714e-04   1.2536891e-02  -1.4817855e-02  -9.3858626e-05   1.9597493e-04  -5.0186567e-05
   9.3059831e-03   1.3768662e-05   8.3090339e-03  -5.9813091e-04   7.8111175e-06  -1.5529761e-04
   9.0793997e-03  -6.0837367e-04  -6.5259644e-03   5.4348565e-05   4.1365614e-05  -1.9662450e-04
   1.0599128e-02   9.3957535e-04  -8.1679682e-03  -1.8190248e-04  -3.7833211e-05  -3.2771069e-04
   4.3332942e-03   9.1730242e-03  -5.5410897e-03  -1.3325501e-04   4.6076415e-04  -9.3982710e-05
   1.8276761e-03   1.3566421e-02  -1.1937026e-02  -6.4643191e-04   3.2588923e-04  -5.7814506e-05
  -1.6458410e-04   1.7227497e-02  -1.9726292e-02  -3.5161982e-04   2.9756075e-04  -1.7366798e-04
   7.8940448e-03   1.0974801e-02  -1.7997761e-02  -2.4552748e-04   7.1772317e-05  -1.7081331e-04
   7.7572823e-03   8.3949945e-03  -1.5342955e-02  -3.3700649e-05   4.2965068e-05  -2.3781335e-04
   1.0635071e-02   1.0421399e-02  -1.0505261e-02  -7.8510372e-05  -8.9390892e-05  -8.7867883e-05
   7.7174273e-03   1.2826224e-02  -1.1674516e-02  -3.8625128e-04   3.9529035e-05  -2.0481155e-05
   8.0899650e-03   1.3070836e-02  -2.0175608e-02  -1.6798224e-04   1.2287483e-04  -1.9135257e-04
   1.0693430e-02   3.6507006e-03  -9.0876931e-03  -4.5203612e-04  -7.6679812e-05  -1.3741884e-04
   5.7342869e-03   7.3071352e-03  -4.9113272e-04  -3.2582093e-04   1.2099600e-04  -1.6169962e-05
   6.0936500e-03   1.3581979e-02  -7.4524844e-03  -4.3087962e-04   1.8853584e-05  -9.5396291e-06
   5.6688915e-03   6.4803281e-03  -1.7584785e-02   3.3054789e-04   1.6212262e-04   6.6864859e-06
   9.5685291e-03   5.1074458e-03  -8.6418744e-03  -1.1116195e-04   2.9844833e-05  -2.9719650e-04
   8.1854332e-03   5.7976164e-03   3.4084098e-03  -8.5684289e-04   8.1857444e-05  -1.7884833e-04
   9.7573522e-03   1.2886402e-02  -1.3894338e-02  -4.8437524e-04   8.3791758e-05  -9.2047653e-05
   1.0502196e-02   1.4882916e-02  -1.6341501e-02  -1.7119491e-04   1.0624876e-06  -1.2461190e-04
   4.4898834e-03   7.4778184e-03  -6.6037544e-03  -8.8005660e-05   4.0893367e-05  -1.3406059e-04
   6.1542136e-03   1.3339420e-03   3.6615628e-03  -6.8911330e-05   1.8421175e-05  -1.2768911e-04
   8.5154883e-03   6.1915578e-04  -3.4903284e-03  -3.1711842e-04  -5.1720872e-10  -6.8912028e-05
   1.3708001e-02   9.4514750e-03  -6.5774629e-03  -3.5779762e-04   4.2027596e-05  -1.4142246e-04
   8.0809691e-03   9.0430072e-03  -7.0975872e-03  -7.4955562e-04   3.1084051e-04  -1.6423914e-04
   6.9363645e-03   1.4994290e-02  -1.4262733e-02  -1.1999805e-04   1.0575482e-04  -4.1529940e-05
   6.3664625e-03   1.1257429e-02  -6.7148153e-03  -3.7143815e-04   1.1204571e-04   2.9084287e-05
   7.9517537e-03   1.2070915e-02  -9.8151879e-03  -4.7587658e-04   1.4467721e-05  -4.4671510e-05
