   0.0000000e+00   0.0000000e+00   0.0000000e+00   0.0000000e+00   0.0000000e+00   0.0000000e+00
   3.8817716e-03  -7.6769381e-03   9.3943264e-04   8.0516440e-05  -4.5761627e-05   2.5222750e-05
   4.4225091e-03  -4.7860184e-03  -5.6893945e-03  -2.1903746e-04  -1.6638868e-04   1.3116002e-04
   6.9126659e-03   5.3897438e-03  -1.4199705e-02   4.2404284e-04  -1.7484704e-04  -2.8194512e-06
   1.4835221e-02  -4.5849153e-03  -6.2355590e-04  -4.4756235e-04   6.9902876e-05  -4.8889663e-04
   2.2122143e-03  -3.2168714e-03  -1.2217889e-02   2.3944719e-04   1.1531433e-04  -6.5448974e-05
   9.0819931e-03  -9.4006931e-04  -7.7607729e-04  -6.9496117e-05   1.7638416e-05  -7.7504892e-05
   1.2950612e-02  -3.2500549e-04   3.6860274e-03  -2.1566811e-04  -1.8539331e-04   5.1501879e-05
   1.2948210e-02  -9.8736337e-03   6.8821992e-05  -1.4925425e-04  -3.8573243e-05  -4.1998863e-05
   1.2324127e-02  -9.7464852e-03  -4.1546904e-03   9.2572457e-05   7.9069853e-05  -7.8186996e-05
   1.5392623e-02  -8.2666457e-03  -8.0156068e-04   4.1006368e-04   3.1245324e-05  -2.5798458e-05
   1.1594208e-02  -3.1035208e-03   4.7207986e-03  -2.5798779e-04  -3.8062648e-05   7.3675151e-05
   1.0839757e-02  -1.2212094e-03   4.6799221e-03  -1.9780095e-04  -1.4720745e-04  -1.8725780e-05
   1.1001152e-02  -9.2360281e-03   5.0193827e-03   2.6553203e-04  -1.1576331e-05  -2.8214079e-05
   9.9541572e-03  -9.8706595e-03   8.1653503e-03  -1.5091005e-04   4.8984999e-06   3.4210910e-05
   1.0981152e-02  -1.9136375e-02   8.8434046e-03  -1.1344823e-04  -5.2835254e-05   1.2271604e-05
   8.2442783e-03  -8.2130954e-03   1.2878995e-02  -3.7475974e-04   1.6893226e-04   1.0038489e-04
   1.0553707e-02   5.8057156e-04  -6.5259850e-04   1.4096720e-04  -1.1189945e-04   6.8427560e-05
   5.9552856e-03  -4.2228574e-03  -9.2659575e-03   1.6987376e-04  -1.4336443e-05  -3.1025999e-05
   7.3769985e-03  -4.2766322e-03  -5.0861404e-03   6.6121750e-05  -4.4346529e-05  -2.6469679e-05
   4.7770705e-03  -1.6412308e-02   3.1625987e-02  -9.7081838e-04  -4.4123379e-04  -8.9709362e-05
   7.8679801e-03  -1.1271768e-03   5.8018534e-03   1.7038865e-04  -3.3706817e-07   2.9288505e-05
   7.3488681e-03   2.1576075e-03   5.7150356e-03   1.7788463e-04   5.9075330e-06  -3.4449818e-05
   6.3758944e-03  -3.3616640e-03   1.5980283e-02   4.4505716e-05  -1.2580789e-04   2.0250857e-04
   7.1285617e-03  -9.7453907e-03   2.3162582e-02   1.2262147e-04  -1.0016427e-04   1.3893956e-04
   6.6215397e-03  -7.4836748e-03   1.8071528e-02   3.6422110e-04  -7.0050788e-05   6.4155531e-05
   8.2994954e-03  -1.3369847e-02   1.7960936e-02   9.7929269e-05  -3.8974879e-05   3.2673775e-05
   1.0806244e-02  -8.9461044e-03   1.5243505e-02  -2.4024367e-04  -1.4321279e-04   9.6165958e-05
   7.6498924e-03  -6.6641309e-03   1.2927080e-02   7.6327757e-05  -1.6884254e-05   7.2973910e-05
   1.0632784e-02  -1.5008641e-02   1.8736841e-02  -2.6911220e-05  -1.0964422e-04   1.5700144e-04
   9.7501428e-03  -1.7069594e-02   1.8461104e-02  -1.4315598e-04  -8.6616525e-05   1.3075247e-04
   8.3469628e-03  -1.4813797e-02   1.3333712e-02   2.3141339e-04  -1.4076665e-04   9.2749750e-05
   5.1816272e-03  -1.4117102e-02   1.6579810e-02   3.7753434e-04  -2.3615033e-04   2.9295772e-04
   4.9617523e-03  -9.7853506e-03   7.9229881e-03  -1.2783285e-04   2.6053121e-05   7.5395334e-05
   6.0923452e-03  -1.0464718e-02   5.9394214e-03  -4.6340991e-05  -9.8559344e-05   1.2176625e-04
   7.9647799e-03  -5.4972491e-03   1.0917316e-02   1.0640176e-04  -1.8808099e-04   1.2917352e-04
   8.3161761e-03  -1.1757185e-02   1.1038169e-02  -1.8085454e-04  -1.0900029e-04   1.0546068e-04
   9.5926596e-03  -1.8645905e-02   1.1554309e-02  -1.8878019e-04  -2.3151923e-04   1.6719670e-04
   8.0276368e-03  -8.8264806e-03   1.1049128e-02   1.2134785e-04  -1.1160031e-04   1.1932939e-04
   1.0142997e-02  -1.3528719e-02   7.4643476e-03   7.9674275e-05  -1.2693418e-04   4.9600941e-05
   1.1994991e-02  -1.0806658e-02   6.8309247e-03  -2.4046172e-04  -1.7015149e-04   1.4712673e-04
   1.1324402e-02  -1.7188970e-02   5.9184633e-03   3.5686059e-05  -1.6383374e-04   7.1170101e-05
   1.0929480e-02  -1.1337107e-02   1.0059203e-02   2.2212620e-04  -9.4944569e-05   7.1556072e-05
   1.3975595e-02  -1.3125233e-02   7.9667369e-03  -4.1035963e-05  -1.3845403e-04   9.3440948e-05
   1.2847580e-02  -3.4149767e-03  -2.2181462e-03   2.7825506e-04  -1.9496525e-04   8.6724448e-05
   9.3841711e-03  -1.0604259e-02   2.9936487e-03   2.9593214e-04  -1.7342499e-04   1.5198769e-04
   8.5729957e-03  -1.8213207e-02   1.5924630e-02  -7.8227419e-05  -1.8935301e-04   1.6296751e-04
   1.0334669e-02  -1.2154331e-02   1.1208781e-02   1.4949724e-05  -1.6168994e-04   1.3324931e-04
   7.8046728e-03  -1.2119072e-02   2.6107670e-03   1.9293691e-04  -2.1224258e-04   1.1183122e-04
   6.9935598e-03  -1.3607018e-02   5.7918040e-03   6.5329524e-05  -9.0239842e-05   1.0251200e-04
   7.4393999e-03  -1.4589244e-02   9.9406562e-03  -1.9580041e-04  -1.1928023e-04   8.9428787e-05
   7.2174466e-03  -1.0963044e-02   5.5404194e-03  -9.3951136e-05  -1.1375967e-04   9.6982054e-05
   2.0944951e-03  -1.7124996e-02   3.2523527e-03   2.3986855e-04  -1.6034503e-04   1.3716895e-04
   9.6514977e-03  -1.3917554e-02   8.5623656e-03  -4.1587456e-04   1.4604895e-04  -3.4461052e-04
   9.4507798e-03  -1.0898798e-02   6.1245149e-03   2.8130981e-04  -1.3455687e-04   5.4371098e-05
   1.3834465e-02  -1.1966757e-02   7.0751367e-03  -1.7183074e-04  -1.3642530e-04   5.4189173e-05
   1.2436999e-02  -1.4294378e-02   5.0959433e-03   2.5606512e-04  -2.1902665e-04   1.9530526e-05
   1.4454230e-02  -1.5370336e-02   1.5453664e-02   7.1171216e-05  -1.4050407e-04   3.7230618e-05
   1.4770596e-02  -1.6151644e-02   8.0456904e-03   8.0683638e-05  -2.3265571e-04   1.2875770e-05
   9.9696905e-03  -1.4967737e-02   3.3624788e-03   1.9640159e-04  -1.5349263e-04   1.0085637e-05
   1.2543165e-02  -1.3147877e-02   9.3944887e-03   1.3194804e-04  -1.7466615e-04  -5.8512127e-07
   1.7291120e-02  -8.7237822e-03   5.8016964e-03  -6.1677870e-05  -3.0860105e-04   4.1635071e-06
   1.2269367e-02  -1.0808676e-02   9.0168919e-04   3.6822949e-04  -1.6844399e-04  -2.3708698e-05
   1.4309715e-02  -1.1212103e-02   2.3624791e-03   2.6064523e-05  -2.4655770e-04   5.5007227e-05
   1.1671734e-02  -2.0411375e-02   1.9556404e-04  -1.0327635e-04  -1.5746788e-04   5.3302528e-05
   1.5494294e-02  -3.1474832e-03  -4.2678673e-03   4.1011727e-04  -3.1046729e-04  -9.6065737e-05
   1.3501896e-02  -1.0042523e-02   3.4701086e-03   8.8291793e-05  -2.1219745e-04   6.3794744e-05
   1.1862125e-02  -8.5252334e-03  -2.0472083e-03  -8.1603732e-05  -2.2251891e-04  -1.0989826e-05
   1.2520390e-02  -1.7495381e-03  -2.2301465e-03   1.5666784e-04  -2.6686011e-04  -2.5661254e-05
   1.5474440e-02  -1.2144954e-02   7.2067016e-03  -1.8974370e-05  -2.0520047e-04   5.1566812e-05
   1.7855343e-02  -4.4068107e-03   7.1637413e-03  -8.0153222e-05  -2.7879387e-04  -4.1276864e-07
   1.4314798e-02  -1.6288553e-02   6.8357378e-03   2.7553762e-04  -1.7930247e-04  -6.0138752e-05
   1.9199383e-02   6.5592406e-03   8.4942974e-03   1.7151382e-04  -3.1333607e-04   7.5620650e-05
   1.3872861e-02  -1.2180273e-02   4.8213686e-03   2.0226596e-04  -2.4349977e-04   1.2970163e-04
   1.5160398e-02  -7.5707175e-03   1.0201633e-02  -1.7525039e-04  -2.6236039e-04   6.0100650e-05
   1.3271630e-02  -6.6866414e-03   4.7515746e-03  -2.3614019e-05  -2.6259864e-04   5.6319882e-05
   1.1528102e-02  -1.6630140e-02   1.3439513e-02   2.5639723e-04  -2.1479283e-04   5.5142804e-05
   1.2561259e-02  -1.8490034e-02   1.9924669e-02   1.2232468e-04  -1.9860954e-04   5.5064084e-05
   1.2236305e-02  -1.7137157e-02   1.3922583e-02   4.9209155e-05  -1.9951300e-04   3.6900577e-05
   1.0324973e-02  -8.6421445e-03   7.6196567e-03   3.3309549e-04  -2.7311748e-04   2.2690608e-05
   1.8040996e-02  -1.5179507e-02   1.3940168e-02   1.8543672e-04  -4.2643862e-04   2.8524052e-04
   1.4396095e-02  -4.7968442e-03   1.4695611e-02  -4.2335070e-07  -3.5866168e-04   6.0862733e-06
   9.0025563e-03  -9.9491803e-03   1.3603464e-02   3.5321893e-04  -2.4785070e-04   5.4632261e-05
   1.2122118e-02  -8.5888622e-03   1.2562043e-02  -9.5533843e-05  -3.1792244e-04   8.1150195e-09
   1.0018214e-02  -1.1774996e-02   6.6002525e-03   1.6285697e-04  -2.8568665e-04   3.8977101e-05
   1.5544000e-02  -1.1863048e-02   8.0340440e-03   9.6232407e-05  -4.3038233e-04  -1.8028490e-05
   1.9155329e-02  -1.3936507e-02   1.2193813e-02  -2.9753897e-05  -3.0609491e-04   8.0113099e-05
   2.2352467e-02  -1.0124865e-02   6.3778457e-03  -1.3266029e-04  -3.9742229e-04  -8.7797791e-05
   1.7370135e-02  -5.8013335e-03   8.9971674e-03   2.0184413e-04  -1.9403787e-04  -2.6182413e-04
   1.7030888e-02  -1.2707766e-02   6.5641194e-03   6.2744839e-06  -2.7034298e-04  -4.3278598e-05
   1.5850306e-02  -1.8235806e-02   3.7290406e-03   3.7001258e-04  -4.7027613e-04  -1.7398947e-04
   1.7464074e-02  -1.4187768e-02   7.7038856e-03   3.1893607e-04  -2.7097149e-04  -6.2247655e-05
   1.5736657e-02  -3.9886529e-03   2.5507113e-03   3.1994682e-04  -2.1845623e-04  -3.0534625e-04
   1.4606971e-02  -1.3341262e-02   6.4367693e-03   1.3188896e-05  -3.2570131e-04  -1.5810622e-05
   1.7740106e-02  -1.3402163e-02   1.5065082e-02  -1.8143759e-04  -4.3694912e-04  -1.5587306e-04
   1.2062714e-02  -1.7329831e-02   9.8568288e-03   1.1114853e-04  -3.1589333e-04  -7.4914585e-05
   1.5382544e-02  -1.6169519e-02   1.1583698e-02   4.0700929e-04  -4.1645770e-04   6.2385665e-06
   1.5855000e-02  -1.4514556e-02   1.6755370e-02   1.2028175e-04  -4.1862936e-04   5.4943461e-05
   1.7055072e-02  -1.5393709e-02   8.9219277e-03  -4.9151553e-06  -3.3693222e-04  -1.1683293e-04
   1.8309163e-02  -1.3930947e-02   5.7198289e-03   4.8777856e-04  -4.2893205e-04  -2.3785006e-05
   1.6988516e-02  -1.6189796e-02   1.4861993e-02   1.0820337e-04  -3.2675641e-04  -8.2600983e-05
   1.5618018e-02  -1.6914007e-02   1.2809202e-02   2.5578222e-04  -3.8757471e-04  -9.2203468e-05
   1.5913255e-02  -1.7361773e-02   2.7175662e-03   3.4042552e-04  -4.6361684e-04  -3.3683892e-05
   1.4864920e-02  -2.2929475e-02   8.3625983e-03   2.2304806e-04  -3.2526553e-04  -5.2313013e-05
   1.5220375e-02  -1.6516890e-02   9.5524825e-03  -2.4257006e-06  -5.0050549e-04  -8.0198990e-05
   1.4975536e-02  -1.3298427e-02   5.1026577e-03   3.5064757e-04  -5.0087041e-04  -1.2144289e-04
   1.7333913e-02  -1.5356728e-02   7.0093539e-03   2.2236813e-04  -4.5162909e-04  -7.4862510e-05
   1.6563760e-02  -1.7808760e-02   9.1263082e-03  -1.9094304e-05  -4.3321992e-04  -6.6289917e-05
   1.5679131e-02  -1.7429559e-02   4.6124935e-03   9.8403317e-05  -4.9947379e-04  -3.4400653e-05
   1.4311307e-02  -1.1785639e-02   7.8695643e-03   3.6019852e-04  -4.5528858e-04  -6.0745460e-05
   2.1240801e-02  -1.1157274e-02   1.4075201e-02  -5.9571351e-05  -5.7714420e-04   1.8797343e-04
   1.9741674e-02  -4.2832929e-03   7.4921789e-03   2.8354600e-04  -4.0337045e-04  -2.1188620e-04
   1.8484724e-02  -2.3127619e-03  -3.6568333e-03   2.0186365e-04  -4.2872246e-04  -3.7705614e-05
   1.8486029e-02  -6.8026208e-03  -7.1342636e-03   5.9113760e-04  -3.8948950e-04  -1.4196597e-04
   1.7598880e-02  -1.3210181e-02   6.6401483e-03  -1.5498156e-04  -3.6896359e-04  -1.1236698e-04
   1.8626078e-02  -1.1029626e-02   1.0104185e-02   5.0702231e-06  -4.1642510e-04  -1.3038356e-04
   1.7461638e-02  -1.4208634e-02   8.6177961e-03   2.0566190e-04  -3.7415456e-04  -1.3153569e-04
   1.9562907e-02  -2.3047337e-02   1.3343389e-02   2.0928959e-05  -4.0864420e-04  -9.7119317e-05
   1.9107417e-02  -2.4867930e-02   1.6143729e-02  -2.6611221e-05  -4.0083233e-04  -6.9029182e-05
   1.9870932e-02  -2.0915138e-02   1.2082022e-02   2.7494295e-04  -4.1082281e-04  -1.3091905e-04
   1.9676496e-02  -2.2650108e-02   1.7659775e-02   2.8291309e-04  -4.3673439e-04  -6.0720611e-05
   2.0696191e-02  -2.9769914e-02   1.6910468e-02   7.4981625e-05  -5.0256450e-04  -3.6486138e-05
   1.7409970e-02  -1.9808050e-02   1.3596864e-02   2.8545344e-04  -4.4594046e-04  -5.1515984e-05
   1.7769689e-02  -2.2638717e-02   4.4404548e-03   3.7454341e-04  -6.2278848e-04  -8.0128107e-05
   1.8539058e-02  -1.5890364e-02   1.1449974e-02   2.1319290e-04  -4.7112069e-04  -5.4593016e-05
   2.0351251e-02  -9.7514686e-03   7.0863989e-03   2.8517809e-04  -4.7581266e-04  -1.3000301e-04
   1.7356425e-02  -1.2926872e-03   2.1167795e-03   3.1906650e-04  -5.1864682e-04  -9.0178038e-05
   1.9596560e-02  -2.0946360e-02   5.7974792e-03  -1.0510003e-04  -5.7413248e-04  -1.5643279e-04
   2.0357417e-02  -9.9041665e-03   1.2979528e-02  -4.8416250e-05  -4.5956889e-04  -1.4223197e-04
   1.9317460e-02  -1.1682171e-02   1.4981306e-02   1.0557265e-04  -5.5025200e-05  -1.6381514e-04
   1.6783199e-02  -1.1745216e-02   7.0545146e-04   8.0743743e-04  -4.2897789e-04  -1.8251940e-04
   1.8664853e-02  -1.1572037e-02   2.0103784e-02  -3.1102226e-05  -4.6387576e-04  -1.3918457e-04
   1.6274148e-02  -2.3018320e-02   1.8632188e-02  -1.0103797e-04  -4.9323404e-04  -1.2335716e-04
   1.2129911e-02  -2.7887697e-02   1.0381171e-02   3.6223472e-04  -4.9161320e-04  -1.0575325e-04
   1.4779497e-02  -2.0649634e-02   1.5675547e-02   2.7235984e-04  -3.4634429e-04  -1.6872171e-04
   1.9251094e-02  -1.8548571e-02   1.8408470e-02   1.6151494e-05  -5.0925015e-04  -1.4935706e-04
   1.5280341e-02  -1.8912768e-02   1.2271546e-02   2.9516427e-04  -4.7213356e-04  -1.8016279e-04
   1.5124315e-02  -2.2513768e-02   1.4908241e-02   1.6415825e-04  -3.9543605e-04  -1.7914738e-04
   1.8445202e-02  -1.8791066e-02   1.4716257e-02  -2.4319855e-06  -5.0880066e-04  -1.4871865e-04
   1.6281638e-02  -1.8588896e-02   9.0989224e-03   2.7241762e-04  -3.7064803e-04  -1.3902839e-04
   2.3800058e-02  -2.1676441e-02   8.1364809e-03  -3.4319004e-05  -4.2774258e-04  -1.4574025e-04
   2.5440905e-02  -1.3365624e-02  -4.4289482e-03   3.5472563e-04  -4.7495912e-04  -1.5934286e-04
   2.5438136e-02  -1.4759337e-02  -1.6999687e-03   2.7571119e-04  -5.0002911e-04  -2.0015304e-04
   2.7601432e-02  -7.7124201e-03   1.7866312e-03   4.6881781e-05  -6.4532075e-04   2.8263875e-05
   2.4809728e-02  -7.1450934e-03  -2.1272721e-03  -1.2063832e-04  -7.2126139e-04   3.2975087e-05
   2.6103461e-02  -6.7798155e-03   2.2434106e-03  -5.0915399e-04  -7.1304879e-04   2.8011246e-05
   1.9657776e-02  -5.1066923e-04   9.8078116e-04   2.2394275e-04  -5.3128976e-04  -1.7730529e-04
   2.0381369e-02  -2.8826610e-03   4.4346223e-04  -2.8990428e-04  -4.2229630e-04  -3.6445885e-04
   1.7326690e-02   8.1193299e-04   9.1578894e-03   9.9398118e-05  -3.5128608e-04  -3.9361522e-04
   1.8016434e-02  -1.0952440e-02   2.0107840e-03   2.0496902e-04  -4.7725832e-04  -3.5936211e-04
   1.9742187e-02  -1.2088630e-02   3.8295557e-03   2.5066220e-04  -4.4037812e-04  -3.3320089e-04
   1.4651355e-02   1.7712005e-03   2.6608626e-02  -2.5330337e-05  -3.0232900e-05  -2.3039351e-04
   1.6752425e-02  -1.4830945e-02   2.9513574e-03  -3.9650754e-05  -4.3511279e-04  -2.4733613e-04
   2.0381688e-02  -8.5564624e-03  -2.0325078e-03   4.0596101e-04  -5.0520334e-04  -2.4362859e-04
   1.7829425e-02  -1.5439126e-02   7.5541141e-03   4.0832527e-04  -4.3841204e-04  -2.5135137e-04
   1.7379908e-02  -1.9356295e-02   1.3778919e-02   2.0184258e-05  -3.8507850e-04  -1.2958559e-04
   1.8529541e-02  -1.4742084e-02   1.4415391e-02   4.0460016e-04  -4.6141002e-04  -7.6577623e-05
   1.7660393e-02  -2.3274391e-02   1.9670971e-02   4.6284599e-04  -4.8997458e-04   3.4107450e-05
   1.8548699e-02  -1.9715184e-02   2.8844644e-02   7.3050220e-05  -4.8398577e-04   5.9967091e-05
   1.5931999e-02  -2.4992125e-02   2.2467678e-02   1.9942075e-04  -4.2241403e-04  -8.4382135e-05
   1.5357273e-02  -1.5058392e-02   1.8445882e-02   3.0029983e-04  -4.2976069e-04  -1.1610295e-04
   1.8532745e-02  -2.7120224e-02   2.4082267e-02   2.1487445e-04  -3.3659166e-04  -2.0490148e-04
   2.2209241e-02  -2.0144897e-02   2.5981742e-02  -9.0967175e-05  -4.4843694e-04  -1.1190292e-04
   2.0948720e-02  -2.1699634e-02   1.7071508e-02   2.8264183e-04  -3.1614301e-04  -1.7064842e-04
   2.4154630e-02  -2.0494648e-02   1.4598509e-02   1.6618307e-04  -3.2778819e-04  -2.2080005e-04
   2.0129442e-02  -3.0215175e-02   2.1791629e-02  -9.1124538e-05  -3.4715437e-04  -3.2109906e-05
   2.0304852e-02  -1.8830299e-02   1.3986274e-02   3.8941222e-05  -3.8963627e-04  -1.2667950e-04
   1.7105032e-02  -1.7069294e-02   1.1792683e-02   2.1824573e-04  -3.8789680e-04  -1.4718383e-04
   2.0547406e-02  -2.1990376e-02   9.7421318e-03  -1.1479280e-04  -4.4003215e-04  -4.1305239e-05
   2.1445800e-02  -2.1343972e-02   6.9624943e-03  -2.8326863e-05  -4.7292395e-04  -4.3881857e-05
   1.8059736e-02  -1.7408010e-02   8.7645047e-03   1.4179348e-04  -4.7182517e-04  -1.0722380e-04
   1.8495627e-02  -1.7807483e-02   7.0258012e-03   1.4292894e-04  -4.9582469e-04  -6.9484012e-05
   1.7629339e-02  -2.0809880e-02   9.2115604e-03  -1.5417623e-04  -4.6404548e-04   8.2968853e-06
   1.5138473e-02  -2.5520940e-02   8.9094777e-03   1.1951506e-04  -4.2039770e-04  -1.3848742e-04
   1.9325600e-02  -2.3235676e-02   3.7817112e-03   8.4256603e-04  -6.9566626e-04  -1.0886273e-04
   1.7832101e-02  -2.3212563e-02   9.0102635e-03  -1.3546621e-04  -4.2214967e-04  -1.5647983e-04
   1.5758796e-02  -1.5219168e-02   1.9723037e-03   2.7996628e-04  -4.5246042e-04  -2.6590256e-04
   2.0663474e-02  -5.8532881e-03   9.1799743e-03   3.3985681e-04  -5.5808944e-04   6.7886942e-05
   1.7746689e-02  -1.5733794e-02   1.6579884e-02  -1.2711745e-04  -5.5347289e-04   3.1513426e-05
   1.5493634e-02  -1.7286846e-02   5.5420555e-03   2.1102889e-04  -4.4097229e-04  -1.2308038e-04
   1.8676968e-02  -1.7591905e-02   9.7072298e-03   4.6427797e-05  -4.1918860e-04  -1.5195159e-04
   2.0720077e-02  -9.2533033e-03   1.0172813e-02  -1.2392288e-06  -5.0167386e-04  -1.5755475e-04
   1.8493171e-02  -1.0029236e-02   2.4141755e-03   4.2262184e-04  -4.8282956e-04  -8.5525912e-06
   2.1991793e-02  -1.6960474e-02   5.7578547e-03   6.6110522e-05  -5.2259233e-04   5.2171736e-05
   1.9875615e-02  -1.8577399e-02   8.1760329e-03  -4.0782680e-05  -4.4832345e-04  -1.9688645e-05
   1.9897212e-02  -1.5413212e-02   8.3603343e-03   2.9885660e-04  -4.2942205e-04  -1.2938920e-04
   1.9754827e-02  -2.2241430e-02   1.2649272e-02   1.0553205e-04  -4.6164804e-04  -8.7900909e-05
   2.0422442e-02  -2.0138526e-02   5.6225552e-03  -1.5603743e-05  -4.4869128e-04  -1.2025578e-04
   1.7495274e-02  -1.8079650e-02   6.2687359e-03   2.4241351e-04  -4.5921200e-04  -1.2837334e-04
   1.9368271e-02  -2.4767530e-02   8.2686482e-03   2.6961114e-04  -4.8830775e-04  -8.4448878e-05
   1.8944559e-02  -1.3315714e-02   7.4075134e-03   3.7143315e-04  -4.0527966e-04  -3.8028357e-05
   2.1306367e-02  -1.0942160e-02   5.6416685e-03   5.1675025e-04  -4.7542855e-04  -1.9674946e-04
   2.0031036e-02  -1.7067029e-02   7.4075583e-03   9.3830268e-05  -4.1627611e-04  -1.8832914e-04
   2.2146395e-02  -1.7423059e-02   4.7666031e-03  -4.9501628e-05  -4.2143039e-04  -7.6415602e-05
   1.8419975e-02  -2.0589430e-02   6.1300715e-03   4.4442801e-04  -4.7148026e-04  -1.5302483e-04
   1.6955014e-02  -1.9683655e-02   1.4461962e-02   3.8767169e-05  -4.3142909e-04  -1.0416655e-04
   1.8970341e-02  -1.6244308e-02   1.3158069e-02   1.5731391e-04  -6.7032264e-04   5.3208420e-05
   1.6709168e-02  -1.8938150e-02   1.4852729e-02   4.6152914e-04  -4.5144691e-04  -2.4328160e-04
   1.6841782e-02  -8.0683809e-03   1.7231845e-02   6.3391323e-05  -4.5180614e-04  -4.3531348e-05
   1.5064453e-02  -1.8276098e-02   9.1529626e-03   1.9631955e-04  -4.6391886e-04  -1.2042355e-04
