   0.0000000e+00   0.0000000e+00   0.0000000e+00   0.0000000e+00   0.0000000e+00   0.0000000e+00
   1.6267662e-03   8.6110583e-03   1.3137507e-05   4.3642881e-05  -2.0358498e-04   1.8206836e-04
   5.5990082e-04   1.0394919e-02   8.2427808e-03   1.2200303e-04  -1.1784256e-04  -4.9347589e-05
   8.6296396e-04   1.9885599e-03   3.0412663e-04   5.6591182e-04  -2.6469529e-04   1.0824715e-04
  -4.8593070e-03  -1.3670901e-02   1.3835833e-02   6.8142064e-04  -1.4719167e-04  -1.2093014e-05
  -1.7958690e-03  -2.0692670e-02   1.5049973e-02   3.9360485e-04  -1.8229045e-04  -3.9056431e-05
   4.0177423e-03  -1.7520755e-02   1.5147341e-02   4.0910489e-04  -4.1878533e-04   1.5572420e-04
   6.2739317e-03  -2.4839622e-02   3.1178988e-02   2.0766505e-04  -1.0396492e-04  -9.0810885e-05
  -7.3115392e-06  -1.2034058e-02   1.4579219e-02   1.8907684e-04  -6.9070726e-05   1.6370115e-04
  -1.1389796e-03  -1.8414506e-02   1.7295318e-02   1.2239741e-04  -2.3728540e-04   6.0568574e-05
  -4.9876816e-03  -1.8952544e-02   1.8342553e-02   4.0090649e-04  -1.5877488e-04   2.2630420e-04
  -3.6244112e-03  -1.5965469e-02   1.6301903e-02   2.7775866e-04  -1.6392052e-04  -2.9382014e-05
  -6.4733016e-03  -8.3090214e-03   2.3724239e-02   1.9341147e-04  -1.4174497e-04  -1.0961716e-05
  -4.8880861e-03  -1.1480504e-02   2.5189827e-02   1.8270197e-04   3.2658784e-05   3.0876002e-05
  -4.9351404e-03  -2.4736016e-03   2.2290090e-02   4.1075555e-04  -7.0165818e-05  -4.5469089e-05
   5.0342407e-04  -8.8401306e-03   2.3496504e-02   9.5563673e-04  -1.1379814e-04  -1.7546180e-05
  -1.8901903e-03  -1.4155351e-02   2.3750719e-02   1.4652959e-04  -1.2223596e-04   2.7949379e-05
  -3.8917323e-04  -2.1555850e-02   2.5310672e-02   6.8864587e-04  -9.5254987e-05   8.3568989e-05
  -2.8011233e-03  -1.1773404e-02   2.0877252e-02   7.2287038e-05   1.2296143e-06   5.4931738e-05
  -5.7318236e-03  -1.5391281e-02   2.2019690e-02   3.4438853e-04   8.5735509e-05   1.1167930e-04
  -4.5238132e-03  -1.0790819e-02   1.0926176e-02   7.2907208e-04   1.6454268e-04  -1.6708884e-04
  -5.2817180e-03  -1.3286911e-02   1.0982223e-02   4.9647475e-04   2.2025852e-04   1.8071368e-04
   1.2795032e-03  -1.2266584e-02   2.7266956e-02   2.7278381e-04  -2.9599562e-04   1.0420909e-04
  -2.6357340e-03  -1.3372409e-02   1.9812255e-02   2.1686039e-04  -7.9955939e-05   2.7091510e-05
   3.2591910e-03  -1.1917270e-02   4.9863125e-03   8.0373735e-04  -2.2797772e-04   1.0374011e-04
   4.7358758e-03   3.9041835e-03   1.1393912e-02   5.0125031e-04  -1.3820685e-04  -6.2652938e-05
   9.3405648e-04   4.8098491e-03   1.4154996e-02   2.0881600e-04   1.6751287e-04   7.4715889e-05
   9.0561011e-04   3.8901699e-03   1.3352219e-02   6.7725431e-04  -3.5443789e-04   9.6092968e-05
  -3.5780861e-04   9.2023232e-03   1.6343932e-02   2.1504570e-04   1.7159238e-04   3.0936048e-04
  -6.7868766e-04   3.8817406e-03   1.6344242e-02  -3.9748656e-05   1.4811970e-04   1.5820336e-04
  -1.2013726e-03  -1.3845706e-02   1.9933521e-02   5.6825700e-04   3.4041395e-04   2.9366335e-04
   6.0708616e-03  -1.3563773e-02   1.7037403e-02   3.6603668e-04  -1.2697358e-04   6.9853549e-05
   2.5834771e-03  -1.8614547e-02   2.8093083e-02  -4.3738270e-05   1.0625678e-04   3.1157081e-05
  -2.2352370e-05  -1.1871775e-02   2.2134314e-02  -9.5847616e-06   3.4933569e-05   1.0887385e-04
  -5.9186349e-05  -3.5892033e-03   2.6870201e-02   1.3531463e-04   8.3786933e-06   4.0651308e-05
   8.7761344e-05  -9.2993479e-03   2.0552661e-02   6.5019876e-05   9.3888798e-05   3.3331176e-04
   1.1974893e-03  -2.1971439e-02   2.2675272e-02   3.3319600e-05  -3.7693651e-05   5.5683344e-05
   1.3145748e-04  -2.4790353e-02   2.0153796e-02   6.0743557e-04   1.3733637e-04  -1.8098613e-04
   4.9119221e-03  -2.0115420e-02   1.5475473e-02   2.9890668e-05   1.6664254e-05   2.0706901e-04
   1.2984255e-02  -2.8551126e-02   1.6718110e-02   7.6065657e-05  -2.0823228e-04   6.2727671e-05
   8.6335010e-03  -2.4396758e-02   1.4127068e-02   3.1013161e-04  -3.1616681e-04   1.8948744e-04
  -1.8545613e-03  -1.8741957e-02   1.7387981e-02  -1.3236684e-04  -1.2775338e-04   4.4051853e-05
  -5.2613201e-03  -2.0275868e-02   2.2122873e-02  -4.7173189e-05   5.6877852e-05   9.4294759e-05
   1.7602080e-03  -1.9684976e-02   1.7493326e-02   4.5511729e-04  -1.8229251e-04   4.9004865e-05
   2.3980888e-03  -1.0992980e-02   1.9524803e-02  -6.7566061e-05  -2.6058618e-05   4.7928131e-05
   1.8511955e-03  -1.9530562e-02   1.6014795e-02   5.6209005e-04  -3.1781388e-04  -6.1877617e-05
  -3.0042142e-03  -2.7090035e-02   2.0024554e-02   4.3912271e-04  -8.9939393e-05   4.1002521e-05
  -1.4937225e-03  -2.9719958e-02   2.8290961e-02  -1.7543028e-04  -6.4525259e-06   8.3483647e-05
  -2.7715118e-03  -2.9262010e-02   2.2698067e-02   2.5340051e-04  -1.7886769e-05  -3.9237465e-06
   1.8515213e-03  -2.9470498e-02   1.8456841e-02  -6.0785887e-05  -8.2205723e-05   8.0879187e-05
   5.0715382e-03  -2.8078377e-02   1.9016165e-02   2.1647653e-04  -1.7933537e-04  -1.8299697e-06
   2.6541975e-03  -2.4133996e-02   9.5181699e-03   6.7319261e-04  -1.5006627e-04  -1.3840552e-04
   2.6319159e-03  -2.5373314e-02   1.1351119e-02   1.3939074e-04  -1.0168978e-04  -7.6959241e-05
   3.4131264e-03  -2.9681992e-02   1.1462626e-02   3.2321895e-04  -2.7574230e-04   1.0992436e-04
   5.2658692e-04  -2.6664704e-02   9.5532465e-03   3.4465195e-05  -6.6108151e-05   1.3730584e-05
  -2.4088774e-04  -3.3261959e-02   4.1025487e-03   2.7649505e-04  -1.3271696e-04  -2.9566893e-05
  -6.4833003e-04  -3.0459745e-02   9.1543890e-04  -3.1904862e-05  -1.7628060e-05   6.6497234e-05
   2.2957013e-04  -3.4786733e-02  -2.8532604e-03   6.3946971e-04  -9.9285902e-05  -1.3577332e-04
  -5.4838674e-05  -2.7441598e-02  -7.1666896e-03   2.3242419e-04  -1.9623447e-05  -5.5830664e-05
  -3.3345871e-05  -2.6360234e-02  -1.5407697e-02   7.2440219e-04  -6.8231036e-05  -1.6000332e-04
   1.9826538e-03  -2.1484736e-02  -2.1055411e-02   7.7514291e-04  -3.9466342e-04   1.4823768e-04
   4.0367533e-03  -1.7405903e-02  -1.9832468e-02   3.4693026e-04  -1.9522151e-04  -7.6176826e-05
   4.3600899e-03  -6.4018425e-03  -1.5373118e-02   6.6906632e-04  -1.7831410e-04   8.5646375e-06
   7.0997625e-03  -1.6012953e-02  -1.1043491e-02   4.4986735e-04  -1.8997869e-04  -1.2761085e-04
   5.5741851e-03  -1.4415899e-02  -2.6543777e-03   8.7051441e-04  -6.9519123e-05  -1.7805147e-04
   5.5032741e-03  -9.2687889e-03   7.7780104e-03   2.0480450e-05  -8.6109329e-05   7.7631818e-05
   5.8921118e-03  -1.0867896e-02   9.0745532e-03   6.6048862e-04  -3.9837021e-04   1.2425929e-04
   6.9314359e-03  -1.2013444e-02   1.1219034e-02   3.0213439e-04  -1.7914857e-04  -1.1190239e-04
   4.4402437e-03  -6.3540428e-03   1.3002473e-02   3.7832473e-04  -1.6856725e-04   1.7787423e-04
   1.3114170e-03  -8.0413716e-03   1.2242853e-02   6.4880978e-04  -2.9807889e-04   1.5543682e-04
   6.3374651e-04  -6.0073720e-03   3.6063112e-03   4.2007124e-06  -8.8001611e-05  -1.7006223e-04
  -1.5890958e-03  -7.9176331e-03   3.3752464e-03   4.2507281e-04   1.6983731e-04  -9.9940555e-05
   3.9177995e-03  -4.9571799e-03   2.2705018e-02   6.0428935e-04  -6.5219633e-05  -5.5792135e-05
   9.6818342e-03  -3.7364089e-03   1.8051038e-02   4.3492211e-04  -1.1263702e-04  -2.1535393e-05
   1.4661085e-03   2.1527178e-03   2.2163853e-02   3.4604758e-04  -2.3072776e-05   1.9379319e-05
  -1.0007435e-03  -3.3667223e-03   2.1103653e-02   4.4143640e-04  -7.2402825e-05  -5.0392142e-05
  -9.4589462e-04  -6.4600766e-04   3.8181831e-02   1.2044748e-04  -1.2144747e-05  -1.1536336e-07
   1.1484662e-03  -1.2629342e-02   3.8094354e-02   1.4159147e-04  -3.9134220e-05  -5.2956119e-05
   5.2369593e-04  -1.3649255e-02   3.1822056e-02   1.1939512e-05  -1.5135948e-04  -4.7522778e-05
   5.0913814e-03  -1.1013954e-02   2.1829595e-02   2.8238389e-04  -2.6668057e-04   1.8178278e-04
  -3.8474896e-03   3.2811024e-03   3.2709031e-02   9.6481456e-05   3.6585577e-04  -1.1340036e-04
   4.9395399e-03  -1.4979924e-02   2.1475774e-02   4.4353879e-05  -6.6709478e-05  -7.6826646e-05
  -4.5280962e-03  -1.3246437e-02   1.8831608e-02   1.7383192e-04  -9.0328306e-07   4.7976595e-04
   4.9428355e-03  -5.2528424e-03   1.7349686e-02   4.4859199e-04  -2.5960636e-04   1.9449991e-04
   2.2586367e-03  -1.1974527e-03   1.4184070e-02  -1.3721679e-04  -6.4361234e-07   1.7922874e-05
   2.5751698e-03   2.2611171e-03   9.2133860e-03   9.7530205e-05   1.4034137e-04   2.4653789e-04
   1.9217878e-03  -1.0901041e-02   1.5056841e-02   6.9744964e-05  -1.0905501e-04  -3.0584156e-05
   4.7330631e-03  -1.4310239e-02   1.6975247e-02   9.2144933e-04  -2.6470324e-04  -7.7421854e-05
   7.7274294e-03  -1.4671384e-02   1.7880590e-02   2.5081310e-04  -1.8289372e-04   2.0558661e-06
   1.0183146e-02  -1.3351483e-02   1.8994169e-02   1.0271205e-04  -1.9531390e-04   1.9577086e-05
   3.6813788e-04  -8.5529958e-03   1.8201488e-02   3.7778999e-04  -8.2726947e-05   1.2489061e-05
   1.5067989e-03  -1.1323439e-02   1.0337222e-02   3.2175471e-04  -1.0718198e-04   1.1855327e-04
  -1.1352441e-03  -9.4922754e-03   9.8832130e-03  -1.1985111e-04  -3.9668693e-05  -1.1490502e-04
  -2.8775171e-03  -1.8697832e-02   1.3014359e-02   9.9494954e-04  -1.5458751e-04   7.6949480e-05
   9.5449660e-04  -1.4993245e-02   2.1805172e-02   3.8073101e-04  -2.2025771e-04   1.8266327e-04
   6.1483379e-04  -9.6590312e-03   2.4154694e-02   1.7896148e-04  -7.5826498e-05   6.2134875e-05
   1.9071730e-04  -1.3005168e-02   1.3679024e-02   2.3144387e-04  -2.3633910e-04   2.9730934e-04
  -9.9661417e-04  -1.9783823e-02   1.7218352e-02   3.0222326e-05   1.3243528e-05   2.8805600e-04
   3.9632502e-03  -2.4798359e-02   1.3407738e-02   6.5026346e-05  -2.8943102e-05   2.1980769e-06
   7.7495234e-03  -1.9270476e-02   1.5839286e-02   2.5167876e-04  -2.8406012e-04   1.1809590e-05
   4.7555790e-03  -1.6855718e-02   1.0547692e-02  -7.9358034e-05  -9.8086932e-05   3.3004060e-05
   6.4445920e-03  -2.0773810e-02   1.1054036e-02   2.5133014e-04  -2.5207649e-04   1.0729998e-05
   7.2153312e-03  -2.6081500e-02   1.7264056e-02   3.1127664e-04  -2.0350792e-04  -2.8462256e-06
   5.1594708e-03  -2.8517453e-02   1.2610904e-02   7.1098927e-04  -1.1729643e-04  -1.6349002e-04
   3.0985338e-03  -3.2685294e-02   9.0888975e-03   2.8013538e-04  -2.3529294e-04   1.2494831e-05
   1.1598542e-03  -3.2444880e-02   3.5527160e-03   1.9686876e-04  -1.4844624e-04  -2.0356275e-05
   6.7304463e-03  -1.2715561e-02  -7.8737731e-03   3.9876192e-04  -4.0548459e-04   1.7556662e-04
   6.6336556e-03  -2.4083511e-02  -5.5008961e-03   2.0151796e-04  -1.6775409e-04   7.7099942e-07
   7.7440589e-03  -2.2759199e-02  -1.0782849e-02   3.0001495e-04  -1.1770416e-04  -1.0550610e-04
   7.0306389e-03  -2.1827603e-02  -1.1961637e-02   4.0658775e-04  -1.9738147e-04  -1.0755800e-04
   5.1029484e-03  -1.2199391e-02  -9.5553875e-03   3.6537154e-04  -4.3968136e-05  -9.6751770e-05
   6.9630445e-03  -8.6258432e-03  -7.0074183e-03   7.7039133e-04  -1.0812734e-04   4.2441820e-07
   7.2899574e-03  -1.1136351e-02  -1.5320069e-03   3.9100946e-04  -1.0782645e-04  -8.3793900e-05
   7.3754745e-03  -1.8971582e-02  -5.8814873e-03   3.5288324e-04   2.0284190e-05  -1.0063625e-04
   4.6045168e-03  -3.2468550e-03  -6.4027239e-03   5.4281843e-04  -9.0943565e-05   1.6345605e-04
   5.7285627e-03  -1.9148977e-03  -1.1407137e-02   6.5056229e-04  -1.3250320e-04  -1.1273743e-04
   4.9662807e-03   2.1615202e-03  -8.8282505e-03   4.8129611e-04  -4.6036170e-05  -7.2875179e-05
   1.0726314e-02   4.5375596e-03  -1.5437756e-02   5.3555262e-04  -3.3940321e-04  -2.2554627e-05
   6.9665846e-03   5.7091110e-03  -5.2107049e-03   6.3251786e-04  -4.4740169e-04  -3.7713300e-06
  -3.8746267e-04  -1.6972015e-03  -1.9993245e-04   8.9598905e-04  -2.0666169e-04  -9.9085244e-05
  -1.8996654e-03   1.5861100e-02   8.9505463e-03   4.9500428e-04   9.2937413e-05  -1.7508510e-05
  -2.1378908e-03   1.4586575e-02   1.2366484e-02   3.1516702e-04   1.4599556e-04   1.1111319e-04
   4.5275806e-04  -1.4189578e-02   1.6182991e-02  -2.8264352e-04  -2.3090317e-04   3.8204860e-04
   5.7636100e-03  -1.4426163e-02   1.1431401e-02   2.0380151e-04  -2.1824516e-04   2.4391603e-05
   2.7384085e-03  -2.2019961e-02   1.9251026e-02   8.0270899e-04  -1.7052243e-04  -3.1369749e-05
   4.3852263e-03  -1.7621389e-02   2.2122177e-02   1.3855492e-06   1.6258406e-04   1.5766723e-04
   6.6496588e-03  -3.0571464e-03   1.7370915e-02   1.6886462e-04  -1.1227682e-04   2.2046448e-04
   7.7500616e-03  -1.4452877e-02   2.1330079e-02   1.8767047e-04  -1.6198647e-04   3.7349779e-06
   4.7954055e-03  -1.7602997e-02   1.5316982e-02   8.2295803e-05   7.1433615e-05   9.7047098e-05
   2.9163394e-03  -6.4060138e-03   1.5457545e-02   3.1796570e-04   2.9507505e-04  -1.0954106e-04
   7.2924117e-03   7.4732979e-04   1.7272025e-02   2.0852230e-04   4.8223115e-05   3.2592946e-04
   5.2297891e-03   5.1330208e-03   1.7529327e-02   2.9154201e-04  -6.2556260e-05   5.2564849e-04
   1.0017646e-02   3.9839994e-03   1.4430813e-02   1.7325947e-04  -1.2492460e-04   1.5306621e-04
   1.1989863e-03   1.2695000e-02   1.4659006e-02   3.0218353e-04   2.9710448e-04  -3.7186400e-05
   4.7888749e-03   1.0875263e-02   1.6539007e-02   1.5930286e-04   7.9372250e-05   4.6578421e-05
   3.5286509e-03  -8.8169066e-03   1.9718764e-02   7.7569397e-04  -7.4718627e-05   5.1830718e-06
   6.8456499e-03  -3.9420746e-03   9.4967291e-03   3.5505355e-04   1.1792982e-04   2.1259170e-05
   6.1057512e-03  -7.6978351e-03   1.7622488e-02   8.5108202e-04   4.5657725e-05  -3.7550528e-05
   5.5274003e-03  -1.4438094e-02   1.7884957e-02   1.9280831e-04   1.0878244e-04   2.5247231e-06
  -1.2926309e-03  -1.1241939e-02   1.8675417e-02   9.9324565e-04  -5.0449494e-05  -5.5016366e-05
   2.3947421e-04  -1.9772205e-02   3.2696868e-02   1.2848135e-04  -5.7258705e-05  -7.9750293e-05
  -4.2488753e-04  -2.2394877e-02   2.3963619e-02   6.6592497e-04   2.2052934e-04  -1.9448675e-04
  -7.0366313e-04  -1.9289160e-02   2.0336362e-02   1.6643468e-04   2.0525794e-04  -2.0256956e-05
   4.3438131e-03  -1.5641527e-02   2.0822188e-02   1.6125762e-04  -2.1549974e-05  -4.4907200e-05
  -7.5083965e-03  -1.4025575e-02   5.8232365e-03   5.1513065e-04   3.0710552e-04   2.3906962e-04
   1.2631536e-03  -2.0794174e-02   1.9519597e-02   1.0497407e-04  -3.0521024e-05  -6.1886307e-05
  -2.9220414e-04  -2.7706647e-02   2.2040044e-02   1.0908473e-04   1.5795560e-04  -8.7928239e-05
   4.6075665e-04  -1.7974877e-02   2.1596975e-02   1.6854538e-04  -2.7975330e-04  -4.4395389e-05
  -2.3192961e-03  -6.7781937e-03   1.9558017e-02   4.5645033e-04   9.7009008e-07   2.1070234e-04
   1.0066237e-03  -2.0761663e-03   2.1969466e-02   1.8572838e-04   1.5531768e-04   1.2223254e-04
   1.4097850e-03   5.6661282e-03   2.3423255e-02  -5.7813345e-05   2.0419299e-04   2.2996266e-04
   6.6421992e-03  -9.9729869e-03   1.8270795e-02   1.1191321e-04  -2.5048348e-04   6.9125623e-05
   6.9121811e-03  -1.3902495e-02   1.5333152e-02   2.8507590e-04  -3.2160781e-04   5.4121157e-05
   8.7871799e-03  -2.9453226e-03   1.9234508e-02   5.3007928e-05  -3.2312965e-04   1.4684527e-05
   2.7601042e-03   8.6861336e-03   1.7516442e-02  -1.1338291e-04   2.1966760e-04   1.6831862e-04
   6.3417857e-03  -5.7761651e-03   1.0798076e-02   4.2203181e-04  -2.5407242e-04  -3.8381463e-06
   5.5714782e-03  -9.8020891e-03   1.8442468e-02   3.4543860e-05  -3.9111085e-05  -3.9920453e-06
   5.3831527e-03  -1.6565470e-02   2.2211448e-02   3.8907278e-04  -5.0641884e-05  -5.1487023e-05
   5.6522007e-04  -1.2202426e-02   1.9941272e-02   6.8153407e-06  -1.1137085e-04  -3.9733213e-05
   2.3527628e-03  -2.2514030e-02   2.7780420e-02   2.8402728e-04  -8.3918934e-06  -1.0722934e-04
   3.5082795e-04  -2.1825747e-02   2.6143409e-02  -1.5215031e-04   7.9165345e-05   7.0989646e-05
   1.8987348e-03  -1.8162838e-02   2.6999583e-02   1.7863790e-06   1.4338276e-04   1.1196093e-04
   6.7632931e-03  -2.4640957e-02   2.8040963e-02   5.1095224e-04  -1.9756217e-04  -4.5728938e-05
   6.5420952e-04  -2.1906598e-02   2.5050785e-02  -1.7782652e-04   1.5355714e-04   8.3903181e-05
   5.2774762e-04  -1.5450770e-02   1.8775505e-02   1.6345759e-04   6.4052737e-06   1.4564648e-04
   3.6246619e-03  -1.6661960e-02   1.8953919e-02   3.7874250e-04  -3.0187355e-04   1.0225135e-04
   5.4758790e-03  -1.2191689e-02   2.3607379e-02   2.9138613e-04  -9.2875302e-05   1.9798753e-05
   6.3680425e-03  -1.4914746e-02   1.6509404e-02   2.4790659e-04  -1.9560100e-05  -4.8662549e-05
   4.0282351e-03  -1.0467936e-02   1.6817852e-02   3.3387436e-04   2.9714087e-06   9.3902509e-05
   3.7360405e-03  -1.7372162e-02   2.0642952e-02   3.4990600e-04  -3.3249615e-04  -2.0713836e-05
  -9.9870590e-05  -1.7474812e-02   2.3986321e-02  -2.4789736e-05   7.7831691e-05  -4.7478968e-05
   2.8143509e-03  -2.8754182e-02   1.4937777e-02   4.4266730e-04  -1.9767574e-04  -2.6196169e-05
   3.3535923e-03  -2.6474060e-02   1.8859461e-02   1.3413467e-04  -1.3483966e-05  -6.5698915e-05
   3.4596535e-03  -1.9390057e-02   2.7263413e-02   1.7837168e-04  -2.6760128e-05   2.3256968e-05
   6.1373564e-03  -2.0183485e-02   1.6391336e-02   2.4432529e-04  -2.8432842e-04   4.4346968e-05
   5.8030553e-03  -1.8336953e-02   2.1407542e-02   6.5869388e-04  -2.0634161e-04   3.9337724e-05
   3.6411577e-03  -2.1887699e-02   6.7182063e-03   2.8919856e-04   1.1277944e-05  -1.3715122e-04
   3.0409460e-03  -1.0689908e-02   1.4405544e-02   3.5064656e-05  -1.8136522e-04  -5.4954818e-05
  -1.0516035e-03  -6.2753025e-03   1.6298772e-02   3.5905260e-04  -7.6135196e-06  -4.7474667e-05
   7.1477602e-04  -7.9904366e-03   2.7495102e-02   3.3462186e-04  -1.8570074e-04   1.2070685e-04
   1.9359157e-03  -2.4117787e-02   2.6813935e-02   3.0531779e-04  -2.2777643e-04  -2.2613689e-05
   6.2311784e-04  -2.0392988e-02   2.7652214e-02   2.1775368e-05   5.9034826e-05  -8.8503492e-05
   5.1973297e-03  -1.5174867e-02   1.1951648e-02   3.0449592e-04  -9.9424491e-05   1.3741184e-05
   5.3317161e-03  -6.9810186e-03   1.6724723e-02   1.7897593e-04  -2.1959995e-04   6.6468210e-05
   1.0305215e-03  -2.1304317e-02   8.8917632e-03   3.7966150e-04  -2.8001991e-06   1.4825753e-05
   4.6059370e-03  -1.9139045e-02   1.4192511e-02   2.4769644e-04  -1.0543389e-04  -1.0617165e-04
  -4.8114790e-03   1.4035628e-04   1.9203643e-02   3.2447045e-04   9.1846913e-06   1.8584214e-04
   7.4206587e-03  -1.5628841e-02   2.2491917e-02   1.9871365e-04  -2.3554453e-04  -1.6090100e-04
   2.9670746e-03  -1.1364682e-02   2.0001895e-02   7.8924030e-04  -3.1297545e-04  -6.9295841e-05
   9.3647501e-04  -1.4400021e-02   1.4786142e-02   1.4240373e-04  -1.5806761e-04  -9.5458190e-05
  -2.1687028e-03   1.0806831e-05   7.5772254e-03   9.2456239e-04   8.7073251e-06   1.6235471e-05
   5.2483748e-03  -2.2684078e-02   9.1950077e-03   6.6908167e-05  -2.2422814e-04  -1.0567269e-04
   9.5216610e-03  -2.2008991e-02   2.9584242e-03   2.0841337e-04  -3.7227517e-04   1.5959714e-04
   2.0364958e-06  -5.3543722e-03  -2.5124301e-02   5.5634965e-04   3.8114381e-05   8.4615009e-05
   5.7612964e-03  -1.4247858e-03   5.0631392e-03   6.4828564e-04  -2.8392171e-04  -2.1378851e-05
   6.5028820e-03  -3.3168073e-03   3.1402267e-03   4.3003218e-04  -2.8305130e-05  -1.5742249e-04
   8.9544657e-03  -6.1506585e-03   1.2183015e-02   2.0680504e-04  -1.7773900e-04  -6.8558579e-05
   3.4345992e-03  -9.4147245e-03   3.0836463e-02   4.6733474e-04   1.7549937e-04  -2.6135444e-05
   5.7711709e-03  -1.0234309e-02   4.1844161e-02   2.3614911e-04   5.5509620e-05   8.1780270e-05
   2.7796147e-03  -1.6616415e-02   3.1416532e-02   2.9319079e-06   1.5967678e-04   4.5967849e-05
