   0.0000000e+00   0.0000000e+00   0.0000000e+00   0.0000000e+00   0.0000000e+00   0.0000000e+00
  -4.1873868e-03  -5.7876346e-03   5.0477574e-03   6.6625254e-04  -1.1285536e-04  -5.9200745e-05
  -2.7599131e-03  -2.1339554e-04   1.3664002e-02   6.1000010e-04  -1.5724152e-04  -9.9614847e-05
   1.7504508e-03  -1.0163087e-03   8.3066490e-03   3.4305110e-04  -6.9262305e-05  -3.8382171e-05
   3.0159921e-03   7.2280637e-03  -1.1974654e-02   2.9962617e-04  -2.2292841e-05  -1.4997585e-04
  -6.4516377e-03  -1.0575874e-02  -6.4930794e-03   6.7397410e-04   1.2912380e-04  -1.4969685e-04
  -1.6088933e-02  -7.6168819e-03  -7.9335965e-03   1.0277131e-03   4.5704036e-04  -1.7854514e-05
   3.8906861e-03   1.0186131e-02  -9.5946887e-03   3.7103848e-05   2.3339849e-05  -2.0763436e-04
   1.8885781e-03  -1.5467161e-02  -1.0555655e-02   7.8195056e-04   1.8420362e-04  -3.0159216e-04
   3.5255637e-03  -7.3548425e-03   4.0697030e-03   9.3419607e-04   1.0409734e-04  -2.5663291e-04
   1.0703738e-02   4.6439873e-03   7.1599738e-03   5.9600733e-04  -7.0747034e-05  -1.2047746e-04
   1.6939507e-02   1.2676897e-02   8.0509730e-03   3.0029674e-04  -1.7624605e-04  -7.0966190e-05
   1.3894442e-02   8.1877583e-03  -8.8622685e-03   1.5982126e-04   7.0258421e-05  -2.6453041e-04
   5.1451732e-03  -7.6760254e-03   4.1597708e-03   4.3707625e-04  -1.1930608e-05  -3.5344008e-04
   7.0403411e-03  -1.8883812e-02   2.3168700e-02   8.2686507e-04  -6.9086181e-05  -2.9113276e-04
   1.1802014e-02   1.4045505e-03   5.0649164e-02   6.1372624e-04  -2.8973351e-04  -2.0409610e-05
   1.1384801e-02  -4.6205055e-03   2.1087471e-02   2.8354981e-04  -3.6284128e-05  -2.8008619e-04
   1.0044176e-02   1.3658700e-02   1.5243291e-02   2.4173067e-04  -1.7893460e-05  -4.7410886e-04
   3.9248030e-03  -9.6154302e-03   2.3073525e-02   9.7141426e-04   1.0017538e-04  -1.4134541e-04
   1.4635100e-02   5.9699767e-03   1.0411691e-02   1.5892580e-04  -7.9377093e-06  -2.8566176e-05
   1.3305364e-02   8.1599673e-03   1.0271023e-02   4.1810714e-05   1.4829739e-04  -4.4423616e-04
   2.2722037e-03  -1.5723881e-02   1.3904903e-02   6.9642389e-04   1.2649048e-04  -4.4369504e-04
   9.4280772e-03   6.3199228e-04   8.5901420e-03   3.2575255e-04   3.8236707e-04  -9.3126215e-04
   1.4239981e-02   8.1934277e-03   9.5680049e-03   4.4834557e-04   3.6664684e-05  -2.8200683e-04
   8.9555096e-03   1.6331910e-02   2.4567677e-03   1.2074591e-04   9.5456347e-05  -4.2271012e-04
   4.9836303e-03   1.6431576e-02   9.7689228e-03   5.6866996e-04   1.7507174e-04  -7.1734459e-04
   1.2161493e-02   3.4684378e-02   3.5368874e-02   3.7897563e-04  -8.0182608e-05  -4.2183446e-04
   1.9139319e-02   1.7306526e-02   7.4510929e-03   6.9215630e-05   2.1715728e-04  -8.2901324e-04
   1.5390960e-02  -3.8115596e-03   2.2743387e-03   4.8125530e-04   4.2376039e-04  -8.8164988e-04
   1.1288688e-02   1.2331375e-03  -7.4469363e-03   5.4248078e-05   4.9680254e-04  -7.7674929e-04
   1.7356673e-02   1.1221361e-02  -5.3270582e-03  -3.4898058e-04  -1.0264562e-04  -1.8462420e-04
   8.3933547e-03  -6.6223058e-03   1.0536411e-02   6.2058337e-04   1.4040378e-04  -3.9549561e-04
   1.0476835e-02   5.6350997e-03   1.7059900e-02   5.6218434e-04   2.2248906e-05  -3.7888892e-04
   1.5358929e-02   2.2859990e-02   2.3304289e-02   2.3330402e-04   5.0552270e-05  -2.4934409e-04
   9.7737511e-03   2.1436853e-02  -3.7972875e-03   5.2746257e-05   4.0171677e-04  -8.2805708e-04
   5.7350587e-03  -9.1259255e-03   1.8233963e-02   7.0992114e-04   1.2501790e-04  -4.5984813e-04
   1.4903513e-02  -6.0292343e-04   4.9995147e-02   5.9346881e-04  -5.7245381e-05  -3.5331186e-04
   2.3847868e-02  -4.7471762e-03   4.4026468e-03  -2.9197051e-04   1.0495501e-06  -4.5917928e-04
   1.9167275e-02   1.1614681e-02   3.4160332e-03   1.6400157e-04   1.6443122e-04  -7.0865083e-04
   1.0868790e-02  -2.0713261e-02   2.7820875e-02   1.1398499e-03   1.8197371e-04  -5.5403642e-04
   1.6195278e-02  -1.0761254e-02   4.6663184e-02   6.0219911e-04  -1.1997036e-04  -3.8176055e-04
   2.4485482e-02  -1.0533796e-02   2.3810235e-02   2.0771946e-04  -9.4444128e-05  -3.3826226e-04
   2.0696961e-02  -5.9360212e-03  -1.7980150e-03   5.5591679e-06   4.1888036e-05  -5.0389562e-04
   1.1248148e-02  -2.1009925e-02   6.8333529e-03   7.7634413e-04   2.6875348e-04  -5.3049274e-04
   1.2028961e-02  -2.0286028e-02   3.0365689e-02   8.4945858e-04   1.3273127e-05  -3.1930632e-04
   2.0299464e-02  -1.5898836e-03   4.7339089e-02   4.8423809e-04  -3.7927182e-05  -1.9982921e-04
   2.3192507e-02   1.0802360e-02   1.9337582e-02   1.7145786e-05  -1.0737590e-04  -1.8656947e-04
   2.0470416e-02  -7.6907894e-03   5.3092182e-03   2.2663032e-04   7.0908964e-05  -3.5048601e-04
   1.3406879e-02  -2.6491843e-02   2.2136788e-02   7.9086833e-04   2.4157120e-04  -4.2861383e-04
   1.7463748e-02  -9.3277716e-03   4.9506045e-02   7.7288487e-04  -4.2452894e-05  -2.7106521e-04
   1.9209811e-02  -4.0670342e-03   3.8989153e-02  -4.2072963e-04   1.3783708e-04  -5.3136070e-04
   2.8789243e-02  -1.5123480e-02   3.5886267e-03   2.8751886e-04   8.8232599e-06  -4.2768317e-04
   1.4428372e-02  -1.1023990e-02   1.3351333e-02   8.6403360e-04   1.5092835e-04  -5.5688292e-04
   2.1742224e-02   1.3518695e-02   3.2693970e-02   4.1621971e-04   1.3493381e-04  -3.0365261e-04
   2.0273814e-02   2.4575574e-02  -1.4395776e-03  -3.5650919e-04   2.6338041e-04  -7.6406015e-04
   1.0460599e-02  -3.7997364e-03   1.3973785e-02   3.3637637e-04   2.1143054e-04  -4.9876452e-04
   1.9885695e-02   9.2347906e-03   4.6385860e-02   2.1615398e-04  -1.3237207e-05  -4.5132525e-04
   1.0516061e-02   1.2337664e-02   1.1789504e-02  -1.7374327e-04   3.7110730e-04  -7.7201200e-04
   1.6625722e-03  -1.3557474e-03   2.1606536e-02   7.2477605e-04   1.6339939e-04  -5.3819522e-04
   1.8229242e-02  -6.2906241e-04   5.2073710e-02   4.1775330e-04   3.4344468e-05  -4.3210704e-04
   2.3866018e-02   2.1021599e-02   6.0078615e-03  -1.6595603e-04   1.0913498e-04  -5.0406501e-04
   4.2249296e-03  -9.6115175e-03   5.7257242e-03   4.9255743e-04   5.0999908e-04  -3.8577415e-04
   6.8688053e-03  -5.4382268e-03   5.3543617e-02   2.7661737e-04   3.6513611e-04  -6.6868360e-04
   3.2961599e-02  -8.4400615e-03   2.5790494e-02  -3.9093070e-05   1.8341210e-05  -3.8709129e-04
   1.6369720e-02  -7.9830699e-03  -5.3723330e-03  -4.4188519e-04   2.0220626e-04  -4.9617309e-04
   5.1583805e-03  -1.3825372e-02  -1.0711274e-02   4.8535106e-04   1.9059038e-04  -3.8112833e-04
   4.5554131e-03  -1.3690048e-02   2.1328009e-02   6.8913261e-04   2.7122048e-04  -2.3436639e-04
   1.9321307e-02   3.3989433e-03   5.0290024e-02   6.5791759e-04   2.1895545e-04  -3.8659963e-04
   2.4926437e-02   5.6552732e-03   1.0345371e-02  -2.8139774e-04  -4.3605180e-05  -2.6735618e-04
   3.8584374e-03  -5.1184026e-03   9.5843882e-03   1.4872942e-04   8.1004451e-05  -1.5364275e-04
   4.8436887e-03  -2.8447449e-03   3.7128649e-02   6.7617006e-04   9.5364013e-05  -2.3906775e-04
   2.1599289e-02  -7.2393513e-03   3.2889801e-02   1.1865876e-04   5.0370966e-05  -3.0255480e-04
   1.2695281e-02  -1.5229721e-02   1.2694461e-02   2.9735159e-04   2.8681824e-04  -4.8164234e-04
   3.3756786e-03  -5.0350367e-03   3.1831714e-02   6.2604841e-04   5.5842694e-04  -6.9077905e-04
   2.0878146e-02   4.4615256e-03   4.4055114e-02   1.1536097e-04   4.8642720e-04  -7.6637076e-04
   1.9477742e-02   8.3956726e-04   3.7434592e-03   1.3735377e-04   3.1758549e-04  -5.0907025e-04
  -5.3006026e-04  -7.0519759e-03   2.8318529e-02   5.1447265e-04   4.8827367e-04  -4.7808656e-04
   2.4724109e-02  -1.0660698e-02   6.5728141e-02   3.0452849e-04   3.2447153e-04  -4.5278018e-04
   2.9269221e-02  -1.3362822e-02  -2.2060589e-02  -1.9677425e-04   2.6369630e-04  -3.1282770e-04
   1.0968800e-02  -4.9484297e-03  -4.0038535e-02   3.0079135e-04   3.5575518e-04  -3.8160183e-04
  -1.1872145e-03  -2.6788829e-03  -9.0795172e-03   2.0483210e-04   5.2778720e-04  -5.3015534e-04
   1.1720863e-02   2.3402908e-02   3.4645482e-02   7.5183535e-04   2.8753071e-04  -4.6247975e-04
   1.6875044e-02   1.3785074e-02   3.9403900e-02   9.3446896e-05   1.6511024e-04  -3.5286481e-04
   1.4992006e-02   1.6215951e-02   1.0621626e-02  -1.2692596e-04   2.0386175e-04  -4.7298800e-04
   4.8997366e-03   4.9939558e-03   1.8282246e-02  -2.4622868e-04   3.4730765e-04  -5.4775559e-04
   1.6398160e-03  -8.4541252e-03   2.5683169e-02   3.4940819e-04   2.4952932e-04  -2.9009165e-04
   5.9182989e-03  -3.3072882e-03   6.0835457e-02   5.9090847e-04   1.4212278e-04  -4.4023927e-04
   2.0112536e-02   2.0310080e-02   2.9551642e-02  -2.9657862e-04   3.7756935e-04  -7.0016351e-04
   1.9176730e-03  -4.9434412e-03   2.0540184e-02   4.2325236e-04   7.1537188e-04  -9.1984419e-04
   6.9928878e-03  -3.0333544e-03   4.6396413e-02   4.4913549e-04   4.7351620e-04  -8.2026091e-04
   1.9591243e-02   7.3383252e-03  -4.3672693e-03  -8.3888033e-05   6.4486770e-04  -9.0111618e-04
   8.8133760e-04  -1.4166654e-02   1.4423575e-03   4.5418973e-04   7.9938969e-04  -9.7881453e-04
   1.0561995e-02  -2.5185386e-02  -4.4021488e-03  -7.3195413e-04   7.4452988e-04  -5.3324158e-05
   6.2267340e-03   6.6996641e-06   2.4259820e-02   3.0684262e-04   4.3775468e-04  -2.6458761e-04
   1.8591569e-02  -1.0501182e-02   5.0039530e-02   6.0959974e-05   3.1219303e-04  -5.2355569e-04
   1.7869480e-02  -4.3822151e-03   1.5735310e-02  -9.9590924e-05   1.9535815e-04  -4.2926038e-04
   1.6200296e-02  -9.8994013e-03  -2.8441902e-04  -7.7108374e-05   2.9703945e-04  -3.4522541e-04
   4.7749204e-03   8.0274054e-03   2.8748892e-03  -2.1354050e-04   6.9368953e-04  -8.4177617e-04
   1.6624292e-02   6.6777523e-03   4.9805269e-02  -2.9352296e-04   3.3391236e-04  -3.8266481e-04
   2.2540044e-02  -1.4601652e-02   1.5511453e-02  -5.3901674e-04  -1.3319745e-04  -3.0463833e-05
   2.0954595e-02  -2.5668371e-02   3.0497104e-02  -1.3770967e-04   2.4020065e-04  -3.6295396e-04
   1.6858281e-02  -2.6598299e-02   4.6896590e-02  -1.9805251e-04   3.2203490e-04  -6.0305392e-04
   2.7821971e-02  -1.6468535e-02   4.5735576e-02  -4.2145471e-04   2.2078528e-04  -2.1508104e-04
   2.4190545e-02  -1.1792806e-02   2.2406886e-02  -1.5589193e-04   9.0894542e-05  -4.4048895e-04
   9.9936879e-03  -4.3727604e-02   2.0807443e-02   4.2878667e-04   4.4365872e-04  -3.9652592e-04
   1.5437579e-02  -3.6768015e-02   3.4113509e-02   3.3528783e-04   1.9448079e-04  -2.6392525e-04
   2.9224886e-02  -1.8320450e-02   3.8548406e-02   8.8846916e-05   1.3093548e-04  -2.8306016e-04
   2.5183667e-02   1.1628516e-02   5.4996470e-03  -1.5587104e-04   1.9311961e-04  -3.7152893e-04
   1.0123956e-02  -2.9566431e-02   9.4427629e-03   5.2371573e-04   4.5970570e-04  -3.1550079e-04
   2.3046179e-02  -1.0082816e-02   5.2287471e-02   6.7352722e-04   2.2017619e-04  -3.9845285e-04
   3.6143853e-02   6.6268991e-03   2.8534154e-02  -4.4446920e-04   3.3737656e-06  -3.0203392e-04
   1.9052992e-02   1.6924276e-03  -3.5168431e-04  -6.4647180e-04   3.5235486e-04  -6.5207376e-04
   5.1384450e-03  -2.8745874e-02   7.2079070e-03   6.3229528e-04   5.4077135e-04  -4.2989638e-04
   1.7230649e-02  -1.3111643e-02   4.9326432e-02   5.1889320e-04   1.3811699e-04  -3.8824253e-04
   2.3284520e-02   6.2142766e-03   2.1868115e-02  -6.6628689e-04   3.0909440e-04  -4.9497907e-04
   2.0497546e-02  -3.2118364e-03  -1.3832635e-02  -2.4244024e-04   2.6912607e-04  -3.1227482e-04
   6.8944937e-03  -1.8159917e-02  -1.7879942e-02   3.9237954e-04   4.7990562e-04  -3.7744631e-04
   8.4569348e-03  -1.6599002e-02   2.2267333e-02   7.1118049e-04   3.5878681e-04  -3.3317087e-04
   1.9934209e-02   1.1062315e-02   4.6824337e-02   2.3125923e-04   1.4284114e-04  -2.6616259e-04
   1.4777743e-02   2.4645540e-02   1.7506581e-03  -4.4330342e-04   4.6677833e-04  -7.1352177e-04
  -3.5912797e-03   8.5201695e-03   1.0401666e-02  -1.2180123e-05   8.3301474e-04  -7.7092093e-04
   1.3180200e-02   6.4107435e-03   5.8421811e-02   4.0823578e-04   5.5801588e-04  -5.4159787e-04
   2.2137697e-02   1.5877096e-02  -1.6349081e-02  -2.7468080e-04   5.9211653e-04  -6.3406265e-04
   5.7009702e-03  -1.1947791e-02  -1.3875495e-02   4.2545820e-04   9.9681098e-04  -9.7562988e-04
   1.3161517e-02   5.2239963e-03   3.6236305e-02   2.9860208e-04   7.6958362e-04  -6.7444248e-04
   2.5873496e-02  -7.2127066e-04   3.4602865e-03  -8.7287926e-06   2.5102596e-04  -2.3052466e-04
   1.5420536e-02  -2.5891024e-03  -2.4615634e-02  -8.0632246e-05   5.9033335e-04  -3.9869008e-04
   6.1953484e-03  -7.3873769e-03  -1.0883413e-02   5.5793118e-04   7.0563527e-04  -4.6191226e-04
   4.9816688e-03   1.3020768e-02   3.4063916e-02   1.5130816e-04   7.7023005e-04  -5.7852281e-04
   2.8406550e-02   3.6876213e-02   2.1128889e-02  -2.8031188e-04   8.6572404e-04  -7.6257559e-04
   1.3332017e-02   1.3789596e-02  -5.3043402e-03  -1.0512453e-04   9.1267929e-04  -6.7513073e-04
   1.5811690e-02  -5.3622255e-03   3.6448824e-02   2.6396363e-04   6.8093931e-04  -4.8612904e-04
   2.8588312e-02   3.7556988e-03   5.2003849e-03  -2.4222417e-04   5.6122250e-04  -4.1495362e-04
   1.6873161e-02   6.0891358e-04  -5.6426818e-03   6.3998150e-05   5.6414832e-04  -4.2854733e-04
   1.3973484e-02  -2.4720292e-02   3.6951115e-02  -3.4006368e-05   7.9845060e-04  -5.5059970e-04
   2.4028410e-02  -5.3880126e-03   4.5891307e-02  -5.7230026e-04   6.8178107e-04  -3.4183825e-04
   1.7184000e-02  -2.9104119e-03   1.6884610e-04  -9.7311209e-04   8.6167708e-04  -5.0868189e-04
  -7.1268183e-04  -1.5001735e-02   4.8949555e-03  -1.7822208e-04   1.0911298e-03  -9.1723038e-04
   2.4955273e-02  -3.7436236e-03   6.0846593e-02  -3.8769312e-04   1.0351192e-03  -5.2271639e-04
   2.9563974e-02  -2.8043764e-02  -4.5455501e-03  -1.0530945e-03   8.1705893e-04  -2.7728169e-04
   1.2220189e-02  -4.4358454e-02  -8.3512019e-03  -4.5363824e-04   1.2267099e-03  -7.3651592e-04
   1.8905403e-02  -1.9443799e-02   6.1721440e-02  -3.9315821e-04   9.7002861e-04  -4.3129036e-04
   3.2619034e-02  -1.8995196e-02   7.8981735e-03  -7.3588548e-04   1.0726837e-03  -7.9314700e-04
   1.2122294e-02  -3.3993087e-02  -5.6237892e-03  -2.5586794e-04   1.0191262e-03  -6.2648080e-04
   3.8318213e-02  -8.9212866e-03   2.7782142e-02  -5.0390192e-04   9.1150745e-04  -4.0750308e-04
   2.1310109e-02  -1.5073387e-02  -2.8866233e-02  -1.0819219e-03   1.2303838e-03  -4.4359812e-04
   1.7988641e-02  -1.9491169e-02   3.7883898e-03  -1.7457265e-04   1.1400842e-03  -7.1316165e-04
   2.1649563e-02   2.3366620e-02  -1.3105656e-02  -6.7434170e-04   1.0891172e-03  -7.3722173e-04
   1.1545913e-02   5.2189832e-03  -1.5019864e-02  -2.8753170e-04   1.0665778e-03  -7.4247878e-04
   1.0729728e-02   1.2145491e-02   2.6878154e-02  -1.2358380e-04   1.1093862e-03  -5.6192145e-04
   2.4145625e-02   1.4384232e-02  -3.3375505e-02  -6.8410478e-04   1.0721092e-03  -7.8323519e-04
  -1.7635944e-04  -6.3518595e-03  -3.1370366e-02   1.5871114e-04   1.2052153e-03  -8.8162271e-04
   2.0953320e-02   6.6717036e-03   2.3544670e-02   1.1457100e-04   1.1547750e-03  -6.4754246e-04
   1.4228983e-02   2.7203692e-03   4.9449096e-03  -6.7855320e-04   9.8562972e-04  -6.7164174e-04
   2.6473395e-02  -1.2033489e-02  -8.1366014e-03   1.6595630e-04   8.0375846e-04  -4.1370931e-04
   2.1742786e-02  -4.3808267e-03   4.3071725e-03   9.8674360e-05   6.2357288e-04  -2.6254083e-04
   1.1107342e-02   3.2189216e-02   9.1992320e-03  -8.0896295e-04   8.7015022e-04  -4.9915463e-04
   1.7384259e-02   8.2223132e-03   1.8547309e-02  -6.3655052e-04   6.4727133e-04  -2.0324243e-04
   2.0624692e-02  -1.4314568e-03   8.9574047e-03  -6.6444268e-04   5.9896172e-04  -2.0537873e-04
   1.0526622e-02  -1.8441786e-02   2.4508119e-02  -2.6208243e-05   7.5539111e-04  -3.1631426e-04
   9.2751449e-03  -8.3779411e-03   4.9476219e-02  -2.4280265e-04   1.0300601e-03  -7.5739711e-04
   1.3241892e-02  -1.5909106e-03   6.0833487e-02  -5.4613101e-04   9.7617309e-04  -4.9387710e-04
   1.4599895e-02  -2.0771016e-02   2.2780464e-02  -4.9993298e-04   1.0228529e-03  -4.7868785e-04
   1.5856161e-02  -4.3650007e-02   3.5014038e-02   1.5555857e-04   1.0853874e-03  -7.5982386e-04
   2.1008024e-02  -1.3035471e-02  -6.4102847e-03  -6.6656507e-04   1.0748354e-03  -5.2830435e-04
   1.4634873e-02  -4.1995874e-02  -1.0382489e-02   6.2308983e-05   8.5471035e-04  -2.6272652e-04
   2.0326615e-02  -2.6322375e-02  -4.6606017e-03  -2.6996396e-04   7.9507515e-04  -1.4843182e-04
   2.6305323e-02  -5.8147590e-03   2.2160843e-03  -6.6269049e-04   6.5319438e-04   3.9359020e-05
   3.1594408e-02  -9.8265535e-03  -2.1510302e-02  -9.4314594e-04   6.3869728e-04  -1.5474673e-04
   2.1609373e-02  -2.2308226e-02  -3.1480835e-02  -6.2654007e-04   7.4249003e-04  -3.5722701e-04
   8.6090257e-03  -1.9941650e-02   2.2021650e-03   2.7410579e-04   9.6617899e-04  -3.9972100e-04
   2.2024484e-02  -2.9163467e-02   4.2242495e-02   1.9961480e-04   6.7475710e-04  -2.1867651e-04
   2.6820538e-02  -1.1995789e-02   4.3286313e-02  -4.5071600e-04   5.0916631e-04  -5.2113303e-05
   2.6197229e-02  -1.6329164e-02   2.2205477e-03  -7.2644701e-04   6.7183025e-04  -1.8756462e-04
   8.3503362e-03  -3.4493451e-02   1.2090840e-02   1.2930587e-04   8.9333843e-04  -3.1616479e-04
   1.0859039e-02  -3.7692023e-02   1.5944404e-02  -1.6152268e-04   6.5576194e-04  -2.0232244e-04
   5.8770015e-03  -2.3706067e-02   4.5552272e-02  -5.8937877e-04   9.8872325e-04  -3.1369925e-04
   2.8894277e-02  -4.2770623e-02   1.5965040e-02  -4.2077297e-04   4.4570897e-04  -9.7638399e-05
   2.7909990e-02  -4.6136438e-03  -1.0385007e-02  -1.0394548e-03   6.9888990e-04  -3.6164707e-04
   2.3610971e-02  -1.9187921e-02  -1.9398000e-02  -4.4383305e-04   6.3614392e-04  -2.8199275e-04
   1.4626623e-02  -3.6510066e-02  -2.4502359e-03   1.0828853e-04   8.4935595e-04  -5.1808126e-04
   8.8058012e-03  -3.7347638e-02   3.9061758e-02   2.4841961e-04   7.8607922e-04  -1.7430289e-04
   1.9824002e-02  -1.7332296e-02   4.3745602e-02  -3.6129931e-04   6.1060395e-04   2.0462358e-04
   2.2062451e-02  -1.8165855e-02   4.2005965e-03  -5.9991460e-04   7.2664466e-04  -5.3105471e-05
   1.8172195e-02  -2.5977409e-02  -2.1376744e-02  -3.5142009e-04   7.6780118e-04  -1.8068951e-04
   8.9941203e-03  -3.5459746e-02   1.6825940e-03   2.4766990e-04   9.3184092e-04  -3.2813246e-04
   3.7113245e-03  -1.7319345e-02   4.4818421e-02  -4.2186188e-04   8.4709475e-04  -1.5441789e-04
   8.1049683e-03  -1.0372383e-02   4.7800948e-02  -3.0634022e-04   7.1190384e-04   1.0388704e-04
   1.3346624e-02  -2.3417938e-02   3.0542988e-04  -4.7159016e-04   6.8989039e-04   6.4552170e-05
   1.3939537e-03  -3.8137857e-02  -2.5013161e-03  -1.2388006e-04   1.0732590e-03  -2.9599153e-04
   5.5427735e-03  -4.5757291e-02   3.2553876e-02   3.9534205e-04   8.1547054e-04  -2.9470081e-04
   1.5385828e-02  -2.6969178e-02   5.1019226e-02  -5.4046642e-05   5.6040441e-04   1.1129659e-05
   1.8727301e-02  -2.4342895e-02   4.5445677e-03  -6.1001960e-04   4.7485725e-04   1.5624743e-04
   1.8844225e-02  -1.0100712e-03  -2.7131782e-02  -3.0941921e-04   6.1524210e-04  -1.5752089e-04
   7.4517692e-03  -2.6172361e-02   3.4748558e-04   3.6327235e-04   1.0470113e-03  -3.3113642e-04
   1.1978753e-02  -1.5798274e-02   5.1648606e-02   1.4427465e-04   7.8215529e-04   8.7789542e-05
   1.2281251e-02   3.3962080e-03   6.9185960e-03  -1.0521916e-03   1.0022318e-03  -3.9494833e-04
  -3.7106962e-03  -1.8861622e-02   1.4954088e-02  -2.9712658e-04   1.2830751e-03  -2.8317063e-04
   1.0865517e-02  -3.3738036e-02   3.6137758e-02   3.5067661e-05   8.5103386e-04   2.3779476e-04
   6.5355065e-03  -5.4025620e-03   2.8102833e-02  -5.6075038e-04   7.7334322e-04  -2.1379090e-04
