   0.0000000e+00   0.0000000e+00   0.0000000e+00   0.0000000e+00   0.0000000e+00   0.0000000e+00
  -5.7862162e-04   9.5069236e-03   6.1359952e-03   1.9293967e-04   8.7090939e-05  -3.4544949e-04
   2.2090499e-03   4.8344545e-03  -7.2178441e-03   7.0361310e-05   1.3330196e-04  -2.4337466e-04
   7.2658133e-03   4.3016030e-03   5.1523150e-04   3.6592893e-04   1.0588722e-05  -1.1373356e-04
   4.2957647e-03  -6.1286380e-03   1.6416234e-02   6.1227130e-04   1.2190983e-04  -1.9588915e-04
   2.5578901e-03   1.0810003e-02   1.7245867e-04  -2.0332040e-04  -2.9824304e-05  -2.7551376e-04
   4.0986744e-03   1.2855822e-02   5.5573340e-03   1.4472808e-04  -3.7633434e-05  -2.7156767e-04
   4.2280968e-03  -1.4177471e-03   4.9907743e-04   2.1217675e-04  -1.2127079e-04  -2.7668819e-04
   2.8739266e-03   7.8097437e-03   6.4940390e-03   1.8971565e-05   3.7316179e-05  -6.1910705e-05
   1.0360699e-02  -8.9229533e-03   2.3493584e-02   4.1890717e-04  -9.6186690e-05  -1.2821604e-04
   3.4990226e-03   4.1307987e-03   5.9529975e-03  -1.0098078e-04  -2.4359529e-05  -1.2282530e-04
  -1.1626408e-03   8.3886117e-03   1.6930237e-02  -7.8941052e-05  -1.9423720e-05   1.6520588e-04
   3.8909287e-03   5.0502824e-03   7.3942176e-03   3.9241723e-04   1.4566178e-05  -7.6560530e-05
   5.8021887e-04   2.5023145e-02   5.5918188e-03  -3.1546754e-04   7.1822657e-05  -1.1626384e-04
  -1.9230004e-03  -2.7099843e-03   2.2506886e-02  -1.2014098e-03   4.8494154e-04   2.5012322e-04
   9.3165463e-03  -8.0609566e-03   9.0274863e-03  -1.3916209e-05  -1.7672422e-04  -2.5041900e-05
   5.3975273e-03   1.2397003e-02   2.9122978e-03  -4.0292624e-04   1.6584492e-04   9.8526774e-07
   8.6780241e-03   5.9039587e-03   3.6073967e-02   4.8960146e-04   2.9752862e-05  -7.7270362e-06
   1.4222750e-03   4.0039633e-03   5.6695770e-03   9.4792121e-05   6.3637329e-05  -1.0158830e-04
  -1.8661577e-02   3.3815407e-04   2.0882683e-02  -9.3665161e-04   1.0019305e-03   2.5134309e-04
  -4.8286448e-03  -2.1946973e-02   5.9080471e-03   1.3093769e-04   2.6501494e-04   1.6152987e-04
  -3.6181900e-03   2.6878025e-03   2.6112246e-02   1.3411514e-04   4.2205449e-06   2.3224127e-04
   1.8887949e-04  -3.1392871e-02   3.0590880e-02   1.3359639e-03   1.6514963e-05   3.2022939e-04
  -1.8333619e-03   1.0163700e-02   7.1073311e-04  -6.0345271e-04   1.6208014e-04   4.6058182e-04
  -6.0641640e-03   1.1284835e-03   6.9114468e-03  -1.2570821e-03   7.7689275e-04   1.8974342e-04
   3.5166550e-03   1.7977968e-02  -1.1800514e-02  -5.5682567e-04  -2.3401418e-05  -5.5201031e-05
  -2.9569163e-03  -1.0135426e-02   1.7954805e-02   7.4181323e-04   1.4729402e-04   2.7952897e-04
   2.3382949e-03  -2.4712685e-02   2.0194129e-02   9.0058394e-04   1.5575920e-04   2.2024311e-04
   1.4983711e-03  -1.0153875e-02   1.4837884e-02  -2.5596775e-04   4.6964400e-04   2.8620746e-04
   5.6649372e-03   2.4017525e-03   9.1933599e-03  -7.8087242e-05   1.0198057e-04   1.6209915e-04
   4.2098987e-03   5.1682496e-03  -1.7704560e-02  -2.8186269e-05   1.3491619e-04  -7.5786183e-05
  -1.6427314e-02  -4.1804434e-03   3.2986471e-04  -8.9561040e-04   1.2193458e-03   3.5620333e-05
   9.8199905e-03   1.8722859e-03   1.7191421e-02   5.8913430e-04  -9.1835470e-05  -1.7015890e-04
   1.2996741e-03  -3.4428798e-04   1.5022437e-03   1.1977537e-04   2.7734115e-04  -2.9608511e-04
  -2.5215867e-03   1.1392309e-02   8.9128318e-03  -9.0384540e-06   4.5681771e-04  -1.6784521e-04
   2.4552146e-04  -1.3242896e-02   1.8800709e-02   4.6603625e-04   1.8886062e-04  -2.0260258e-04
  -5.7944771e-03  -1.3259120e-02   5.5268268e-03   6.0213282e-04   2.8904785e-04   5.9118326e-05
   4.5338377e-04   3.0426711e-03   8.1233467e-03   4.7251538e-04   1.6218972e-04  -3.1377917e-04
   5.0242697e-03  -6.6227303e-03  -9.8669702e-05   4.4004145e-04   3.7157882e-05  -2.9090663e-04
   3.1126907e-03   1.6860760e-02   1.5175107e-03   8.7987589e-05   1.8077967e-04  -1.0887788e-04
   4.7392895e-03  -1.4763268e-02   2.4078627e-02   1.2593004e-03  -1.5505949e-04  -4.3020701e-05
   1.2908692e-03   5.8431237e-03  -6.6410910e-03  -5.2321531e-04   1.5379749e-05   7.8759382e-05
   1.9122486e-03   1.9395966e-02   2.8030885e-03   5.3508196e-05   4.7947528e-05  -1.0364420e-04
   3.6999986e-03  -5.8016307e-03   1.3379499e-02   2.8810303e-04  -1.2067692e-05   1.8456227e-04
   3.5801157e-03   1.5302066e-02  -2.6749115e-03  -2.2242505e-04   1.4139190e-04  -9.0675168e-05
  -6.6105235e-04   4.8025126e-03   2.1951922e-02   3.0040361e-04   1.3568916e-04  -8.4635078e-06
  -2.7609334e-03  -1.5141920e-02   9.9818338e-03   7.3760387e-04   1.6743736e-04   2.9978522e-04
  -2.9776314e-03   7.3394526e-05   2.0805033e-02   2.1376672e-04   2.2208295e-04   3.2837939e-04
   3.7830590e-03  -1.1578110e-02   1.8884353e-02   1.0275622e-04   3.2563878e-04   5.7508150e-04
   1.2160258e-03  -2.5253783e-03  -7.6128192e-03  -3.4884000e-05   4.3969741e-04   4.3958936e-04
   5.0462838e-03   1.2235279e-02   1.2969417e-02  -9.3567437e-04   1.3187754e-04   2.6358233e-04
   3.8164546e-03   1.9265577e-03   1.6235550e-02   5.9217108e-04   9.1064372e-05  -1.5802716e-04
   5.3113588e-03   1.3471236e-02   2.5976310e-02   1.2273535e-04   9.7307899e-05   9.4639629e-05
   1.1379443e-02  -1.8611792e-02   3.9794220e-02   1.2113917e-03  -3.9646277e-05   2.1350800e-04
   1.0861767e-02  -1.7823199e-03   1.3680997e-02  -9.5100496e-06  -1.9691444e-05  -5.9168721e-05
   5.3569886e-03   1.6624882e-03   2.3768113e-02  -8.9917027e-05   1.4788150e-04   1.2989991e-04
   2.7878878e-03  -3.0093061e-02   2.6897717e-02   5.7337403e-04   3.1666282e-04   2.5880576e-05
   1.4114575e-03   5.1042422e-03  -1.2177954e-03  -2.3064323e-04   2.0677469e-04  -2.4300393e-04
   4.4337790e-03   1.5888448e-02   2.8816722e-04  -2.2549718e-05   1.1498788e-04  -2.1416618e-04
  -7.6361663e-03  -1.3508737e-02   2.0745723e-02  -1.7166229e-04   8.0037603e-04   1.2057413e-04
   4.2647849e-03  -1.0551190e-02  -3.4664448e-03  -3.1231324e-04   2.0628393e-04   6.8465259e-05
   9.1018462e-03   1.5652029e-02   2.3467407e-02   2.7337747e-04   4.6214687e-05   1.3651397e-04
   1.1859583e-02   6.1851111e-03   1.6397374e-02   6.0238092e-04  -4.8130949e-05  -7.5422913e-05
   1.5686486e-03   2.4530984e-02  -4.3899847e-03  -4.8556050e-04   3.0613975e-04  -1.7694802e-04
   1.0692694e-03  -9.1922869e-04   8.7311454e-03   2.1251108e-04   1.6323707e-04   5.1614523e-05
   1.0639241e-03  -6.4341370e-04  -3.4505285e-03   1.9037561e-04   1.1756486e-04  -2.2950857e-05
   9.7150788e-03  -1.4015069e-02   4.6083106e-04  -3.7071860e-05   1.3320965e-04   3.1154789e-04
   2.6584312e-03  -6.1600256e-03   3.3387127e-02  -4.8176875e-06   4.6558924e-04   5.0379407e-04
   6.7201620e-03  -1.2217847e-02  -6.6700725e-03   5.1438912e-05   4.5293472e-06   2.3437225e-04
  -3.6786113e-03   1.8500674e-02  -4.2692753e-03  -8.7031016e-04   3.8672601e-04   4.8709601e-04
  -1.1325642e-02  -1.5140439e-02   2.8774978e-02   4.6493203e-04   8.0212158e-04   4.9738058e-04
  -7.3954222e-03   8.1414489e-03  -8.1883507e-03  -4.8176086e-05   4.7770943e-04   4.9821624e-04
  -2.2080912e-03  -5.0007910e-03  -5.1333133e-03  -6.0192580e-04   3.0920060e-04   6.0516549e-04
   2.1498142e-03  -4.1552846e-03   1.0969669e-03   9.4300998e-05   4.9038536e-05   2.5703157e-04
  -2.5850040e-04   1.3828499e-02   2.0609178e-02  -4.3264759e-05   2.1390651e-04   3.0005679e-04
   9.7289899e-03  -2.6494095e-02   5.0296454e-02   5.4027906e-04   2.2214822e-04   5.3596079e-04
  -1.9008545e-03  -2.6334453e-03   3.4797515e-02   5.3401368e-05   4.4102354e-04   4.2880527e-04
  -1.8095627e-03   1.4102132e-02   2.6395398e-02   1.1925071e-04   6.1562260e-04   3.5236341e-04
  -4.6807576e-03   1.5988366e-02   8.6676360e-03  -2.9257544e-04   8.2471347e-04   3.0891155e-04
   5.1330043e-04   6.8773593e-03  -1.9189301e-02  -9.5038735e-04   2.3868721e-04   3.6970649e-04
   2.0871927e-03   1.4906263e-02  -7.4469522e-05   1.1681214e-04   1.7718446e-04   3.8378266e-04
   1.3178037e-02   1.2888085e-02  -1.7691097e-03  -1.1697211e-04  -2.5378407e-04   3.9857861e-04
   1.1776588e-02  -2.8545834e-03   2.8455014e-02   5.4184143e-04  -2.7359269e-04  -1.7342142e-05
  -4.4620111e-04  -1.6435138e-03   2.0231842e-02   1.5617029e-04   2.7617267e-04   8.5792360e-05
   1.0784354e-02  -2.6231132e-02   3.9083159e-02   4.5988308e-04   5.8878491e-05   1.8002349e-05
   9.6530104e-03  -1.1124519e-02   2.0421898e-02  -9.2357760e-05   2.0817070e-04  -6.9045965e-05
   7.5312716e-03  -1.3780951e-02   3.3355280e-02   1.8680490e-04   1.3253313e-04   2.6891070e-04
   4.1425860e-03  -2.0276416e-02   1.2659449e-02   8.9226805e-05   2.8344502e-04   4.2973767e-04
   1.0843647e-02   1.1446428e-02  -9.0550936e-03  -1.1399943e-03   1.3557198e-04   2.3003235e-04
   1.1066552e-02   7.3838391e-03   1.2030414e-02   1.4741177e-04   6.3159092e-05  -1.0922330e-04
   5.2917062e-03  -1.4374551e-02  -5.1167041e-03   1.5920474e-04   2.7134996e-05   1.9668169e-04
  -5.2617791e-04  -3.1896602e-03   2.4899375e-02  -9.1096248e-05   3.4605189e-04   5.0706250e-04
  -4.9608931e-04  -4.9265589e-03   5.1078491e-03  -8.3387155e-05   3.8640483e-04   3.3047181e-04
   1.5069725e-03   1.4608705e-02  -1.4458087e-02  -1.5717396e-03   1.9183758e-04   5.1298463e-04
  -8.5400397e-03   1.3328054e-02   3.1460833e-02   2.8922589e-04   6.1986579e-04   3.5902458e-04
  -1.2183243e-02  -3.1841548e-03   1.2749949e-02  -8.1287632e-04   8.0534637e-04   4.2261768e-04
  -7.5545329e-03   1.2120816e-02  -3.3532220e-03  -9.5766028e-04   5.0328800e-04   1.1719762e-04
   2.8377650e-03   2.8689026e-03   4.2144145e-03   1.3485485e-04   1.0554566e-04   8.6567737e-05
  -8.9387652e-03   1.8116665e-02   2.4280483e-02  -3.0435240e-04   3.8809568e-04   4.5729477e-04
  -4.1831814e-03  -1.5762909e-02   5.7811284e-02  -2.4574581e-04   6.6085533e-04   4.2312207e-04
  -7.9278038e-03  -1.1146538e-02   1.0782090e-02  -1.9717715e-03   8.2457172e-04   5.3060486e-04
  -7.2294490e-04   7.8411068e-03   2.3626215e-02   3.9420626e-04   2.0078341e-04   3.5359610e-04
  -5.4253495e-03  -6.7540875e-03   3.9467763e-02   7.2158048e-04   4.2487622e-04   3.9629218e-04
  -4.2053311e-03   1.6599483e-02   1.3195700e-02  -3.5801720e-04   2.4073478e-04   6.2189381e-04
   1.2989501e-03  -1.1967262e-03   4.4591093e-02   3.5617981e-04   4.1905769e-04   4.5839284e-04
  -3.6492809e-03  -9.0851164e-03   9.8749267e-03  -1.5767430e-03   5.7353788e-04   6.4266597e-04
  -1.1794033e-02   1.3852082e-02   2.4843299e-02  -2.0384948e-04   6.8565441e-04   6.4976089e-04
  -3.2552343e-03   3.7973968e-03   2.4993532e-02   5.8213784e-05   2.9031362e-04   1.0430017e-03
  -4.6821694e-03   6.3578325e-03   4.3130127e-02  -2.5935224e-04   8.2981618e-04   2.4154737e-04
  -1.7369890e-02  -1.5705552e-02   4.2721690e-02  -9.6893886e-04   1.0942229e-03   1.8139073e-04
   1.8964244e-03  -4.5934667e-03   1.1339140e-02  -2.9615542e-04   3.1517119e-04   2.9009023e-04
  -3.2727557e-03   1.8027683e-02   4.8479131e-02   2.8475427e-04   3.7288472e-04   6.6770978e-04
  -4.7798416e-03  -1.2132288e-02   3.6273100e-02   2.8006134e-04   4.2549943e-04   6.4474899e-04
  -4.7159377e-03  -1.0447087e-02   1.3185050e-02  -7.8239503e-04   1.4191544e-04   9.0539944e-04
  -1.3071814e-02   2.2989130e-03   1.3327878e-02  -1.3580993e-03   7.9616993e-04   2.5786017e-04
  -1.8299002e-02   4.3380594e-03   1.6772998e-02  -1.2444371e-03   8.8725191e-04   4.9392110e-04
  -3.6189765e-04   9.6305720e-03  -1.4774830e-02  -3.5459571e-04   1.6862506e-04   2.3934449e-05
   3.8228617e-04   1.0210827e-02   1.4779284e-02  -1.2631335e-04   1.6287964e-04   3.6920228e-04
  -3.2811677e-03  -7.9177921e-03   3.4574049e-02   5.7082767e-04   4.7140048e-04   6.1672956e-04
  -4.7968421e-03   6.8038584e-03   3.0169230e-02  -1.2923379e-04   4.8600890e-04   6.9565039e-04
  -3.9851956e-03  -1.0022580e-02   3.7137330e-02  -7.1397777e-04   5.6120071e-04   9.1629919e-04
  -3.5143819e-03   5.0051705e-03  -8.3009543e-03  -1.0451445e-03   4.5616908e-04   3.8002635e-04
   8.6693000e-03  -1.4966900e-02   3.1617299e-02   1.1834161e-03  -1.1059079e-05   2.9614894e-04
  -5.1567198e-03   3.3474422e-03   2.8941643e-02  -1.9206554e-04   4.2559319e-04   6.5668921e-04
  -2.7093088e-04   1.1573214e-02   4.0245073e-02  -6.5042897e-05   4.0020635e-04   5.5142643e-04
  -1.3029478e-03   3.4129350e-03   4.2870884e-02   2.6692808e-04   5.3093956e-04   8.5020726e-04
  -5.8960766e-03   3.1755923e-02   1.0120899e-02  -4.3706098e-04   5.1409574e-04   6.8837316e-04
  -2.6327769e-04   2.5988301e-02   1.7033973e-02  -2.1527705e-04   5.6273864e-04   4.9285775e-04
  -2.7332702e-03   1.2982045e-02   7.5383967e-03  -5.6278291e-04   5.4370073e-04   3.8450100e-04
  -5.3828334e-03   1.8504935e-02   6.7562239e-03  -7.7902005e-04   4.9085182e-04   5.8798356e-04
  -6.8070721e-03   3.2600802e-05   1.0041487e-02  -6.4281228e-04   3.3731466e-04   1.0147907e-03
  -1.3521290e-03   9.2949326e-03  -1.4389577e-02  -7.3494288e-04   1.0555088e-04   3.3538377e-04
  -1.0235522e-02   1.2107379e-02   4.2467914e-02   1.4555379e-04   3.3612026e-04   7.5218664e-04
   3.6276526e-03  -2.2049716e-02   4.5490876e-02   7.1104321e-05   1.4105197e-04   7.9073241e-04
   2.4608502e-03   4.8804656e-03   5.7770354e-02   4.5969391e-05   4.6371801e-04   5.9607003e-04
   2.1021460e-03  -3.4774327e-03   4.7271721e-02  -2.4694118e-04   5.2287531e-04   5.5456733e-04
   1.0739766e-02   1.9903329e-03   1.7600649e-02  -8.4757819e-04   5.5556340e-05   6.1007986e-04
   8.8916025e-03  -8.2856337e-03   4.8340951e-02  -2.4199648e-04   6.8884642e-05   7.5353604e-04
   8.3188683e-03  -1.1113496e-02   3.9503336e-02  -5.4571696e-04   3.8296261e-04   2.7938405e-04
   6.8594769e-03   2.5303454e-03   2.9433985e-02  -6.4417963e-04   3.9860634e-04   3.0024039e-04
   9.5992647e-03  -3.2263549e-02   1.8226010e-02   5.4625773e-04   1.3303097e-04   5.2963125e-04
   1.0543312e-02   2.3727747e-04   5.5011560e-04  -8.0319145e-04   3.1763173e-04   6.4420781e-04
   2.5922419e-02  -2.0191043e-02   2.8598636e-02   1.8920303e-04  -3.1923001e-04   8.5573336e-04
   1.5981574e-02  -3.1553386e-02   4.8764441e-03   4.5410335e-04  -5.7485948e-06   6.4704888e-04
   8.8555770e-03  -4.0114458e-03   3.4879275e-02  -2.9889163e-04   3.1758533e-04   9.5430288e-04
   3.0379937e-03  -8.6259688e-04   4.3963249e-02  -7.5763907e-05   2.2792325e-04   9.7716613e-04
   6.2527025e-03   2.9263753e-03   4.9870333e-03  -6.6854100e-04   2.7094317e-04   5.7266780e-04
  -8.7901086e-03  -3.6462661e-03  -4.4863836e-03  -1.8604927e-03   6.7648849e-04   2.8578238e-04
   6.1239836e-03  -4.6081151e-03  -2.1326250e-02  -2.4668681e-04  -1.4446232e-04   4.7680393e-04
  -5.2793946e-03   1.7261988e-02  -1.3314301e-02   1.0024218e-04   6.5907530e-05   6.8931013e-04
   4.2799957e-03  -1.5743568e-03   3.4590984e-04   5.8204396e-04  -1.1097843e-04   4.6995185e-04
   8.9599776e-03  -1.7088282e-02   3.5834568e-02   4.7373490e-05   1.8944301e-05   9.1770720e-04
   7.3946420e-03  -3.3160916e-02   8.5546596e-02   5.1614803e-04   3.1131602e-04   1.2634062e-03
   3.8219434e-03   8.3022657e-03   2.2879142e-02  -5.5450367e-04   6.0547204e-04   5.6969285e-04
   1.0767278e-02   1.5344502e-02   1.5677030e-02  -8.2603552e-04   1.4339012e-04   9.5668682e-04
  -8.1281865e-03  -8.0566627e-03   1.3598696e-03  -1.3723086e-03   8.6998912e-04   4.2003718e-04
   2.9774177e-03   1.5956040e-02  -2.0994062e-02  -9.6739983e-04   1.5035887e-04   3.8669246e-04
  -6.3032741e-03   1.3056551e-02  -1.8764021e-02  -8.0360531e-04   2.2166167e-04   8.8983249e-04
  -1.0971634e-02   3.7238769e-02   9.3355835e-03  -2.9254322e-04   2.8777522e-04   1.1568778e-03
   6.5582265e-03  -3.2940178e-02   5.4660807e-02   1.1486984e-03   9.5638114e-05   6.5825614e-04
   8.2709732e-03  -2.6914480e-03   2.5722678e-02  -8.2115854e-04   3.7594132e-04   5.3666986e-04
   1.5885534e-03  -1.8183526e-02   6.6769718e-02  -6.1683126e-04   3.3857080e-04   1.4961063e-03
  -2.4592327e-03  -9.9174776e-03   3.0684262e-02  -1.6523316e-03   7.2930313e-04   9.6051450e-04
   8.6018617e-04   7.5895704e-04   1.8287624e-02  -1.8639281e-03   6.5189486e-04   9.3147686e-04
  -8.3531566e-04  -5.9398413e-03  -4.3417906e-03  -2.2775599e-03   5.9811048e-04   7.8382706e-04
  -8.5032176e-03   5.3200656e-03  -1.9671638e-02  -2.3795200e-03   7.1289814e-04   7.7963806e-04
   1.0474849e-03   1.2621308e-02  -1.1180634e-02  -7.6044492e-04   2.1504904e-04   5.5366186e-04
  -7.7400687e-04   3.3503037e-02   2.4745307e-02  -3.4191469e-04   1.8425314e-04   1.2091557e-03
  -4.5031823e-04   3.1095079e-03   7.6723136e-02   7.3403627e-04   7.1195360e-04   7.3935123e-04
   3.3725208e-03   1.8455487e-02   1.9821752e-02  -4.6089727e-04   1.6919905e-04   1.0050487e-03
   3.8086280e-03   1.4169490e-02   4.7854640e-02   2.7555617e-04   4.1238250e-04   7.1222191e-04
   1.2179673e-03   3.2326975e-02   3.1828906e-02  -3.5734310e-04   4.9670317e-05   1.1799400e-03
   9.7008510e-04   2.2393370e-02   2.8612855e-02  -7.8114415e-05  -3.4897271e-05   1.1138802e-03
   3.5201549e-03   1.9568438e-02   5.0823570e-03  -1.1629871e-03  -1.9250617e-05   1.2136988e-03
   4.4944849e-03   6.5262808e-03   4.7228309e-03   2.2057727e-04  -5.4967076e-05   1.0438581e-03
   6.5835186e-03   4.1170000e-02   1.9944867e-02  -1.1536837e-03  -3.9534283e-05   1.2488598e-03
   9.4667556e-03   5.6651941e-04   3.9540906e-02   5.4635160e-04  -1.4850644e-04   7.9539802e-04
   1.0085350e-02   1.1246158e-02   2.8918126e-02  -5.6845174e-04  -6.1130330e-06   6.5413397e-04
   2.2752122e-02  -1.3469402e-02   4.9128995e-02   2.1919318e-04  -3.3787292e-04   9.4420651e-04
   1.1766033e-02  -2.3173802e-02   5.5964802e-02   4.4850865e-04  -1.1670191e-04   1.2540195e-03
   7.7931955e-03   1.0680080e-02   4.6534438e-02  -6.3261067e-05   1.3897702e-04   8.8550502e-04
   7.1153103e-03  -8.4495530e-03   3.2114612e-02   2.6139486e-04   2.1118435e-05   1.3034804e-03
   3.2910504e-03   1.3774276e-02  -5.5088927e-03  -1.8821175e-03   6.1286799e-05   1.1636570e-03
   1.1979735e-02  -1.9708657e-03  -1.8184771e-04   3.1441946e-04  -1.5196973e-04   2.7411758e-04
  -8.4654920e-03   3.7014146e-02  -2.4045052e-02  -1.2054955e-03   6.3734226e-04   3.9687293e-04
   2.7014752e-02  -2.5395861e-02   2.1117476e-02   1.1688539e-03  -5.9859708e-04   2.0712284e-04
   8.6596206e-03  -3.5455280e-03   1.7636783e-02   1.1969658e-04  -1.0930216e-04   5.7104459e-04
   4.7038496e-04  -3.8652635e-02   4.7413001e-02   4.1343012e-04   5.1326005e-04   3.3952264e-04
   1.7755755e-02  -1.2958144e-03   2.4175673e-02  -1.8150794e-04  -1.3914837e-04   1.9021971e-04
   2.3436278e-02  -1.7306291e-02   2.2714590e-02   7.7873303e-04  -3.2983341e-04   3.0467836e-04
   2.8472969e-02   6.8515010e-03   1.2274598e-02  -2.6797802e-04  -4.4312798e-04   1.7172510e-04
   2.8012364e-02   3.5317120e-03   7.1532048e-04   3.5798241e-04  -4.9203512e-04   3.6770877e-04
   3.2474475e-02  -1.5455788e-02  -3.8503352e-03   1.8169759e-04  -5.0292045e-04   3.1417356e-04
   1.5419487e-02   3.6606672e-03   2.6840168e-03  -2.7109893e-04   2.4777465e-05   8.7490692e-04
   1.4061373e-02  -3.1683051e-02  -4.2996817e-03   5.8692771e-04   4.4806395e-06   8.3418647e-04
   1.8007194e-02  -2.6578661e-03  -1.1454125e-02  -7.1042510e-04  -2.0120271e-04   9.2469935e-04
   1.3238740e-02  -5.7672154e-03  -5.2123922e-03  -3.9355848e-05  -1.9012139e-04   9.4022033e-04
   9.6649540e-04  -1.8680089e-03  -3.0320462e-03  -2.7305357e-04   4.0465018e-05   8.0865558e-04
  -2.9453518e-03   1.6017897e-02  -1.9457501e-02  -9.4745665e-04   3.3958700e-04   4.6610737e-04
   6.1484257e-03   2.3531150e-02  -3.5202966e-02  -5.7189877e-04  -3.4276257e-04   5.0228258e-04
