   0.0000000e+00   0.0000000e+00   0.0000000e+00   0.0000000e+00   0.0000000e+00   0.0000000e+00
   2.5806092e-03   7.0550058e-03  -1.0549334e-02  -3.7892598e-07  -1.1336675e-04   4.8328742e-05
   3.0287211e-04   5.8124281e-03  -7.6081269e-03  -6.2283207e-06  -1.9896397e-04   1.0123843e-04
  -4.7714571e-03  -1.7726701e-03  -8.8372779e-03   1.4110141e-04  -2.0864879e-04   1.3717596e-04
  -3.4654892e-04   1.7484799e-02  -2.3792024e-02  -1.6927266e-04  -2.6592065e-04   2.9741186e-05
  -1.0547952e-02  -6.8964202e-03  -3.0513750e-03   2.5210892e-04  -5.7656009e-05   1.7488884e-05
  -6.2179040e-03   7.2989601e-03  -2.6210856e-02  -1.5624554e-04  -2.3264140e-04   9.8086346e-07
  -4.7741066e-03   1.5257947e-02  -2.7505324e-02  -3.1772180e-04  -1.6650935e-04   8.3919654e-05
  -6.5847183e-03  -4.3058291e-03  -1.6405011e-02   2.3163907e-04  -6.3180150e-05   5.2310944e-05
  -5.9245769e-03   1.6030013e-02  -2.9994072e-02  -2.4164345e-04  -8.3449709e-05   5.8397505e-05
  -4.1712694e-03   1.4562944e-02  -1.4311295e-02   2.2535764e-07  -1.3376560e-04   1.4108164e-04
  -4.8326569e-03   1.0196488e-02  -1.9471327e-02   1.2201564e-06   5.8603598e-05   8.4202300e-05
  -3.1802096e-03   1.8160390e-02  -2.4081847e-02  -3.3041754e-04   1.0331289e-04   5.2130824e-05
  -1.1216990e-03   2.1128872e-02  -3.7419535e-02  -5.0891317e-04  -1.6078105e-04   1.7431828e-04
  -1.4062125e-03   1.7389296e-02  -2.9645852e-02  -2.5043221e-04  -1.4101642e-04   9.9111494e-05
  -3.6147455e-03   7.0685871e-03  -2.6028291e-02  -1.2941511e-04  -7.6729209e-05  -6.7672218e-05
  -1.2829690e-02   6.9344375e-03  -1.9189413e-02   3.4774037e-04   2.7114809e-05  -1.0951006e-04
  -6.7688196e-03   1.9822622e-02  -3.3547163e-02  -2.1078897e-04  -9.9828543e-05  -4.9582980e-05
   3.4323060e-04   1.8206315e-02  -2.6854777e-02   1.1727058e-04  -6.7267271e-05  -1.0139594e-04
  -6.3774910e-03   9.7657224e-03  -1.0909949e-02   5.5249673e-04  -8.0011618e-05   1.3317473e-04
  -4.8950689e-03  -2.2792165e-03  -1.5639072e-02   1.9128985e-04  -1.4525855e-04   1.2810010e-04
  -1.1896890e-03   1.2746789e-02  -2.0503454e-02   1.8644356e-05  -7.9816963e-05   2.0632022e-05
   1.3121079e-03   2.8601328e-02  -2.8526949e-02  -3.0614613e-04  -2.6787992e-04   1.1214997e-04
  -1.3109478e-03   2.3321629e-02  -2.2573319e-02  -1.4119982e-04  -2.3668127e-04   1.1605099e-04
  -4.8234453e-03   8.7972114e-03  -2.0296000e-02   1.3799390e-04  -1.1716707e-04   1.2969317e-04
  -7.1935612e-05  -3.3629887e-03  -1.7163395e-02   1.1094888e-04  -1.2123209e-04  -1.7433613e-05
  -7.4622033e-04  -2.7945811e-03  -1.3728385e-02   2.6412189e-04  -8.7344140e-05   5.6850136e-05
   4.2628471e-03   2.5447597e-03  -2.3661199e-02   8.8014655e-05  -2.3922683e-04   6.6653028e-05
   4.3497493e-03  -1.0596789e-02  -1.6447659e-02   5.7767811e-04  -5.4467066e-04   2.4364039e-04
  -2.4698369e-03   3.0855401e-02  -4.8493629e-02  -2.3634179e-04  -8.9184060e-05   7.8080823e-05
  -3.6409953e-03   2.4545491e-02  -5.4334728e-02   1.2633714e-04  -2.2824489e-05   8.4604524e-06
   3.4032454e-03   2.2788659e-02  -5.4774569e-02   2.2937674e-04  -6.0221046e-05  -2.9267579e-05
   2.8731059e-03   1.3606876e-02  -3.9529824e-02   2.1771879e-04  -9.7311780e-05  -4.5854780e-05
  -2.5733548e-03   1.6762039e-02  -3.1158041e-02  -2.3321059e-04  -2.3794987e-05  -8.8686777e-05
  -5.7913075e-03   2.3810916e-02  -1.4679290e-02  -2.3047615e-04  -4.3501902e-05   2.4677737e-05
  -1.4114905e-03   3.3752099e-02  -1.0613031e-02  -3.0491805e-04  -6.4005994e-05   2.1524393e-05
   1.3440068e-03   2.5845732e-02   9.2641035e-04  -1.3474585e-04  -3.8080215e-04   1.6327265e-04
  -6.4699742e-03   1.1767650e-02   4.7642389e-03   1.9709554e-05  -1.1916955e-04   1.0990058e-04
  -3.4970623e-03   2.0198945e-02  -1.1294325e-02  -2.4096112e-04  -1.1564414e-04   1.3719906e-04
  -5.4137200e-03   2.0833528e-02  -1.7939766e-02  -5.3652953e-04  -1.1618040e-04   8.8815534e-05
   2.1234997e-03   2.1827010e-02  -1.6102523e-02  -3.6066384e-04  -2.6216359e-04  -2.5865045e-05
   1.6879200e-03   9.3391439e-03  -1.4889241e-02  -1.8830914e-04  -2.3789572e-04  -4.0546285e-05
   5.6237931e-05   1.4696063e-02  -1.7248070e-02  -1.3896171e-04  -1.8036363e-04   4.5564550e-05
   2.2783389e-03   1.8080348e-02  -2.4963645e-02  -2.8326291e-04  -1.8133042e-04   2.6929576e-05
   5.2139777e-03   2.1684334e-02  -3.2165271e-02  -3.6774500e-04  -1.1291480e-04   4.1062160e-05
   6.8539640e-03   1.8240426e-02  -2.8966459e-02  -2.4900979e-04  -1.7310262e-04   3.9346370e-05
   5.0929703e-03   7.1561043e-03  -2.4765162e-02   1.4573025e-04  -2.0784309e-04   8.0696141e-05
  -3.3912279e-04   1.1786775e-03  -2.1532036e-02   2.8649221e-04  -1.5156787e-04   1.2719771e-04
  -7.0738508e-03   7.3144385e-03  -2.5054555e-02  -7.5475425e-05  -8.4008057e-05  -2.1904644e-05
  -6.3162257e-03   1.6562725e-02  -3.7449882e-02  -4.1826585e-04  -7.4845716e-05   6.9276773e-05
  -1.0120864e-03   2.0904130e-02  -3.0297257e-02  -3.5535112e-04  -5.1266542e-05   6.5956482e-05
  -1.3736124e-03   2.3279318e-02  -3.1943941e-02  -1.4018840e-04  -1.3748164e-04   1.2038851e-04
  -3.1112773e-04   2.6225100e-02  -3.6899668e-02  -4.4550604e-04  -2.1920145e-04   1.3214621e-04
  -8.2563659e-03   2.6278714e-02  -1.3349520e-02   8.7832394e-04   1.8377516e-04   6.8121222e-05
  -3.3499644e-03   1.9752061e-02  -2.4768898e-02  -7.7183771e-05  -4.0568601e-05   4.4291820e-06
  -4.5812064e-03   2.5852365e-02  -9.7372492e-03   8.1660028e-05  -6.9956643e-05   6.9255609e-05
  -3.0415259e-03   3.2484367e-02  -2.0362659e-02  -1.6607096e-04  -1.0295773e-04   7.6568599e-05
  -3.2852407e-03   3.7161677e-02  -1.0483210e-02  -2.8888846e-05  -1.2137418e-04   1.4671582e-04
  -5.8909535e-03   2.3532990e-02   4.2208158e-03   1.4295797e-03   8.7820949e-05   6.7811732e-05
  -9.1506572e-03   2.2225540e-02  -2.7537893e-04   1.3225831e-03   6.7589245e-05   5.8593311e-05
  -2.4861274e-03   2.5320310e-02  -2.2958166e-02  -1.9072592e-04  -6.9879710e-05  -8.2843406e-06
   9.8851546e-04   2.5573563e-02  -2.5368879e-02  -2.4317182e-04  -2.3221559e-04  -4.8657133e-05
   2.0640696e-03   2.7837141e-02  -1.9470501e-02  -1.3159636e-04  -2.8961646e-04  -6.5562888e-05
  -1.3937250e-03   6.2915386e-03  -2.8540865e-03   5.5423440e-04  -1.6330772e-04  -1.2981405e-04
  -9.4227907e-03   3.3959200e-03   1.3135130e-02   1.4836783e-03   1.7889871e-05  -1.5587393e-04
  -4.0931556e-03   1.9633951e-02  -2.9835496e-02  -3.5875650e-04  -1.8917159e-04  -3.5622068e-05
  -3.6888437e-03   3.6139162e-02  -3.8768187e-02  -5.4053139e-04  -1.2481003e-04  -3.2430444e-05
  -1.9167538e-03   3.8411140e-02  -3.0263932e-02  -1.9461578e-04  -1.4293858e-04  -1.5707636e-04
  -5.4343380e-03   1.1210737e-02   1.2695663e-02   1.6222359e-03   7.1603050e-05  -1.9225112e-04
  -4.2367152e-03   6.2227770e-03   4.3117203e-03   1.5277715e-03  -3.9114707e-06  -1.3845134e-04
  -3.1055859e-03   2.0469412e-02  -1.0409428e-02   1.2254622e-03  -2.5365091e-05  -7.7281734e-05
  -1.9691666e-03   1.3811324e-02  -4.2316690e-02  -1.1725625e-04   1.6632836e-05  -2.3505038e-05
  -4.8691191e-03   2.7348059e-02  -5.6211837e-02  -2.4625692e-04   1.4806817e-04  -1.3694311e-04
  -3.4559248e-03   3.9504817e-02  -4.6417363e-02  -9.2239424e-05   1.2484601e-04  -1.5668895e-04
  -7.3479545e-03   3.1168053e-02  -1.9505877e-04   1.5385688e-03   3.2559085e-04  -4.3070081e-06
   1.9807111e-04   2.1608728e-02   1.2155848e-02   1.4677160e-03   1.1034562e-04   3.9360041e-05
  -1.4891465e-03   7.8634353e-03  -1.4041777e-02   1.1010731e-04   8.5865479e-05   8.3141257e-05
  -1.1100344e-02   2.3830792e-02   4.2783383e-03   1.2104985e-03   3.5224257e-04  -4.3724329e-05
  -6.7938870e-03   1.7262019e-02   8.3111614e-03   8.3397577e-04   5.1378897e-05  -2.4032596e-05
  -2.2860241e-04   1.9924696e-02  -1.7968983e-02  -1.8842296e-04  -1.6435890e-04  -1.4558665e-05
  -9.3862905e-03   1.6747136e-02   5.1962548e-04   6.0006282e-04  -4.0373353e-05  -3.6165232e-05
  -1.3491307e-02   1.3861838e-02   1.6896078e-02   1.3837952e-03   2.9459625e-04  -3.8536908e-06
  -3.3389786e-03   2.9619918e-02   1.8240629e-02   1.2163036e-03   3.1440439e-04  -2.4656982e-04
   2.6990949e-03   9.2202103e-03  -7.7607897e-03   2.0227738e-04   4.8857638e-05  -1.2773890e-05
   7.8434039e-04   1.5170673e-02  -3.9560833e-02  -1.8561331e-04   2.2478387e-04  -4.7524171e-05
   5.9500898e-04   3.4952258e-02  -4.2390871e-02  -1.4798786e-04   1.2576361e-04  -1.5039114e-04
  -8.6562842e-03   2.5776380e-02   5.6759319e-04   1.5242973e-03   2.6284647e-04  -1.1240884e-04
  -2.6196596e-03   1.3824651e-02   2.6560866e-02   1.4855353e-03   9.2584023e-05   3.7704209e-05
  -4.2599997e-03   4.2305567e-03   1.5690110e-02   1.7058308e-03   1.4583156e-04  -6.7147723e-05
  -4.7402556e-03   2.0002488e-02   1.4998348e-03   1.4862285e-03   2.1846372e-04  -3.8406345e-05
  -5.6212282e-03   1.6523303e-02  -3.1358945e-03   1.6572426e-03   1.8965422e-04  -4.2152551e-05
  -3.6438285e-03   3.6818898e-02  -2.9622313e-02   1.1653429e-03   2.8955430e-04  -7.8623011e-05
  -4.7801511e-03   4.7013538e-02  -2.7075671e-02   1.2244530e-03   3.7162951e-04  -1.4103813e-04
  -9.2507068e-03   4.6434697e-02  -1.5330624e-03   1.2941245e-03   3.8981778e-04  -2.2687677e-04
  -8.8637464e-03   1.0618183e-02   6.1112152e-03   1.6497725e-04   2.0911117e-04  -1.1148966e-04
  -8.6314595e-03   1.9110886e-02  -7.8980844e-03  -1.9985767e-04   2.7993530e-04  -1.1700892e-04
  -3.3190190e-03   2.3182009e-02  -1.1872422e-02  -4.0640074e-04   8.6773409e-05  -1.1687339e-04
  -4.4664438e-03   2.0487224e-02   4.7553715e-03  -5.9799737e-05   1.9213094e-04  -1.1334195e-04
  -8.5641882e-03   4.2225663e-03   2.2613260e-02   1.3332185e-03   4.7379348e-04  -1.3851855e-04
  -4.0888677e-03   5.9861829e-03   2.2834401e-02   1.2598891e-03   2.3315780e-04  -1.1651424e-04
   1.4679684e-03   1.6157066e-02  -1.1527232e-02  -1.6452539e-04   8.2803058e-05  -8.6842957e-06
   3.8939960e-03   1.6124695e-02  -5.6354947e-03   1.6130392e-04   9.3453081e-05  -1.1180674e-05
   1.4615402e-03   1.0725288e-02   2.1043800e-04   3.6075466e-04   4.1093762e-04  -9.3167106e-05
  -1.9497398e-03   1.7660712e-02   1.2077875e-02   1.4735718e-03   4.9032572e-04  -1.2456767e-04
  -6.2313925e-03   1.7262647e-02   8.3210797e-03   1.3909806e-03   3.5923486e-04  -1.5203741e-05
  -2.8960479e-03   2.0356420e-02  -3.9468812e-02  -3.7267487e-04   4.4923968e-04  -4.8157607e-05
  -1.1099126e-02   3.7016314e-02  -1.9953700e-02   1.1691156e-03   5.5116986e-04  -2.7749315e-05
  -1.0343004e-02   6.1650649e-02  -1.5677406e-02   7.4936890e-04   6.0761611e-04  -2.0460660e-04
  -1.5530444e-02   2.7089095e-02   3.2857750e-03   1.4112071e-03   4.8524829e-04  -7.7911705e-05
  -6.6625292e-03   4.1626598e-02  -4.2711629e-02  -3.9398763e-04   2.8453203e-04  -4.5277012e-05
  -8.1895118e-03   5.3815825e-02  -3.0966151e-02   9.0012149e-04   4.9384831e-04  -1.8314922e-04
  -1.1272858e-02   4.5240223e-02  -2.9233317e-03   1.3356387e-03   7.0273743e-04  -3.6440217e-04
  -1.1446447e-02   4.3634705e-02  -2.1064720e-03   1.3512102e-03   4.1487318e-04  -4.5845896e-05
  -1.6471965e-02   2.8422726e-02   1.0946818e-02   1.7386099e-03   5.6818572e-04  -1.9942219e-04
  -1.8549053e-02   2.9062518e-02   1.5729896e-02   1.9381745e-03   5.3981575e-04  -1.5800399e-04
  -1.3202995e-02   4.4789773e-02  -4.6417780e-03  -1.3100301e-04   2.8496790e-04   5.7390960e-05
  -1.0418753e-02   3.4854164e-02  -2.2779320e-02  -1.2067068e-04   5.2536218e-04  -1.8374960e-04
  -9.8092418e-03   4.1878760e-02  -2.0330886e-02  -1.5322080e-04   5.0003267e-04  -1.6037922e-04
  -8.5361012e-03   3.4419367e-02   2.1937333e-02   1.3694791e-03   2.8794597e-04  -7.9459117e-05
  -1.2406030e-02   2.2115149e-02   2.6515225e-02   1.0274205e-03   6.3771128e-04  -1.5618117e-04
  -1.0659089e-02   1.1050999e-02   2.5268509e-02   1.4395435e-03   2.9547480e-04  -3.5444216e-05
  -5.9135252e-03   2.6168773e-02  -2.8423387e-02  -4.2761003e-04   4.3646434e-04  -7.8584258e-05
  -1.0092369e-02   3.2989322e-02  -7.6061964e-03   1.3742796e-03   5.9094448e-04  -1.0932986e-04
  -1.3758377e-02   2.2088462e-02   2.2949070e-02   2.0098258e-03   6.0092903e-04  -7.8461749e-05
  -1.3152667e-02   3.7682705e-02   1.6091452e-02   1.1203416e-03   4.9475196e-04  -5.4526689e-05
  -1.0915233e-02   2.3417417e-02  -3.8218492e-03   3.5895867e-04   3.8413099e-04   2.7017509e-05
   2.7862721e-03   1.6115774e-02  -1.9303185e-02   2.0455672e-04   3.5610045e-04  -2.1604959e-04
  -7.5629064e-03   1.9445356e-02  -1.3902516e-02   2.6989855e-04   5.6326830e-04  -4.6633316e-05
  -7.2362915e-03   3.4034386e-02  -5.7482275e-03  -2.3374760e-04   5.2021775e-04  -4.3470660e-05
  -1.3601936e-02   2.3535320e-02   2.3287877e-02   1.3925888e-03   5.4309418e-04   4.4838434e-05
  -8.7650256e-03   1.2111147e-02   1.7934177e-02   1.3665352e-03   6.0232164e-04  -2.1606993e-05
  -5.9591445e-03   2.1327322e-02   1.1393165e-02   1.4143469e-03   4.0716632e-04   8.4877118e-06
  -7.0191345e-03   2.5624201e-02  -3.8206344e-03   1.4222642e-03   4.0824008e-04  -3.1992981e-05
  -6.4511274e-03   4.9356831e-02  -3.5876177e-02   4.1225029e-05   4.5512797e-04  -9.6440179e-05
  -1.5784749e-02   4.0157063e-02  -1.5718560e-02   9.2956291e-05   6.1631906e-04  -1.3764590e-04
  -1.3559550e-02   4.2393669e-02   1.6666879e-03   1.7728594e-04   3.8185850e-04  -7.9371863e-05
  -1.5368469e-02   8.4950385e-03   4.4758842e-02   1.6748236e-03   4.1926002e-04  -1.0594297e-04
  -9.9719989e-03   1.6364299e-03   3.0725143e-02   1.7193497e-03   3.8587372e-04  -1.4336528e-04
  -9.4169897e-03   2.2401317e-02   2.0066074e-02   1.1375113e-03   5.0633892e-04  -1.8106046e-04
  -1.1943821e-02   1.3361272e-02  -1.3948400e-04   1.1023449e-03   3.7137223e-04  -2.1160136e-05
  -4.1501451e-03   3.3442769e-02  -1.3115622e-02   1.0934921e-03   3.3949526e-04  -7.2934277e-05
  -6.4899496e-03   4.7476925e-02  -2.7517803e-02   7.1078982e-04   6.4196900e-04  -5.9325145e-05
  -1.9636088e-03   4.3823408e-02  -9.9476578e-03   8.1760231e-04   5.2533214e-04  -1.3357984e-04
  -7.1858430e-03   5.3952157e-02  -2.3528589e-02   1.1547080e-03   5.6858512e-04  -1.9321668e-05
  -4.6674022e-03   4.5929755e-02  -1.2909985e-02   1.3220332e-03   5.9072993e-04  -1.1848861e-04
  -6.9882098e-03   3.6851499e-02  -1.2737801e-02   1.8215451e-03   8.7953451e-04   3.9225742e-05
  -1.2288770e-02   3.4381712e-02   6.2182618e-03   2.0710507e-03   6.4360240e-04  -1.6366615e-05
  -1.4549000e-02   4.6132572e-02   1.9182495e-02   1.2660153e-03   7.0905211e-04  -2.4389662e-05
  -1.8404523e-02   2.9351391e-02  -1.6206727e-03   1.8506533e-03   5.1649921e-04   3.5104801e-05
  -1.3565871e-02   3.0788402e-02  -5.4482160e-03   1.2765606e-03   4.9815656e-04  -3.0328242e-05
  -8.6494466e-03   4.2237782e-02  -4.6011116e-02  -1.7586915e-04   4.8966874e-04  -8.2054870e-06
  -1.0064407e-02   5.1593889e-02  -2.9632907e-02  -1.0663683e-05   5.5048861e-04  -8.2697764e-05
  -1.8510425e-02   2.6363032e-02   4.4669419e-03   3.1065186e-04   5.8976592e-04  -6.2967677e-05
  -1.7574889e-02   2.9725931e-02   2.2898919e-02   7.4258551e-04   2.1942226e-04   5.9510883e-05
  -1.0200411e-02   4.3902962e-03   2.8995587e-02   4.8372940e-04   2.2758221e-04  -1.9444886e-05
  -1.9591639e-02   4.8093201e-04   2.5287870e-02   4.7092557e-04   4.5311277e-04   3.4012870e-05
  -1.9853722e-02   1.6939926e-02   2.0458574e-02   4.3821830e-04   2.4413003e-04   9.8783638e-05
  -2.4677203e-02   3.7571164e-04   5.4195273e-02   1.7442342e-03   4.7907112e-04   2.6451439e-05
  -2.2843572e-02  -1.9557833e-03   3.6921885e-02   1.5296659e-03   4.3480945e-04  -7.6042715e-05
  -1.7621033e-02   1.6338616e-02   1.0310416e-02   1.4342882e-03   2.7192280e-04   4.8634596e-05
  -2.2885285e-02   1.3852685e-02   1.7048188e-02   1.0564947e-03   7.8279192e-04  -8.4627639e-05
  -1.3117831e-02   3.6306825e-02  -5.7477931e-03   8.9463991e-04   5.0038537e-04  -9.2179768e-05
  -1.7821819e-02   2.3699366e-02   3.7874514e-03   1.5262397e-03   5.6281466e-04   2.3921498e-05
  -1.6212071e-02   3.6818311e-02  -2.2197148e-02   1.2302983e-03   6.7046131e-04  -5.2424100e-06
  -1.8445188e-02   6.5097847e-02  -3.8828857e-02   9.0657227e-04   8.9338707e-04  -1.2163263e-04
  -1.4198667e-02   7.2333470e-02  -2.9580742e-02   1.3496183e-03   7.2891609e-04  -1.4584715e-04
  -1.7806815e-02   6.5709649e-02  -1.5228030e-02   1.0776504e-03   6.5978941e-04   5.2197830e-06
  -2.2720922e-02   4.1396739e-02   1.5576735e-02   1.9011843e-03   6.7152653e-04  -4.5831678e-05
  -2.8664532e-02   2.5741178e-02   1.1124926e-02   1.9938798e-03   9.2559029e-04   3.7523808e-05
  -1.3162512e-02   3.3342595e-02  -2.8374157e-03   2.7659252e-04   4.8373181e-04   5.8054549e-06
  -1.7409823e-02   2.2972591e-02  -2.8681484e-03   1.2594448e-03   8.6752264e-04  -6.3359670e-05
  -2.0362471e-02   1.8485492e-02   4.7251193e-03   1.8105970e-03   1.1822503e-03  -6.4454199e-05
  -1.6982328e-02   2.1805886e-02   7.8938090e-03   2.1019372e-03   5.4338109e-04   2.7171623e-04
  -1.1188803e-02   2.2025407e-02  -1.4862514e-02   6.4043516e-05   4.4156975e-04   1.1814456e-04
  -1.9841234e-02   4.0475870e-02  -1.5085320e-02   1.2364225e-03   6.6861390e-04   2.4182459e-05
  -1.7031094e-02   6.3292695e-02  -2.5264185e-02   8.5923488e-05   5.3858139e-04   8.3740079e-05
  -2.8089087e-02   4.1337999e-02   3.4857215e-02   1.7062523e-03   6.6310981e-04   1.0677335e-04
  -3.0456351e-02   2.5691165e-02   4.6439372e-02   1.4557944e-03   6.6626766e-04  -1.0240907e-05
  -1.4604214e-02   1.4125462e-02   2.3595067e-02   7.2510825e-05   1.8584464e-04   2.8772914e-05
  -2.4882187e-02  -4.1737231e-03   5.2153301e-02   1.6572372e-03   3.8841298e-04   7.4877636e-05
  -1.9055542e-02   8.1214853e-03   5.4975476e-02   1.9589273e-03   2.1734323e-04   1.2903182e-05
  -2.4229641e-02   4.8861169e-05   4.1824938e-02   1.8548880e-03   4.6427960e-04  -2.3216735e-06
  -1.8261441e-02   1.1553916e-02   2.8696727e-02   1.1253906e-03   4.2937994e-04   3.8840336e-05
  -1.5120903e-02   1.7721436e-02   1.8306298e-02   1.8232785e-03   6.2204865e-04  -1.9209078e-04
  -1.3582794e-02   2.7695939e-02   5.5011424e-03   7.9704152e-04   7.2324929e-04  -1.6638847e-04
  -1.4404448e-02   2.7485033e-02  -8.5987585e-03   1.0978057e-03   5.5506848e-04  -1.4348877e-05
  -1.4458830e-02   3.9423252e-02  -1.3892348e-02   1.7546529e-03   7.4679565e-04  -3.4707179e-05
  -1.0276315e-02   5.7663155e-02  -3.3075282e-03   1.2024111e-03   8.9253890e-04  -8.8264000e-05
  -1.6796522e-02   6.0972180e-02  -2.7135825e-02   2.7561147e-04   1.1831349e-03  -2.2933409e-04
  -1.6673735e-02   7.7278144e-02  -4.3837194e-02   2.2970286e-04   1.4659624e-03  -3.4932632e-04
  -1.9605084e-02   4.1296509e-02  -1.3058735e-02   1.0130949e-03   1.4700449e-03  -2.1763194e-04
  -3.7913364e-03   5.9722316e-02  -1.6288716e-02   4.5139264e-04   8.7613446e-04  -1.4979174e-04
  -1.4999591e-02   3.3570142e-02  -4.3817421e-03   1.0282938e-03   9.1324887e-04   1.3632333e-05
  -1.9661206e-02   3.4324285e-02  -1.9322422e-02   1.3719980e-03   8.4972333e-04   7.7892079e-05
  -1.8060205e-02   4.3735923e-02  -1.5285390e-02   1.8588980e-03   6.3897780e-04   5.4462675e-05
  -1.8156176e-02   7.6483239e-02   1.6893534e-03   1.3697973e-03   8.1951491e-04  -6.1317923e-05
  -2.3214866e-02   4.2355258e-02   1.2711217e-02   9.2909160e-04   7.0477656e-04   1.1988031e-04
  -2.5937995e-02   4.4637566e-02   1.2352751e-03   1.7751050e-03   7.6144629e-04   2.1786500e-06
  -2.9217167e-02   6.1718081e-02   7.4346770e-03   1.2614694e-03   9.0895571e-04  -7.7619670e-05
  -2.5204053e-02   4.0282083e-02   3.8490939e-02   1.2865002e-03   9.1759817e-04  -1.6895836e-04
