   0.0000000e+00   0.0000000e+00   0.0000000e+00   0.0000000e+00   0.0000000e+00   0.0000000e+00
   7.9283411e-03   6.4134928e-03   1.1676782e-02  -2.9303529e-04  -7.4469582e-07   2.0636270e-04
   8.2573687e-03   6.1853886e-03   5.2095718e-03   5.3530040e-04   2.2361901e-04   2.4706288e-04
   7.9615709e-03   3.1149765e-02  -1.4766860e-02  -4.7584734e-05   3.4068980e-04   2.2588416e-04
   2.3946822e-03   2.1873240e-02  -1.3874161e-02   7.9541952e-04   2.9013716e-04  -3.1492620e-05
   5.3819834e-03   2.1124690e-03  -6.4314224e-03   8.3724096e-04   2.4722645e-04   4.2236733e-05
   7.3436983e-03  -2.6729918e-02   4.2817555e-03   1.7819177e-04   2.9456042e-04   6.0467882e-05
   1.3199410e-02  -1.9062727e-03  -6.1330712e-04  -4.5109249e-04   2.2819353e-05   2.2638086e-04
   1.0015892e-02  -1.6791805e-02   4.6435175e-03   2.6145143e-04   2.4896862e-04   1.6708962e-04
   1.4352337e-02   7.7710834e-03  -8.3960845e-04   4.0946245e-04   2.7719763e-04   2.6601233e-04
   2.7322216e-03  -1.6877865e-02   3.5039146e-03   3.2698682e-04   2.9226982e-04   9.3317211e-05
   9.3616073e-03   1.3555038e-02  -2.9405115e-03   3.8607865e-04   2.1708214e-04   1.6087554e-04
   1.6188741e-02   5.3426694e-03   6.5632800e-03   6.7268866e-04   3.2494952e-04   2.8523502e-04
   1.1764643e-02   1.7929896e-02  -9.8649775e-04   4.6082617e-04   1.1371607e-04   9.7575175e-05
   9.2157499e-03   1.4404524e-02   8.2747310e-03   4.3414081e-04   1.6389364e-04   5.3514152e-05
   1.4332577e-02  -1.6882685e-03   7.9636544e-03   7.1262869e-04   4.0278250e-04   2.8779195e-04
   1.1121071e-02   1.2051324e-02   5.1335825e-03  -6.8478812e-05   3.3923655e-04   2.5922366e-04
   1.1555644e-02   1.2662382e-02   1.0955504e-02   3.9299133e-04   4.8828319e-04   2.3558362e-04
   9.5581227e-03  -1.5883260e-02   1.7008823e-02   2.9350097e-04   2.2860601e-04   2.0399492e-04
   7.9983977e-03   4.4859208e-03   8.4886937e-03  -1.4809463e-04   1.3852137e-04   2.7961657e-04
   8.5530005e-03   1.0744140e-02  -9.3081936e-03   9.7922954e-04   2.9562629e-04   1.6712437e-04
   3.2211108e-03   1.4974571e-02  -2.0854981e-03   7.8370481e-04   3.8120075e-04   1.6502057e-04
   2.2880823e-03  -1.0193886e-02   1.2537732e-02   4.5206059e-04   3.3661726e-04   8.3686942e-05
   6.8719273e-03   1.9033803e-04   5.1635509e-03   5.9207548e-04   3.1209973e-04   4.6069684e-05
   6.1391099e-04  -2.1371094e-02   1.0828536e-02   2.4423759e-04   4.9954532e-04   4.6211913e-05
   7.6226826e-03   1.4458050e-02  -1.2753421e-03   4.1783428e-04   4.4527912e-04   1.3627223e-04
   1.1212964e-02   1.4153846e-02   1.4460805e-02   3.7804791e-04   3.1240898e-04   9.8339689e-05
   1.3847816e-02   2.0969381e-02   9.1230869e-03   1.1055411e-04   4.3825577e-04   2.4454974e-04
   1.3585723e-02   1.4067207e-02   7.8946834e-03  -3.2622739e-05   4.1916779e-04   3.3771806e-04
   1.1703723e-02   7.2941494e-03   7.9904002e-03   7.3723998e-04   2.8332376e-04   1.9942291e-04
   2.4021479e-03   1.9359331e-03   3.5259006e-03   3.9079096e-04   5.2712713e-04   1.4876938e-04
  -6.6315727e-03  -1.6203727e-02   8.2281840e-03  -5.5398931e-04   4.3390476e-04  -3.8472899e-05
   6.2711243e-03   2.1740410e-02   8.8361831e-03   2.3313875e-04  -3.4497974e-05   2.8448159e-04
   7.3136035e-03   3.9468271e-02   4.7130535e-03   6.3530956e-04   9.0667651e-05   1.9766126e-04
  -4.4908341e-03   1.7306269e-02  -3.7251078e-03   1.7580001e-04   4.1729638e-04   5.1141377e-05
   5.9415706e-03   5.2786129e-03   1.7025746e-03  -8.6139990e-05   8.2477204e-05   1.2132413e-05
   1.3505784e-02  -5.1217982e-04   7.2791328e-04   3.0292266e-04   2.9142138e-04   1.4589047e-04
   3.7063923e-03  -3.0019874e-02  -2.5329041e-03  -1.2595567e-04   2.2456681e-04  -7.5461021e-05
   4.8837432e-03  -1.9724526e-02  -5.9735025e-03   7.7515215e-04   5.1319209e-04   6.0571298e-06
   1.1719954e-02   1.0262662e-02  -3.4431834e-04   2.8777999e-04   1.1587500e-04   2.6163811e-04
   1.7554224e-02   6.8437554e-03   9.1833618e-03   3.5380872e-04   4.1033219e-04   1.9544002e-04
   1.4491703e-02   8.4459186e-03   9.7440191e-03   3.1215102e-04   4.3796519e-04   2.4674041e-04
   1.1796120e-02  -3.5524661e-03   1.8220404e-02   4.6685797e-04   4.4398387e-04   2.2156001e-04
   1.5963041e-02  -7.2065984e-03   7.9474682e-03  -1.0854798e-04   2.9275909e-04   3.0540353e-04
   9.2667142e-03  -1.8440177e-02   5.0469380e-03   2.6561903e-04   5.0416469e-04   1.4375222e-04
   1.2666851e-02   9.7209937e-04   1.0335810e-02   2.2385974e-04   3.4649264e-04   1.6197795e-04
   1.2462888e-02  -2.1596069e-03   1.5488837e-02   2.5108451e-04   4.1431820e-04   1.7436444e-04
   1.2131331e-02  -7.3933940e-03   9.7600105e-03   2.0995448e-04   2.2058664e-04   7.0607593e-05
   1.8510949e-02  -1.8292092e-03   1.0238042e-02   9.8415031e-05   3.3253744e-04   2.8731943e-04
   1.6799915e-02   4.6402500e-03   3.5615030e-03   1.0423378e-04   3.6185519e-04   2.2608099e-04
   1.4962484e-02  -1.8422805e-02   8.6342519e-03   5.7267430e-04   4.1392513e-04   1.9382260e-04
   1.2274969e-02  -2.0654082e-04   5.1430427e-03   4.0739546e-04   2.4684499e-04   2.5968605e-04
   7.7755605e-03   7.4042823e-03   3.8091355e-03   4.4099039e-04   4.5749127e-04   7.5355972e-05
   6.6031151e-03   2.1828521e-02   4.5054583e-03   2.0971988e-04   1.7597847e-04   2.0002813e-04
   3.0960079e-03   2.6068944e-02  -4.5861514e-03   4.3854356e-04   2.3706701e-04   2.1421249e-04
   6.6451284e-03  -1.0827617e-02   1.2356565e-02   6.1207897e-04   5.5728482e-04   1.2399177e-04
   4.6498984e-03  -4.3660838e-03   4.0608570e-03   4.4732414e-04   3.3924686e-04   1.6727556e-04
   3.9451143e-03   1.2146675e-02   1.0315078e-02   2.0948508e-04   3.9662799e-04   9.9762612e-05
  -7.0893939e-03   7.4271157e-03   6.7713811e-03   3.6354661e-04   5.6407669e-04  -3.4860365e-04
  -1.6912835e-03  -7.0227223e-03   1.4273886e-02  -2.4142568e-05   2.3373619e-04   1.7167301e-04
  -1.2351595e-03   4.1425172e-03   4.1186647e-03   5.5009821e-04   5.5333502e-04  -3.1967964e-06
  -1.3310157e-03   8.6394161e-03  -3.4479162e-03   7.1032115e-05   1.0888574e-04   9.7108469e-06
   9.5705017e-04   4.4425317e-03   4.8909271e-03   9.2843523e-04   3.6327219e-04   1.8642853e-04
   2.4150614e-03   2.1119376e-02   2.6352218e-03   6.6370083e-04   3.7056377e-04   1.1991499e-04
   2.8561249e-03   1.4681399e-02   4.6267267e-03   3.0435648e-04   3.6292370e-04   2.2489158e-04
   2.9453636e-04   6.8701767e-03   4.9621021e-03   2.5766706e-05   4.1220098e-04  -8.5257786e-05
  -2.0191443e-03  -8.1071623e-03  -5.8878757e-03   5.3153143e-05   3.6096246e-04   2.3131324e-04
  -7.9435391e-03   6.9853894e-03  -1.5599455e-03   2.4256151e-04   4.5507081e-04  -3.2526249e-04
   2.6414215e-03   2.3377820e-02  -6.6381036e-03  -2.3759131e-05   3.2906876e-04   1.7748459e-04
  -2.5707471e-03  -1.7930063e-02   1.5328359e-02  -4.8269159e-04  -2.4082728e-04   2.8635384e-05
   2.7045333e-03   7.2143506e-03   6.6503106e-03   1.4749119e-04  -7.6552530e-06  -1.3361832e-05
   6.1824852e-03   1.0226112e-02  -4.8694775e-03   3.3372198e-04   3.3106194e-04   2.5420513e-04
   1.7467931e-03  -3.4430503e-02   1.6455977e-02  -3.9325564e-04   1.7918706e-04   1.0291284e-04
   7.9778624e-03   2.1289062e-02   5.2604733e-03   9.8507769e-04   2.4122259e-04   2.7915324e-04
  -2.4798135e-05  -2.3653593e-03   1.9449094e-03   1.8311940e-04   1.2213106e-04  -8.6613760e-05
  -1.7453267e-04   1.1149243e-02   1.4538567e-03   1.1586956e-04   3.1015578e-04   2.4702429e-05
   1.4654521e-02   2.0078715e-02   9.9780248e-03   4.0785581e-04   3.7049964e-04   2.8796346e-04
   1.5526835e-03   8.6186483e-03  -8.1051799e-03   4.5068535e-04   5.2859962e-05   4.6066009e-05
   3.2956519e-03   6.5188480e-03  -3.0578202e-03   2.9894890e-04  -2.0003876e-04  -7.0550688e-05
   8.1245508e-04  -1.1729740e-02   8.8980134e-03   2.6182940e-04   8.6568835e-05  -1.3824214e-04
   7.6673740e-03  -3.9290555e-03   4.2423111e-02   7.6512303e-04   2.2437862e-04  -4.5678083e-05
   1.5457224e-03   1.9054026e-02   2.8494628e-02   8.2590791e-04   1.7563147e-04   5.1618410e-05
   4.9327051e-04  -1.8988198e-02   2.2403773e-02  -3.2448187e-05   3.1207303e-04   1.9528189e-04
  -3.0969094e-03  -2.3762066e-02   1.3573500e-02  -6.7959079e-04   1.4081221e-04   1.4258886e-04
  -4.5951931e-03  -1.4389974e-02  -3.2502699e-03  -4.1360201e-04   1.0341801e-04  -1.6887757e-04
   7.8547754e-03  -2.4090875e-02   1.6458225e-03   1.9173568e-04   3.3074679e-04   5.3028980e-05
   6.5667597e-03  -2.9669205e-02   4.7850537e-03   6.0205498e-04   1.0335068e-05   1.1858329e-05
   1.2785656e-02  -1.6636009e-02   3.4758962e-03   3.6662604e-04   1.1253860e-04   1.8905167e-04
   6.6219858e-03   1.4277437e-02  -1.0444974e-02   3.0337480e-04   4.1561871e-04   2.1859446e-04
  -2.6476226e-03  -1.3867682e-02   8.4749974e-03  -2.8199077e-06   1.9286139e-04  -5.2895432e-05
  -1.1274055e-03   1.0699817e-02  -1.1789376e-02   6.9029417e-04   1.1604642e-04  -8.7483823e-05
   7.5972212e-03   1.2641737e-02  -5.5332811e-03   3.5838337e-04  -1.1876615e-05   1.9570842e-04
   1.9598216e-04   1.2524503e-02  -1.0515949e-02   8.9786999e-04   4.8951616e-04   9.1500662e-05
   2.1116829e-03   1.9531265e-02  -2.7981673e-03   4.7015328e-04   2.8417322e-04   1.7810075e-05
  -1.1448056e-03  -3.1982508e-02   1.7762514e-02   2.0352154e-04   5.5441398e-04  -2.7897128e-04
   3.1261410e-03   8.0817244e-04   1.0770785e-02   2.0134793e-04   1.7672279e-04   1.1608860e-04
   5.0537413e-03  -2.7115081e-04   1.1757636e-02   4.9090972e-04   3.4038971e-04   1.4084976e-05
   6.0627193e-04   1.1464040e-03   4.4388800e-03   5.1501214e-04   4.1464330e-04  -1.1552623e-05
   5.6031673e-03  -1.8150784e-02   1.1430495e-02   2.6646608e-04   3.8337607e-05   1.5596633e-04
   6.7669454e-03  -1.4716144e-03   1.2877295e-02   6.8640294e-04  -1.9113019e-05   6.5090566e-05
   6.4837099e-03   8.7964331e-03   1.5594522e-02  -8.8153427e-06   2.9412185e-04  -1.0699867e-05
   9.6702923e-03   1.2810941e-02   9.6702204e-03   3.4226995e-04   1.1406752e-04   2.8598918e-04
  -1.9091931e-04  -1.0774380e-02   1.5736422e-02   2.5516601e-04   4.0264366e-04   2.5548051e-04
  -3.0943653e-03  -2.0258779e-03   5.3472182e-05   7.9080782e-05   5.3921216e-05   7.6037149e-05
   4.3516937e-03  -4.5684523e-03   2.8865391e-03   5.1179313e-04   3.6929321e-04   1.6989293e-04
   2.4908268e-03   9.2148432e-03  -6.1258523e-03   5.2802163e-04  -2.1709923e-06   1.2009564e-05
   1.1290581e-02   6.9614430e-03   1.9711291e-03  -1.2556528e-04   1.5653555e-04   1.8260272e-04
   7.3313644e-03  -1.8292738e-02   9.5644159e-03   3.6721408e-04  -1.0390171e-04   1.1894317e-04
   7.4424438e-04  -1.4029355e-02   9.4237390e-03   2.9580316e-04   3.8921880e-04   1.4814279e-04
   5.6704660e-03   1.2709540e-02   5.9020003e-03   5.2624080e-04   3.8077128e-04   1.8267211e-04
   1.1414405e-02   1.1494205e-02   1.1223327e-02   5.9253013e-04   3.0913445e-04   2.5047565e-04
  -3.2915375e-03  -2.5030636e-02   2.1588421e-02  -4.0228237e-04   1.4075923e-04  -4.4042988e-05
  -3.7080909e-03  -6.3143107e-03   1.0790930e-02  -2.2518883e-04   2.0390300e-04   2.8962757e-05
  -2.2714016e-02  -3.2900615e-02   1.7377857e-02  -4.1004641e-04   6.1304339e-04  -7.1085869e-04
   2.4426640e-03   1.2693347e-02   9.0156147e-04   1.0381966e-03   3.1411323e-04   1.1095377e-04
  -7.4069035e-03   3.9020701e-03   6.4210559e-03  -1.0859715e-04  -2.0475454e-05   1.7311052e-04
  -7.1898306e-04  -3.8194312e-03   2.4476159e-03   2.8188017e-04   4.2566666e-04  -3.6617317e-05
   1.0467369e-02   3.7331430e-03  -5.1157953e-04   3.9320007e-04   2.9196647e-04   1.6864880e-04
   6.4587531e-03   4.0889093e-03   5.6684053e-03   3.7136094e-04   3.4520924e-04   1.1235850e-04
   1.1163682e-02   1.0856847e-02   6.5351678e-03   1.7163248e-04   1.7733658e-04   2.2376490e-04
   5.1353591e-03   1.4225449e-03  -2.7024538e-04   2.2851880e-04   2.2778324e-04   6.9647426e-05
   7.1492709e-03  -3.4712396e-02   6.0579321e-03   2.5479959e-04   4.0548822e-04   7.0797500e-05
   9.9965603e-03   2.2978558e-03  -5.8149408e-03   2.1316827e-04   3.3005761e-04   1.7049613e-04
   6.9131122e-03   1.2692005e-03  -8.0229189e-03   1.4822852e-04   4.1217963e-04   2.2252062e-04
  -7.0017870e-03  -1.4664075e-02  -1.2712824e-02   3.9681305e-04   4.0404271e-04  -1.0168125e-04
   4.9163837e-04  -8.7425635e-03  -3.2955971e-03   3.0368190e-04   2.8608659e-04   2.5850427e-04
   1.0566591e-02  -4.9700297e-03   1.2372203e-02  -3.6023488e-04  -3.2136781e-05   1.9952131e-04
   9.1449539e-03   3.8286565e-03   1.7526003e-02   7.2964294e-04   1.7223420e-04   2.6645268e-04
   1.3304841e-03   5.4028138e-03   1.4516506e-02   1.2035766e-04   3.8568605e-04   6.5914499e-05
   3.0601553e-03  -3.7305050e-03   2.4031204e-02   3.7906806e-04   2.1652696e-04  -2.1843472e-05
   1.3688708e-03   2.4674449e-02   4.7063442e-03  -4.5315878e-05   5.8109338e-05   2.9525142e-04
  -5.4443385e-03  -9.2388033e-03  -4.2290655e-03   1.3532593e-04   3.2759464e-04  -9.3793666e-06
  -2.8481817e-03   2.8583342e-02  -1.8084819e-03   2.0998509e-04   3.0843115e-04   8.3921883e-05
  -1.0096154e-02  -1.8978667e-02   1.9155990e-03   6.5899684e-05   4.2058274e-04   1.0323257e-04
  -7.7460727e-03  -3.4744781e-02   8.9214236e-03  -7.5491992e-04   8.5144918e-05   8.6987387e-05
  -4.8089938e-03  -1.7594336e-02  -3.1726781e-03  -3.6245534e-04  -2.6564419e-04   2.3218871e-06
  -5.2650152e-03   2.1909205e-03  -2.0931366e-03  -6.2289290e-04   2.0175928e-04  -2.4980544e-04
   1.4671613e-04   1.4292915e-02   1.2714729e-03  -3.7076122e-05   4.9064958e-05   1.5663263e-04
  -9.7953720e-03  -2.2106467e-02   5.3558558e-03   1.8033787e-04   4.3856137e-04  -2.7144601e-04
  -1.2161190e-02  -1.3534271e-02   1.0558022e-02   1.3595922e-04   3.4553570e-04  -1.6317284e-04
   8.5990703e-04   1.0698928e-02   7.5433759e-03   8.2432931e-04   1.9489474e-04   6.0025900e-05
   7.7103180e-03  -1.1286629e-03   1.0724776e-02  -1.4449892e-04   1.2165347e-04   1.6517868e-04
   1.3600109e-02   7.7267673e-03   4.2639761e-03   1.8871431e-04   2.9386663e-04   2.4383815e-04
   6.1073662e-03  -1.4440311e-02   1.4861870e-03  -1.5278074e-05   2.7302602e-04   2.1178789e-04
  -1.6707326e-03  -3.9203871e-02   1.9162163e-02  -1.1452037e-03  -1.2870298e-04   6.3241157e-05
   2.9016872e-03   2.8519741e-02   7.0036887e-03   1.2621674e-05   2.5257719e-04   1.9306886e-04
  -1.7301527e-03   6.7541784e-03   9.7163833e-03  -1.2413555e-04   3.4480596e-04  -1.2037146e-04
   2.5641400e-03   1.9695029e-02   1.2927298e-02  -8.9257881e-05   1.8601737e-04   6.8078026e-06
   1.7134572e-03   1.7090361e-02   5.9005043e-03  -4.1383083e-04   3.7314651e-05   1.6325705e-04
  -1.3589987e-02  -1.9217250e-02   1.3179590e-02  -1.6732214e-04   3.6148285e-04  -4.5351975e-04
  -3.8798453e-03   1.9899081e-02   1.1855820e-02   8.6654555e-05   1.4579817e-04   1.7947863e-04
  -4.8776527e-03  -9.2353536e-03   1.2098540e-02  -2.0107145e-04   2.1617972e-04   1.8739855e-04
   1.0139508e-03   7.5398142e-03   2.2900235e-03   2.0806823e-04  -2.7277900e-04   1.5182876e-04
   3.5561735e-03  -2.9808765e-02   2.0761113e-02  -6.1079071e-05   1.9187471e-04   6.6360231e-05
   7.4993994e-04   2.6783665e-03   7.4939402e-03   3.7387610e-04   1.8781657e-04   1.7093905e-04
  -8.3242714e-03  -2.4128888e-02   1.5769281e-02  -1.7677991e-05   4.3780465e-05   1.3837653e-04
  -3.7689261e-03   4.0920128e-03   7.6981288e-03   5.4915884e-04   2.8904929e-04   2.2575327e-04
   2.1033113e-04   7.7190503e-04   6.1039864e-03  -1.0438285e-04   4.1898498e-05   2.0388228e-04
  -6.1486371e-03  -2.0329272e-02   4.1937172e-04  -2.6363159e-04  -4.7832537e-05  -1.0717659e-05
  -1.2323300e-02  -1.6533277e-02   1.0492394e-02   2.0217809e-05   1.9405165e-04  -2.1449826e-04
   9.3791104e-04   5.6279624e-04   1.1715900e-02   4.2518946e-04  -4.1280221e-05   1.2801476e-04
   4.6761958e-03  -5.3633125e-03   1.3830334e-02   5.9817478e-04   2.9551707e-04   1.0115817e-04
   6.9350440e-03   2.4806557e-02   3.1529820e-04  -2.6722131e-05   2.7615305e-04   1.8822744e-04
   3.1990899e-03   1.4198521e-02  -2.6735445e-03   5.2521223e-04   3.6814746e-04  -8.0023522e-06
   1.9698008e-03   5.4116094e-03   5.8810763e-03  -2.6443685e-04   2.1536331e-04  -3.1920988e-06
   1.6775544e-03   6.6121286e-03   5.1994314e-04   3.2411984e-04   3.1928681e-04   1.9056715e-04
  -1.1195626e-02  -2.9540200e-02  -1.0661109e-04   3.6021106e-05   7.4362666e-04  -1.1405372e-04
  -2.8460811e-03  -1.2798605e-02   2.8345690e-03   3.6216354e-04   3.3290775e-04   2.4440850e-04
   1.0739393e-03  -1.8884364e-02   2.0763801e-02  -9.9281811e-05   1.5007720e-04   1.1712744e-04
   9.6665838e-03  -4.8645747e-03   2.3787299e-02   7.9694596e-04   4.5443953e-05   2.8386975e-04
   6.4811322e-03  -2.5227507e-03   1.4433065e-02   4.9552711e-04   1.4093784e-04   2.9828120e-05
  -6.3090126e-04  -2.1478480e-02   2.6098616e-02  -1.9903516e-04   8.2072452e-05  -2.7650202e-04
   2.1663464e-03  -5.6514914e-03   7.8339502e-03   5.4126842e-04   1.3933911e-04  -2.0159506e-05
   3.5143768e-03   3.0359269e-03   1.0509065e-02   1.9017412e-04   3.8574169e-04   2.9719528e-05
   6.1699363e-03  -4.0004345e-02   2.5184222e-02  -2.7700158e-04   2.1562199e-04   1.0558536e-04
   4.6914456e-03  -2.5384254e-03   1.3643414e-02   3.2996967e-04   3.7804891e-04   4.4158302e-05
   4.6412581e-03  -2.2626930e-02   1.3054888e-02   9.2499779e-05   2.5433741e-04   1.0658043e-04
   4.4794244e-03  -4.7690776e-04  -1.7879504e-02   1.6209681e-04   3.3595227e-04   1.0976869e-04
  -1.7804353e-03  -2.0481447e-02   5.4568737e-04   3.5378772e-05   6.0125144e-05  -8.0991305e-05
   6.4239153e-03   1.6941760e-02   8.7067883e-03   5.2224195e-05   1.7847904e-04   1.5941511e-04
   3.9357599e-03   1.9512292e-03   1.6820953e-02   1.3055867e-04   1.1093862e-04   2.4409769e-04
   2.7325159e-03  -6.3278215e-03   1.5879521e-02  -4.6441367e-06   5.9905937e-05   2.3559834e-05
  -8.0942325e-03  -2.1159395e-02   2.2029110e-02   4.7371699e-04   1.1208908e-04  -1.1395945e-04
   7.2834418e-04   1.1133553e-02   1.9585727e-02  -2.2201537e-04  -1.1474214e-04   1.6214687e-04
   1.4624484e-03   1.6635169e-02   1.0659941e-02   1.4927111e-04   2.4445830e-04   1.1782386e-04
  -8.3146173e-03  -2.4825324e-03   9.5797983e-03  -1.5118815e-04   2.6525374e-04  -1.9823673e-04
  -3.7799835e-03  -1.3576358e-02   1.4617061e-03   7.4024990e-04  -1.2808965e-04   4.2619281e-05
   5.5725350e-03   2.6217227e-03   1.0838692e-02   2.2331538e-04   5.6038649e-05   1.2512854e-04
   5.0695082e-03  -8.8407178e-03   5.3548290e-03   3.5576633e-04   1.2733088e-04   1.4223019e-04
   2.8892494e-03   4.3807129e-03   7.4742681e-03   4.9302999e-04   9.3498356e-05   1.3721163e-04
  -1.3020075e-03  -1.8297060e-02  -2.8067599e-03   5.8651868e-04   2.9828955e-04  -7.1100423e-05
   4.3095819e-03   1.8999402e-02  -7.2982656e-03  -4.3349475e-05   1.0924819e-04   1.0586814e-04
   2.5642763e-03  -2.8184971e-03  -1.5122373e-03   2.6029518e-04  -7.5532698e-05   2.2187446e-05
  -9.0943315e-03  -1.0528680e-03   1.9372675e-03  -5.3942151e-05   5.5935232e-04  -5.4219504e-04
  -9.2614882e-03   8.5961860e-05   2.0142525e-03  -1.6530108e-04  -3.1384738e-04   1.3606273e-04
  -6.7111942e-03   5.8581067e-02  -5.3174695e-03   8.4296450e-04   7.6147993e-05  -4.1831366e-05
  -5.8999321e-03  -2.9966450e-04   7.0909101e-03   5.1578071e-04   3.7711960e-04   1.3674270e-05
  -7.2015499e-03  -1.8136950e-02   3.3886949e-03  -3.0481519e-05   3.7810035e-04   2.0183795e-05
   3.6835495e-04   1.0645374e-02   2.1217453e-03  -8.2202089e-04  -1.2899459e-04   2.6390518e-04
  -1.3828014e-05   2.6302137e-02  -8.3479166e-04   2.6628999e-04   1.0025295e-04   1.0558358e-04
