   0.0000000e+00   0.0000000e+00   0.0000000e+00   0.0000000e+00   0.0000000e+00   0.0000000e+00
   4.6073628e-03  -1.1039652e-02   9.8219468e-03   6.6049571e-06   5.5795769e-05   6.0236121e-05
   2.3354336e-03  -2.9789024e-03  -6.7150699e-03  -2.3256861e-04   8.8422631e-05   3.9339256e-05
  -1.7640251e-03  -1.3410755e-03  -2.0841771e-02   9.2341146e-05   1.1259140e-04   3.7566609e-05
  -1.6255463e-03   2.9638863e-03  -1.1656584e-02  -1.0288855e-04   2.4832026e-04  -1.5777215e-04
   2.1002803e-03  -3.1826235e-03  -2.0923644e-02  -6.0953903e-04   2.5883339e-04   1.3193832e-04
   1.7610508e-03   1.4450842e-03  -4.4221720e-02  -3.1357530e-04   1.4753424e-04   5.4649212e-05
   5.4313400e-04   1.5904418e-02  -3.8813286e-02   1.2432643e-04   1.4014360e-04   6.5525824e-05
   5.6310699e-03   1.5234461e-02  -1.1368312e-02   3.1008377e-04   6.8443124e-05   3.2327852e-04
   2.2813993e-03  -7.9145164e-03  -2.0469225e-02  -3.2199856e-04   1.0033253e-04   3.5181610e-05
  -1.2723524e-03  -8.3689519e-03  -3.6067566e-02   1.4089951e-04   9.0639440e-05   9.5962419e-05
  -6.8654319e-03   1.2416238e-02  -4.2015658e-03  -3.4121950e-04   4.1886381e-04   7.8544903e-05
   1.7283343e-03  -1.7500071e-03   1.6354019e-02   1.5078576e-04   1.3896845e-04   6.5397215e-05
  -4.3047520e-04   8.8783565e-04   1.8842694e-03   3.5394995e-05   1.1209979e-04  -1.9339171e-04
   1.8529713e-03  -2.1335648e-02  -1.1378954e-02   3.0584537e-05   1.6306314e-04   9.2039444e-05
  -2.2399712e-03   2.8892680e-03  -8.0313299e-03   1.2851544e-04   3.4357618e-04   5.9497607e-05
   5.8251076e-03   1.9475375e-02  -2.8346123e-02   2.1081746e-04   4.3312437e-05   9.8401960e-05
   3.2095113e-03  -1.5396059e-02  -9.7563231e-03  -2.8915213e-04   2.0765708e-04   1.4427086e-04
   5.9459219e-03  -5.1103120e-03  -2.5210564e-02  -6.1446743e-04   1.8676747e-04   1.8359144e-04
   3.2421890e-03   9.2901930e-03  -2.6776351e-02   4.6125934e-06   1.4595784e-04   5.1562564e-05
  -4.1301717e-03   3.8165507e-03   1.1341191e-02  -1.7286305e-04   2.3969934e-04   6.3353762e-05
  -5.3758974e-03   9.9448958e-03   2.9519444e-02  -4.9143754e-04   3.5924815e-04   1.1480578e-04
   6.7087039e-05  -7.4116177e-03   3.0834316e-02  -1.7956657e-04   1.1509163e-04   1.1903805e-04
   1.7936873e-04  -1.2252797e-02   1.9709103e-02   1.2415081e-04  -1.4467644e-05   6.4667503e-05
  -3.5765396e-03  -6.1686443e-03   2.1135705e-02   8.3103903e-05   1.4474539e-04   1.0025044e-04
  -4.4402597e-03  -2.8495523e-03   1.3757871e-02   2.2103559e-04   7.0880047e-05   6.6234311e-05
  -3.3730342e-03  -5.0700229e-03  -1.5281865e-02   5.0418991e-04   9.1855096e-05  -7.4462996e-05
  -1.1525259e-03   1.3246043e-03  -3.4108244e-02  -1.8762644e-04   2.0602307e-04   4.6532950e-05
   9.6735265e-03   4.7995981e-04  -5.2044920e-02  -6.8829255e-05   1.7129296e-05   1.4618945e-04
   4.0517480e-03   1.2637731e-03  -2.0752654e-02  -4.2964872e-04   2.4527159e-04   8.9726086e-05
  -3.7150590e-03   2.0379618e-02  -6.6823468e-03  -2.0001383e-04   3.3527673e-04   2.1380819e-05
  -1.9098579e-03   9.5055254e-03  -2.1559902e-04  -7.9414728e-05   1.3404421e-04   1.8191630e-04
  -2.5379451e-03  -2.0290724e-03   1.5127507e-02  -2.9419709e-04   2.5324105e-04   1.4467062e-04
  -5.8995885e-03   1.0906175e-02   2.2540387e-02  -4.1158168e-05   2.9000699e-04   1.4712088e-04
   7.5384957e-04  -3.5399966e-03   5.2016303e-03   4.2279882e-04   6.7792702e-05  -1.9760858e-05
   2.0386520e-03  -6.9663546e-03   4.6857288e-03   8.5552435e-06   1.3756221e-04   1.7535917e-05
   2.6993657e-03   6.2604519e-04  -1.0143282e-02  -3.6538843e-04   2.9005496e-04   1.8788737e-04
   6.2291209e-03   5.3839174e-03  -3.7502648e-02  -1.9794639e-04   1.2018959e-04   7.2413611e-05
   1.9815637e-03   6.9079460e-03  -4.4067510e-03   1.7892013e-04   4.7861268e-05   4.9318880e-05
   6.8389998e-05  -8.0271558e-03   3.2438064e-02   2.7388231e-04   2.5399304e-04   2.0911506e-04
  -2.8445558e-04  -1.6114534e-02   1.6248545e-02   4.6470131e-04   6.7832628e-05  -3.2502448e-05
   1.5341165e-03  -1.1481595e-02  -3.5146764e-03   3.9291163e-04  -3.4390343e-05   1.9240077e-05
   8.7832414e-04  -2.1396214e-03  -1.8379890e-02   2.7245059e-04   1.2287141e-04   1.4835169e-04
   9.0818499e-03   5.0593420e-03  -3.0486362e-02   2.1623944e-04   8.0218000e-05   2.4862668e-04
   1.0188008e-02  -2.7286958e-03  -3.3568281e-02  -6.1645672e-04   2.6938362e-04   2.1855625e-04
   7.8825475e-03   1.7731775e-02  -5.3497520e-02  -2.6997299e-05   1.9371966e-04   2.0312737e-04
  -6.6059747e-03   1.9488250e-02  -1.5556701e-02   1.0189720e-04   4.9927915e-04   1.3171540e-04
  -4.9599038e-03   2.6185086e-03   7.7603886e-03   5.1300989e-05   6.8462079e-05   2.1754762e-04
  -5.8641614e-03  -4.8968014e-03   1.3326111e-04  -4.5837127e-05   5.3492157e-05   3.9646362e-05
  -9.9899205e-03  -7.5412000e-03   2.9216065e-02  -2.8715972e-04   1.8643978e-04   1.6718460e-04
  -1.8132106e-06  -2.1006711e-02   2.6410889e-02   7.7848368e-05   7.0892424e-05   5.6061569e-05
  -8.0436929e-05  -2.1988399e-02   2.7622426e-02  -2.1943269e-04   1.8816082e-04   2.1814087e-04
   1.5260422e-03  -2.3083290e-02   2.1540042e-02  -1.5322501e-04   1.3860323e-04   1.1015888e-04
   1.5399241e-04  -1.6993323e-02  -4.9893613e-04   2.7509726e-04   1.1228907e-04   4.7602582e-05
  -2.3382668e-03  -1.0894393e-02   7.3986624e-04   6.1162436e-04   2.1489750e-04  -1.4218825e-04
   2.2461418e-03  -1.8735680e-02  -3.2672470e-03  -2.3427822e-04   1.8779656e-04   1.4359519e-04
   5.4290194e-03  -2.7093444e-04  -5.9919188e-02   8.7191882e-04   7.3106459e-05   2.3936611e-04
   1.8463944e-03   1.4525613e-02  -2.9659106e-02   6.8264587e-04   3.0147773e-04  -2.2648494e-04
  -2.4631599e-03   1.1565620e-02  -1.7722391e-02   2.9936961e-04   4.7453171e-04  -2.8322218e-04
   3.6667989e-03  -1.1882745e-02  -3.6500910e-02  -2.1680547e-04   6.2435866e-05   1.9715053e-04
   1.1652875e-03   9.0056503e-04  -4.0908286e-02  -5.9246341e-04   4.0721887e-04   1.2209375e-04
  -5.6355607e-04   3.0134395e-02  -4.5389201e-02  -1.1248524e-04   1.6618718e-04   1.5766313e-04
   1.8375916e-03   3.2929973e-02  -1.1373490e-02   7.8471977e-05   1.3951964e-04   3.9732183e-05
  -3.1456309e-03  -4.4498653e-03   3.2655610e-02  -1.7693096e-04   1.1605131e-04   9.2113701e-05
   1.0086338e-03  -1.0137990e-02   3.6162373e-02   4.5296832e-05   9.6435094e-05   1.1369705e-04
   2.0971455e-03  -9.6654011e-03   3.7565107e-02   1.2214620e-04   9.3833410e-05   1.0226442e-04
   6.7515425e-03  -2.0222740e-02   2.0841901e-02   6.5175449e-04  -1.3433531e-04   2.9659768e-04
  -6.5423272e-04  -1.6285211e-02   1.0201291e-02   5.9709120e-04  -1.4950920e-06   2.3308394e-04
   4.4775564e-03  -1.8950456e-02   9.6259309e-03  -6.5021794e-04   1.1645795e-04   1.4784382e-04
   2.0908406e-03  -1.4493394e-02  -3.4697174e-02   9.9658056e-05   1.7943485e-04  -2.1757256e-05
   1.8210010e-03   1.9062547e-02  -1.8059970e-02   2.3593035e-04   2.9928155e-04   6.8256542e-05
   2.0561903e-03  -5.5011287e-04  -1.2480297e-02  -5.1815293e-04   3.3209813e-04   9.5178118e-05
   2.7102984e-04   1.0506083e-02  -5.2229982e-02  -1.2562222e-04   2.1325656e-04   1.4962699e-04
   2.1865870e-03   1.0854100e-02  -2.6826303e-02  -1.7228353e-04   1.8495398e-04   1.8341808e-04
  -1.3922957e-03   1.5470283e-02  -1.2530279e-02  -2.4876429e-05   2.5970585e-04   1.5732774e-05
   3.3672266e-03   8.8417483e-03   6.2495982e-03   4.7343431e-04  -1.3654831e-04   4.1062356e-04
  -1.2970199e-03  -1.7640751e-03   1.7071739e-02   2.9960671e-04   1.7586403e-04   2.4891432e-04
  -4.1620270e-03   1.2025473e-03  -1.1467678e-02   1.9362904e-04   1.7821218e-04  -1.5940075e-04
   8.5292468e-03  -1.3590480e-02  -2.6890013e-02  -6.7403493e-05  -2.5573936e-06   1.5636945e-04
  -1.0425818e-03   1.2177035e-02  -3.7770357e-02   1.6850635e-04   3.6138088e-04  -4.9586024e-05
  -7.3580470e-03   2.3530598e-02  -3.7716770e-02   6.1109540e-04   3.8441064e-04  -4.1801585e-04
  -1.5723968e-03   1.4314340e-02  -1.1167822e-02   4.5183111e-04   1.2113637e-04   7.1032230e-05
   3.3019140e-03   1.4852155e-02   1.9972574e-03   5.4906479e-05   1.8297701e-04   2.8220823e-04
   2.2060758e-03   1.2024552e-02  -2.0361696e-02   2.9713751e-04   3.0676916e-05   2.4044561e-04
  -1.6398428e-03   1.4713834e-02  -2.6746523e-02   3.2583456e-04   1.1862970e-04   2.2642632e-06
   4.6861621e-03   2.1283749e-02  -9.6689435e-03   1.0481252e-04   1.6497596e-04   1.3246198e-04
   4.4638482e-03   2.6559418e-02  -4.2581417e-02   4.4517358e-04  -3.5020105e-05   2.4644475e-04
   7.0552503e-03   2.8405453e-02  -9.6524530e-03   2.7340579e-04  -3.5325421e-06   5.2362827e-04
   4.8591101e-03   2.7260619e-02  -1.1474439e-02   2.2060008e-05   1.1221999e-04   2.7572899e-04
  -7.7049359e-03   1.0088643e-02  -6.4633202e-02   3.8963637e-04   1.4310549e-04  -3.3571276e-06
  -2.2555947e-03   2.2627266e-02  -3.5368574e-02   3.6888023e-04   1.6688618e-04  -5.9898230e-05
  -3.3533699e-03   2.4050679e-02  -1.9771808e-02  -1.8582822e-04   3.5341831e-04  -1.4751635e-04
  -5.1619933e-03   1.1451754e-02  -7.2632237e-02   4.6248306e-04   4.3407270e-05   2.5927866e-05
  -9.4264842e-04   1.6347536e-02  -3.6013949e-02   1.2325105e-04   1.9168253e-04   1.9279542e-04
   1.6373161e-03   5.7051543e-04  -4.9000678e-02  -4.8731823e-04   1.2552275e-05   9.1613345e-05
  -2.9577295e-03   1.7004823e-02  -4.7078012e-02  -2.0846751e-04   1.6415782e-04   7.8772306e-05
  -5.8367788e-04   1.5744105e-02  -3.1556712e-02   3.9850806e-04   1.2045745e-04   1.0373906e-04
  -3.3266383e-03   1.5117952e-02   3.2458232e-04   3.6281312e-04   2.2134335e-05   2.8845660e-06
  -2.1619753e-03   1.0928680e-02   4.1889348e-02  -4.6645447e-04   2.6216935e-04  -1.3762198e-05
   5.1336071e-03   9.9802897e-04   4.4206282e-02   3.3525893e-04  -3.3317126e-05  -1.2838752e-05
  -3.1220062e-04  -2.3023322e-02   5.8632947e-02   1.1756927e-04   2.5004783e-04   9.9976185e-05
   5.5773827e-03  -2.0323151e-02   5.1462459e-02  -3.6222273e-04   1.7649250e-04   1.2655369e-04
   7.8691362e-03  -2.0684326e-02   1.0648036e-02   3.7063106e-04  -6.1917485e-05   1.9857005e-04
   7.9952460e-03  -2.5090687e-02   1.2127891e-02   4.4160588e-04   1.7611534e-04   9.5607841e-05
   9.3377197e-03  -6.7680215e-03   1.5705941e-02   1.5322485e-04   3.0209835e-04   1.4495860e-04
   7.2574942e-03  -6.2574685e-03   6.8744600e-05   9.7299539e-04   2.2251133e-04   3.0803768e-04
   4.0664874e-03   7.0836972e-03   1.0116073e-02   4.7443187e-04   1.8134920e-04   8.7743635e-05
   4.4936492e-03  -1.6423971e-02   1.1952202e-03  -1.6783431e-04   1.4192568e-04   1.0001994e-04
   5.6683973e-06   6.6111051e-04  -4.5440046e-02   2.6512352e-04   2.7052819e-04  -4.8674020e-05
   6.6591125e-03   9.2754469e-03  -3.6355793e-02   3.6747617e-04   2.6546967e-04   2.3854878e-05
   2.9616639e-03   1.3580250e-02   3.8272501e-04   4.4566907e-05   4.2570804e-04   4.3356033e-05
   2.3864191e-03   7.9356248e-03  -1.0097736e-02   8.5337048e-04   9.7003665e-05   1.7646873e-04
   8.2728714e-03  -3.3190799e-04   7.4375427e-03   7.4260503e-04  -4.3384100e-05   2.2301438e-04
   8.9408884e-03  -6.8842457e-03   1.4321745e-02   4.3230214e-04  -3.7444093e-05   4.4033752e-04
  -8.1208361e-04  -1.1894027e-02  -8.6719294e-03  -1.4562522e-04   8.6317958e-05   1.1432762e-04
   2.2130762e-03  -1.2069465e-02  -4.3325607e-02   3.1063573e-04   2.7986875e-04   6.4467400e-05
   1.4385176e-03   2.3745002e-02  -4.2727047e-02   4.7934398e-04   4.3341174e-04  -1.9351875e-04
   1.7589451e-03   4.0543995e-02  -3.4864824e-02   1.2671809e-04   3.2910413e-04  -1.3693646e-04
  -2.8793986e-03   1.7116558e-02  -6.1859103e-03   8.7667042e-04   1.9597258e-04  -2.5297380e-04
  -7.1872447e-03  -2.5335657e-03   1.4778571e-02   6.2896940e-04   4.6552650e-04  -3.8351651e-04
   2.5577871e-04  -1.2016453e-02  -2.1923896e-03   6.8703389e-04   1.2473030e-04   5.1999685e-05
   6.8562510e-03  -5.1217712e-03  -1.8187337e-02   6.9506292e-04  -2.0164020e-04   2.7199770e-04
   1.0825357e-02  -4.0975917e-03  -1.6897817e-03   5.7791011e-04  -7.6458362e-05   3.1860944e-04
   3.8841894e-03   7.1580428e-03  -2.1182857e-02   3.3318223e-05   1.6985436e-04   2.6600971e-04
   1.3560562e-03   1.2241480e-02  -6.3167722e-02   6.5128511e-04  -6.3801492e-05   1.6477086e-04
   5.2639791e-03   2.9188589e-02  -1.4816509e-02   1.4753120e-04   3.2934785e-04   1.7885564e-04
   3.3203029e-03   2.0914525e-02  -4.2553061e-02   3.5741538e-04   1.3401966e-04   9.4124541e-06
   5.4524051e-03   2.5464787e-02  -6.2057273e-02   7.4215155e-04   1.1040570e-06   7.1473334e-05
   8.1258000e-03   2.9136902e-02  -4.2365100e-02   5.5060527e-04   8.3495191e-05   2.0736082e-04
   3.6665273e-03   3.9014525e-02  -3.2931689e-02   1.3281473e-04   2.2781404e-04   3.8659540e-04
   1.1373801e-03   2.6944548e-02  -3.3793370e-02   4.1069264e-04   5.4635563e-05   1.3715276e-04
  -2.6428072e-03   1.7606008e-02  -1.5475398e-02   5.3982957e-04   2.8014986e-04  -2.4905967e-04
  -1.9249121e-03   1.2019490e-02   7.4013550e-03  -9.0730426e-05   3.7637769e-04  -5.9233688e-06
  -3.9276235e-03   7.4983170e-03  -3.7601262e-02   2.5473227e-05   3.1643567e-04  -3.6197646e-05
   2.3798362e-03   9.8726094e-03  -2.9708999e-02   1.9575700e-04   1.4821556e-04   7.7025277e-05
   9.5874628e-03   1.0763199e-02  -3.6320247e-02  -4.3973008e-04   6.9220739e-05   2.7478924e-04
  -2.9194603e-03  -5.4336976e-03  -6.6431819e-02   2.8386606e-04   2.4251693e-04   2.6875750e-05
  -2.3415774e-03   3.7378052e-02  -2.4288065e-02  -1.5731976e-04   2.8137450e-04   7.5285985e-05
  -2.7989466e-03   1.8625773e-02   6.8356118e-03   1.9731472e-04   8.5307246e-05  -1.2080843e-04
  -5.7800099e-03  -8.8835258e-03   4.2606024e-02  -1.2670689e-04   3.6031793e-04   1.1455329e-05
  -3.0448428e-03  -3.8276271e-03   5.1058587e-02   2.8091696e-04   9.3553300e-05  -1.0250157e-04
  -4.1139228e-03  -1.9206814e-02   6.4583957e-02  -1.4309866e-04   2.1325794e-04  -6.6916583e-05
   9.6951819e-04  -2.9906247e-02   6.0395439e-02  -6.4003471e-05   9.8461708e-05  -3.2719140e-05
  -3.1433850e-03  -2.3338606e-02   2.9789771e-02   2.5269451e-04   5.8793349e-05   4.9953315e-05
  -1.7542143e-03  -2.0797625e-02   2.7881092e-02   9.9017310e-04   1.8107627e-04  -9.0046619e-05
  -3.7066358e-03  -4.5720446e-03   2.0174270e-02   5.1345623e-04   2.7601830e-04   5.0574108e-05
  -4.3861549e-03  -1.2702540e-02  -8.4030844e-04   1.0324277e-03   1.7096636e-04  -1.8567809e-04
  -1.2166672e-02  -7.1163277e-03   2.4027380e-03   7.6080634e-04   5.4167894e-04  -3.6452398e-04
  -1.0117321e-02  -2.7306494e-03  -2.3177261e-02   8.5867778e-04   4.8229942e-04  -3.9514991e-04
   2.1188636e-03   8.8442547e-03  -2.4325376e-02   6.6321126e-04   1.5780505e-04  -4.7788166e-05
   1.3090185e-03   4.2003750e-03  -3.3621807e-02   7.5436142e-04   3.2920882e-04   2.1682542e-05
   2.2269130e-03   1.2724358e-02  -4.1467424e-02   4.4081636e-04   4.9151561e-04   2.5472936e-05
  -1.1312509e-03   1.9053056e-02  -5.8313256e-02   6.0980629e-04   3.7457291e-04  -1.6721469e-04
   7.6390658e-04   9.2611032e-03  -3.6560903e-02   8.1811634e-04   3.3752027e-04  -9.3063306e-05
   7.0073718e-03   1.5085964e-02  -3.0715516e-02   2.2089717e-04   2.8257073e-04   2.4426071e-04
   1.1989743e-03   1.7013045e-02  -6.6479573e-02  -3.0735454e-05   2.5160474e-04   4.3042508e-05
  -3.4917631e-03   3.9506584e-02  -3.0794853e-02  -1.7681016e-04   4.9575045e-04   3.4972915e-05
  -3.0784990e-03   3.6191702e-02  -1.4547333e-02   2.0365460e-04   1.8005817e-04  -1.2433089e-04
  -2.4735028e-03   9.9836329e-03   4.1875075e-02  -1.5470050e-04   3.3886281e-04  -1.1729583e-04
  -2.6019720e-03  -2.1811463e-03   3.4013104e-02   2.9807571e-04   1.6185413e-04  -5.1427592e-05
  -4.9820224e-03  -1.7353670e-02   5.4449266e-02   7.3601127e-04   2.1682287e-04  -9.7744055e-05
  -9.0288625e-03  -2.6486587e-02   3.5104719e-02   7.7055301e-04   2.6835180e-04  -3.1529746e-04
  -6.5648815e-03  -2.8041210e-02   2.7063329e-02   8.6196387e-04   2.1288643e-04  -4.1485050e-04
  -1.0828487e-02  -2.3542221e-02   8.7054193e-03   5.7580757e-04   3.9544318e-04  -1.9739230e-04
   5.9829669e-03  -1.0966609e-02  -2.7692040e-02   5.3320656e-04  -1.7520622e-04   1.1922838e-04
   7.9979553e-03   1.0427670e-02  -2.7964613e-02   4.9258470e-04   1.0589064e-04   1.7270884e-04
   4.4152532e-03   2.5367747e-02  -3.1053413e-02   2.2720504e-04   3.3030351e-04   1.3770832e-04
  -6.2969988e-03   3.6198448e-02  -5.3276672e-02   3.5992370e-04   1.2098827e-04  -1.6671293e-04
  -8.9925575e-03   3.3403982e-02  -5.1820692e-02   5.9318784e-04   2.3817164e-04  -1.4558864e-04
   6.9863574e-04   4.4011225e-02  -4.7184176e-02   1.2414892e-05   1.9524534e-04   1.8097034e-04
   1.8060493e-03   3.4069167e-02  -4.8155607e-02   6.2518623e-04  -4.1121824e-05   4.1312537e-05
  -2.3654251e-03   3.5818561e-02  -2.3671350e-02   4.7479174e-05   3.2218907e-04   1.8168667e-05
  -6.6078625e-04   2.8798020e-02  -6.7251077e-02   6.6918550e-04  -6.3340424e-05   8.7515973e-05
   1.2321275e-03   3.2301616e-02  -2.6417249e-02   1.6585248e-04   4.2649540e-04   1.1607477e-04
   4.1026354e-03   2.2204923e-02  -2.9831172e-02   6.2697491e-04   4.7329234e-05   1.0521111e-04
   2.5908076e-03   1.3469097e-02  -4.0021107e-03   3.9624971e-04   2.5517626e-04   1.6029604e-04
  -5.3899098e-03   1.3912334e-02  -9.9442570e-03  -8.9324270e-05   5.1302000e-04   1.1914470e-04
  -3.5031016e-03   3.1064763e-02  -3.3506936e-02   6.0581493e-04   2.2818916e-04   2.3784861e-04
   5.4024937e-03   1.8702620e-02   3.1570279e-02   3.9465741e-04   3.4537405e-04   3.1928349e-04
   8.1772656e-03  -7.5262084e-03   6.4924285e-03   5.1482800e-04  -8.0696035e-05   4.0584942e-04
   2.0615345e-03  -1.5826975e-02  -1.0416522e-03   6.2903022e-04   2.1729799e-05   3.1669359e-04
   1.4368778e-03  -5.0189650e-03   1.9969367e-02   2.7014203e-05   4.3598508e-04   2.8583729e-04
   1.2700912e-02   1.3734322e-03  -1.8467397e-02   2.8516047e-04  -6.8841249e-05   2.6197988e-04
   1.0397525e-02   1.1147914e-03  -1.3907100e-02   5.5720508e-04   4.1554146e-05   2.2999121e-04
   1.1550167e-02   1.6685134e-02  -2.1375955e-02   1.9929521e-04   2.0134406e-04   2.2463869e-04
   7.3192511e-03   3.0466936e-02  -6.7939066e-02   7.1135348e-04  -6.7252594e-05   2.0214376e-04
   2.7821267e-03   4.2197515e-02  -2.7583423e-02   4.1127112e-04   1.9660149e-04   1.5673359e-04
   2.2011307e-03   4.8852199e-02  -4.3960862e-02   2.3751778e-04   3.2620832e-05   1.2025260e-04
   6.2545990e-04   3.4058969e-02  -6.2724714e-02   6.4397092e-04  -7.8203466e-05   1.6091040e-04
  -6.9179313e-03   4.0035138e-02  -3.0549737e-02   7.5864002e-05   6.6277990e-04   5.9130906e-05
  -6.0579869e-03   3.1722923e-02  -5.3651148e-02   4.9860848e-04   1.5762553e-04  -1.4807001e-04
  -2.6223335e-03   1.7843190e-02  -6.9791434e-03   3.7573458e-04   3.7235177e-04   1.4030131e-05
   5.8167616e-04   2.6631366e-02  -2.5433590e-02   2.2995205e-04   2.9465238e-04  -5.1020308e-05
  -5.9585197e-04  -4.6115771e-03  -2.7467240e-02   7.0355099e-04   7.5785451e-05   1.1399268e-04
  -7.3846194e-03   2.0263049e-02   2.2505161e-02  -3.5216015e-04   5.9361224e-04   6.1196189e-05
  -2.5730227e-03   1.8249820e-03   1.6994430e-02   6.3273488e-04   1.3137752e-04   4.2256852e-05
  -6.8227425e-03  -2.1453269e-03   4.2635811e-02   2.0333979e-04   3.5544041e-04  -1.0321237e-04
  -5.1149719e-03   3.8550737e-03   4.4319847e-02   3.0686962e-05   2.3937253e-04  -4.7936315e-05
  -7.4069370e-03  -1.1700103e-02   3.8063978e-02   6.6313469e-04   1.9958824e-04   6.8140419e-06
  -1.8955977e-03  -2.3385238e-02   4.3708427e-02   5.1041818e-04   2.2205199e-04   5.8626393e-06
