   0.0000000e+00   0.0000000e+00   0.0000000e+00   0.0000000e+00   0.0000000e+00   0.0000000e+00
  -1.1309059e-03   8.9297514e-04   1.4457746e-02   3.3103720e-04   1.6125700e-04   1.4283507e-05
   6.0216065e-03   6.5881743e-03  -6.4079212e-03   2.5656014e-04   1.0998829e-04   4.1908361e-05
   1.2774586e-03   6.3263588e-03  -1.1580898e-02  -2.6899330e-05   1.5004135e-04  -8.0016386e-05
  -1.7140242e-04   8.4502409e-03  -6.9608795e-03   5.5000005e-04   1.2298226e-04  -2.8253085e-05
   1.2765652e-04   6.3969915e-03  -1.6621623e-02   9.4038170e-05   1.7936815e-04   1.9218812e-05
  -5.0183984e-04   9.4478427e-03   5.5041147e-03   5.2538092e-04   2.9651392e-05  -9.9158339e-05
  -5.0494832e-03   4.8480850e-03  -1.2590414e-02  -4.2444508e-04   2.2717999e-04  -4.5078148e-05
  -6.3217121e-03   2.2401300e-03  -3.1109133e-03   6.7962929e-04   1.2349379e-04  -6.1825975e-05
  -4.2487109e-03  -9.2308379e-05  -1.1022854e-02   3.1905879e-04   3.6626140e-05   2.8439407e-05
  -7.6755632e-03  -4.7701529e-03   2.9257949e-03  -8.4968338e-05   8.3679684e-05  -3.0005183e-05
  -9.7321291e-03   3.7972613e-04  -1.1660481e-02   2.9141167e-04   1.4002685e-07   6.8401048e-05
  -6.2268878e-03  -3.3765170e-02  -5.8813233e-03   9.0162827e-04   1.9605603e-04  -2.8031129e-04
  -5.8406953e-03   1.9140296e-03  -2.0890664e-02   2.5841262e-04  -2.9461978e-05   3.9155871e-05
  -9.0879551e-03   1.0192436e-02  -1.5497299e-02   5.3735828e-04   1.0154469e-04  -3.6590233e-05
  -1.8072842e-03   1.0281481e-02  -1.4780090e-02   2.5574930e-04  -8.4620565e-06   1.2754874e-04
  -3.8318986e-03   1.0413275e-02  -2.4173897e-02   9.9610340e-04   3.4922269e-05   2.3691647e-05
  -8.8047925e-04   7.7948441e-03  -1.8498303e-02   7.6683122e-04  -1.2171937e-04   1.3790180e-04
  -6.6820550e-03   1.6361844e-02  -1.3352871e-02   7.2994923e-04   2.7127069e-05  -1.4702905e-05
  -5.4092341e-03   1.6327859e-02  -2.1399471e-02   4.8247320e-05  -8.8470508e-05   7.3614370e-05
  -3.7013518e-03   1.4694811e-04   4.5730052e-03   1.1881390e-04  -2.1870225e-04  -1.5896090e-04
   4.8144455e-04   2.1900502e-02  -1.3751051e-02   3.9658820e-04  -4.1276220e-05   9.7855178e-05
  -2.8579929e-03   2.4698086e-02  -1.4305660e-02   6.1056016e-04   1.4244389e-04   4.5771543e-05
   3.8583330e-03   2.2214522e-02  -2.2432735e-02   5.4446400e-04  -1.9039484e-04   1.0617043e-04
   1.3297646e-03   2.1032000e-02  -2.6258787e-03   4.6340118e-04  -9.5163430e-05   2.1283336e-04
  -3.3902430e-03   2.1683572e-02  -1.5537885e-02   6.3039128e-04   3.6452661e-05  -2.1414110e-05
  -4.6333786e-03   2.2573240e-02  -1.5000137e-02   4.5718996e-04   2.6100044e-05   1.0997490e-04
  -3.6357632e-03   1.2773015e-02  -1.9410140e-02   1.3891390e-03   4.5348189e-05   1.3218396e-04
  -4.0418309e-03   1.4877062e-02  -1.4934382e-02   4.7692015e-04   8.9330889e-05   1.4851889e-04
  -9.8066126e-03   2.6604245e-03  -1.0960539e-02  -4.7408485e-04   1.4454440e-04  -5.5480277e-05
  -3.2092756e-03   6.5290382e-03  -1.6646601e-02   3.7202736e-04  -7.1940015e-05   2.6819685e-05
  -5.2445887e-03   3.8162635e-03  -1.2007133e-02   6.8730593e-04   5.6062516e-05  -1.4469348e-05
  -3.4611191e-03  -1.5229533e-03  -8.0508420e-03  -2.7097869e-04  -1.5318739e-04   1.0059163e-04
   2.3423689e-03  -8.1692868e-03  -2.0039757e-02   1.6834931e-03  -3.4288345e-04   2.0545184e-04
   1.4631050e-03   1.3648285e-02  -1.6135269e-02   4.4529541e-04  -1.9803444e-04   1.7455372e-04
  -5.2760673e-03   2.3489053e-02  -1.6709037e-02   6.7027129e-04   5.0755939e-05   1.2450465e-04
  -3.7441663e-04   2.6140763e-02  -1.9513425e-02   6.7219491e-04  -1.0550505e-04   1.0613083e-04
  -2.5733743e-03   2.4135915e-02  -2.4441785e-02   4.0614658e-04   7.8955224e-05   1.3964118e-04
   3.2339207e-03   1.0149852e-02  -2.3814583e-02  -4.8710681e-04  -1.5302628e-05  -2.2478905e-05
   2.6150453e-03   2.1176361e-02  -2.1127620e-02   5.8174911e-04   3.5752834e-05   1.7219108e-04
  -4.0229280e-03   2.1076658e-02  -2.0998073e-02   7.5268443e-04   1.0134390e-04   6.2795256e-05
  -2.6610112e-03   1.1176303e-02  -1.6246113e-02   3.8823699e-05   4.6109360e-05   1.2050284e-04
  -9.0251989e-04  -7.5063633e-03  -1.9389008e-02   1.5519475e-03  -3.7461300e-05   2.1434374e-04
   1.5332080e-03  -1.3247829e-03  -1.4566024e-02   5.4489844e-04  -9.7385344e-05   2.1537124e-04
   4.1717215e-03   1.1133575e-02  -2.0324049e-02   9.2145312e-04  -7.6038907e-05   3.8483166e-04
   2.3594193e-03   1.5322628e-02  -1.4836544e-02  -8.0151188e-04  -3.2044274e-05   7.6233324e-05
   1.0319307e-03   2.2699846e-02  -2.1319868e-02   8.4956374e-04   8.6530757e-05   1.6082778e-04
  -1.6603090e-03   1.7726224e-02  -2.1168872e-02   7.6410303e-04  -3.3819425e-05   9.9664173e-05
  -4.0671966e-03   3.6959954e-03  -9.6806709e-03  -5.8180318e-04  -1.1772006e-04   3.9967616e-05
   9.5582165e-05  -2.0752561e-02  -4.2112827e-03   3.0608121e-04  -3.0408912e-04   1.5380961e-04
  -4.0580650e-03   1.2135002e-02  -2.0157253e-02   4.9074559e-04  -2.9896905e-05   9.5231269e-05
   1.4137048e-03   6.1699634e-03  -2.6508034e-02   8.6239081e-04  -1.3238588e-04   2.3096537e-04
  -9.1672570e-03  -1.4480676e-02  -1.1072334e-02   5.8544830e-04   1.3047029e-04   2.6490800e-04
  -3.8337704e-03   1.8367297e-02  -1.0059601e-02   2.2602123e-04   3.2880900e-05   3.1437027e-05
  -5.4616429e-03   1.5516807e-02  -2.9863163e-02   6.5380302e-04  -6.4083319e-05   1.6787254e-04
  -5.6932883e-03   4.0341088e-03  -2.7830299e-03   7.8828782e-04   3.1790786e-05   4.7756822e-05
   2.7350729e-03  -1.4306101e-02  -1.2835184e-02   1.2545417e-03  -4.7515935e-05   1.8124710e-04
  -1.3679171e-03  -1.6356316e-02  -1.0716262e-02   5.8802003e-04   2.2739376e-05  -1.5247292e-04
   1.0616616e-03   1.0677061e-02  -2.4818156e-02   2.6614130e-04   4.9058376e-05   8.4831931e-05
  -3.2689739e-04   1.2681086e-02  -2.5479418e-02   3.7487019e-04   1.0782543e-04   1.5696806e-04
   4.4296411e-03   1.1679652e-02  -2.0458332e-02   3.0467876e-04   4.5294992e-05   1.9999500e-04
   3.7934523e-03  -1.0215853e-02  -1.5304287e-02   3.3048417e-04  -5.0479930e-05   5.1266411e-05
   1.1078291e-03   3.4780135e-03   2.3805638e-04   7.3641883e-04   1.4345766e-04   1.1294979e-05
   6.5764338e-03   8.6077671e-03  -2.1728990e-02   1.9822061e-04   8.4319875e-05   1.4131412e-04
   3.7447155e-03   2.8432683e-03  -1.2486105e-02   5.9427742e-04   8.6471159e-05   2.0777668e-05
   1.0096922e-02  -3.8874930e-03  -1.8949707e-02   2.3074997e-04  -5.2407895e-05   3.7024255e-04
   6.4278124e-03  -2.8219079e-02   4.8737158e-03   6.9631592e-04  -1.3596902e-04  -8.6010364e-07
   4.2474404e-03  -9.1931022e-04  -2.1499738e-02   3.4106298e-04   3.1701945e-05   8.2311116e-05
  -1.1514766e-03   8.6193823e-03  -2.7277008e-02   3.4497484e-04   1.8083603e-04   1.0306507e-04
   8.4502164e-04   8.3111861e-03  -1.2587454e-02   2.4776955e-04   1.9292934e-04   1.9684882e-07
   6.8078731e-03   3.7914059e-03  -1.7214642e-02   6.5066423e-04  -5.3783488e-05   3.6312262e-04
  -4.8353140e-04   4.6628135e-03  -2.1162447e-02   1.4843875e-04   1.4270434e-04  -7.8138111e-05
  -4.1729777e-04   2.1946071e-03  -1.0606557e-02  -6.0449846e-04  -1.1638759e-05  -1.2012047e-04
  -4.7834424e-03  -6.3920325e-03   5.1469732e-03   1.4567541e-03  -6.3381599e-05  -2.4508089e-05
  -8.6002253e-04  -1.4525786e-03  -5.2043075e-03   5.2423948e-04   1.3651448e-05   8.4008001e-05
   4.5901599e-03  -1.3121019e-02   1.5452030e-02   4.0757785e-04  -1.7176039e-04  -3.4113860e-05
  -2.3835817e-03  -2.3108556e-03  -8.0094880e-03   2.5575519e-04   6.6174929e-05   2.0898777e-05
   2.2687914e-03  -1.0348320e-02  -2.4180968e-02  -1.3759223e-04  -8.6575878e-05   2.0016241e-04
   2.9614499e-03  -1.0375568e-02  -3.2278161e-02   1.6635670e-04  -1.0750947e-04   2.8851346e-04
   6.0498475e-03   4.2783100e-03  -4.2659900e-02  -1.3125921e-04  -2.9368382e-04   2.8865890e-04
  -3.9226801e-03   1.1917187e-02  -3.3072904e-02   1.2918157e-03   1.7085682e-04  -4.3871883e-06
   6.1289021e-03   2.1402852e-02  -1.3507513e-02   1.9053768e-04  -8.8009184e-05   5.0135688e-05
   7.3898579e-03  -7.9679779e-04  -1.6881855e-02   4.5973854e-04  -8.0888401e-05   1.8193646e-04
   4.7308041e-03   2.8069392e-03  -7.9770316e-03   4.5745075e-04  -9.8854823e-05  -5.9675130e-05
   1.1176339e-04   5.1976837e-03  -1.7565916e-02   5.9258750e-04   4.0049669e-05   5.2052899e-05
  -1.3647764e-03  -7.4983899e-04  -4.0901907e-03   3.9042021e-04   1.1206150e-04   1.4984949e-04
   3.7302571e-03  -3.2728434e-02   8.8992975e-03   4.1803123e-04  -7.9068895e-05   4.3565500e-04
   7.6778531e-03  -3.2660597e-02   2.8043659e-02   3.9712806e-04  -1.6078753e-04   3.0171142e-04
   9.9719119e-03  -2.1609360e-02   1.3794273e-02   5.5146218e-04  -3.1075724e-04   3.9946445e-04
   9.4090814e-03  -1.2164857e-02  -8.8704969e-03   2.6551007e-05  -1.4093040e-04   1.7920168e-04
  -2.1789320e-04   7.1266276e-03  -1.7839239e-02   3.2290270e-04   2.1231692e-04  -2.4125354e-05
   2.4459777e-03   1.8888820e-02  -2.6019744e-02  -2.9045392e-04  -7.5243000e-06   6.6178117e-05
  -2.8238201e-03   1.7500730e-02  -1.0079237e-02   7.0311966e-04   1.3389507e-04  -5.0997414e-05
   1.8228970e-03   2.1032681e-03  -1.5371807e-02   2.8516232e-04   3.2807039e-05   5.8351278e-05
  -4.2719509e-04  -1.9264413e-02  -5.9474763e-03   7.3614032e-04  -1.3874366e-05  -1.4386808e-04
   5.8431752e-03  -9.7109275e-03  -2.8526191e-02   1.1013606e-04  -1.8704301e-04   2.8212881e-04
   7.4276558e-03  -1.0631039e-04  -3.7460259e-02   4.3825431e-04   1.5630293e-04   5.8552593e-05
   5.3497258e-03   8.5269309e-03  -5.2827665e-02   8.6180330e-04   1.0445238e-05   1.9332921e-04
  -9.9421297e-04   2.3798607e-02  -3.6552942e-02   2.0041947e-04   5.9870645e-05  -4.5241353e-05
   4.4993072e-05   1.5006169e-02  -2.0199597e-02   1.0210535e-04   3.8819055e-05   1.2941952e-04
  -4.8336539e-03  -2.2057539e-02  -2.2531173e-02   1.9916614e-03   1.6361131e-04   1.1586764e-04
  -9.4211885e-04   2.0826039e-02  -2.3023636e-02  -3.6746403e-04   1.5284563e-05   3.5203281e-05
   3.1848807e-03   6.0173584e-03  -9.0257753e-03   1.4939114e-03  -5.8479436e-05   8.2179217e-05
  -4.6911942e-03  -3.5023491e-03   6.0396525e-04   7.5861233e-04   1.5783005e-04   8.0356331e-05
   1.8784566e-03  -1.3051846e-02   1.4710918e-02   8.0089447e-04  -4.1415290e-05   8.4135330e-05
   6.5766499e-03  -3.7543918e-02   1.6319733e-02   6.1744837e-04  -1.7156583e-04   7.5311402e-05
   1.0367596e-02  -1.6956774e-02  -4.1226081e-03   1.2293740e-04  -3.0398847e-04   4.5142601e-04
   5.5524900e-03  -1.3169205e-02  -9.1767143e-03  -1.5774376e-05  -1.9679207e-04   2.9016201e-04
   6.9572763e-03  -1.4847911e-02  -2.6146753e-02  -3.0764642e-04   2.6735544e-06   1.5254823e-04
   6.8689546e-03   6.8558990e-03  -4.9215390e-02  -2.0394301e-04   6.2789940e-05   2.6346401e-04
   7.5461279e-03   4.2954391e-02  -6.7087362e-02  -1.5328583e-04   1.2768877e-04   6.6611767e-05
   4.2003474e-03   3.8245201e-02  -4.1380181e-02   6.9649545e-04   2.6597802e-04  -2.3345600e-04
   6.8405564e-03   1.1319072e-02  -2.0098258e-02  -3.3788525e-04   1.3026928e-04   9.2931536e-05
   4.9858798e-03   8.8687349e-03  -1.3376996e-02   5.7703427e-04   3.6925513e-05   1.9016191e-04
   6.7315148e-03  -2.1097120e-02   6.3752390e-03   7.5667155e-04  -1.0744106e-04   1.9857215e-04
   5.7193791e-03  -4.8023781e-03  -5.6112119e-03  -4.5934269e-04  -1.2685305e-05   1.9764404e-04
   5.8959234e-04   5.9195192e-03  -3.7559537e-03   4.0720107e-04   1.4930113e-04   6.1067732e-05
   4.5434226e-03  -8.7460864e-03  -4.6709463e-03   2.7651769e-04  -7.9428704e-05   2.7994192e-04
   4.0948171e-03  -2.7952213e-02   9.1953650e-03   4.0743773e-04  -1.2740945e-04   5.0282080e-06
   1.0629907e-02  -1.7886493e-02  -1.4241091e-03   1.4713736e-04  -2.8702928e-04   3.2123317e-04
   8.4026576e-03  -5.6539924e-03  -8.5702936e-03   4.5242008e-04  -6.5743704e-05   3.4864360e-04
   8.7565326e-03  -2.7068465e-03  -1.7520594e-02  -1.3716525e-05  -5.5995503e-05   2.9030043e-04
   5.5756278e-03  -1.9539041e-02  -2.1000451e-02  -1.0648963e-04   5.9148929e-05   1.2334198e-04
   4.1846883e-03  -1.4855182e-02  -2.7594483e-02  -2.3877304e-04   8.2070994e-07  -2.0100743e-04
   6.1417167e-03   2.9291547e-03  -2.7569044e-02  -8.7527648e-05   3.1973108e-05   3.0654102e-04
   1.7884185e-02  -4.8921078e-03  -3.8671918e-02  -3.2984802e-04  -3.6847946e-04   6.5442379e-04
   7.7971860e-03   3.6028230e-03  -3.0161981e-02   1.1242885e-05   4.1702405e-05   2.6598961e-04
   5.1229563e-03   2.6021055e-02  -5.6750120e-02  -3.4332055e-04   1.8028492e-04   7.8800995e-05
   1.0579647e-03   3.2332726e-02  -5.9065046e-02   7.4638104e-04   1.9193814e-04   7.9183224e-05
   5.4065974e-03   4.8506123e-02  -5.1015945e-02   1.5051558e-04  -5.7679145e-05   1.5224036e-04
   3.5862780e-03   3.0774649e-02  -2.6362603e-02   7.3200206e-04  -2.8237810e-06   1.6712186e-04
   6.2056248e-03   7.3733900e-03   6.9017286e-04   1.1344808e-03   5.7141039e-05   9.0723304e-05
   7.5032506e-03   8.9001686e-03   5.0528440e-03   9.5998212e-04  -1.1588921e-04   2.0206139e-04
   3.0150770e-03  -2.7991970e-02   4.7307295e-02   1.2895184e-03  -5.2906505e-05  -1.9649060e-04
   5.8255071e-03  -2.6398771e-02   1.5861455e-02   5.1028251e-04  -9.8858772e-05   2.4373149e-04
   1.6596099e-02  -2.7266410e-02   3.0869055e-02   3.6524067e-04  -3.5217545e-04   5.5696308e-04
   1.3494796e-02  -1.3899327e-02  -3.2499705e-03  -2.3431954e-04  -1.7114832e-04   4.5083429e-04
   1.8212449e-02  -1.1703898e-02   1.0856413e-03  -2.7825849e-04  -2.6928837e-04   2.7243566e-04
   1.0184334e-02  -1.6771999e-03  -1.9242768e-02  -2.2551281e-04  -3.6637407e-05   1.8732323e-04
   9.3854184e-03  -4.7498689e-03  -2.5912599e-02  -5.2731316e-04  -4.1573214e-05  -1.0258504e-04
  -4.4433931e-03   1.7327102e-02  -4.7341112e-02   1.7080596e-04   3.0044328e-04  -1.1854751e-04
   3.7535509e-03   4.3321542e-02  -5.1660577e-02  -9.5275693e-05  -3.0890765e-05   1.5583654e-04
   6.0054629e-04   6.2975478e-02  -6.9380344e-02   3.3453126e-04   1.9217813e-04  -5.4450871e-05
   2.5919528e-03   8.1824323e-03  -2.0094853e-02   1.1017724e-03   1.2859584e-04   2.8310606e-04
  -1.4582529e-03  -6.9000542e-03   8.9957998e-03   1.0957266e-03   1.9759556e-04  -1.5161101e-04
  -2.7303342e-03  -5.8141596e-04  -2.9753308e-04   1.0661023e-03   1.5652815e-04   1.4531103e-04
   3.0262485e-03   5.5922752e-03   1.4676227e-02   6.1321911e-04  -6.8843762e-05   2.3375452e-04
  -7.8113439e-04  -1.4159114e-02   9.4472774e-03   6.9427407e-04   1.8888501e-04   1.0602303e-04
   1.7500821e-02  -7.1148022e-03   1.6113428e-02   2.4564979e-04  -5.8299886e-04   6.8297374e-04
   3.2780893e-03   1.6305095e-04   5.6509260e-03   1.2392399e-03   1.7549617e-04   1.6565862e-04
   5.6236593e-04  -4.6374129e-03   4.8212080e-03   9.9169149e-04   1.7263291e-04  -1.4026813e-04
   5.4651989e-03  -1.9979853e-02   3.4004360e-03   7.8321533e-04   3.2827295e-06  -2.6496229e-05
   2.1483083e-03  -1.1305796e-02  -6.1200890e-03   3.8950837e-04   8.1444433e-05  -3.9295003e-05
   6.1717102e-03  -1.4339392e-02  -1.9877731e-02  -6.8367718e-05  -3.7281920e-06   3.1250560e-04
   1.4373787e-02  -8.6927817e-03  -3.2294109e-02  -3.6332622e-04  -1.0497232e-04   2.5139463e-04
   1.3854031e-03   3.0958209e-02  -5.8757223e-02   4.9653910e-04   3.1917119e-04   1.1103562e-04
   6.7502542e-03   3.3806929e-02  -3.9405672e-02   1.9139912e-04   2.9947521e-05   1.7400111e-04
   7.4460532e-03  -6.4496500e-03  -1.5351440e-02   7.7888288e-04  -4.2924990e-05   2.3195285e-04
   4.8680237e-03  -6.2680831e-03   2.7693860e-03   8.6603317e-04  -2.2529542e-04   1.4108942e-04
  -2.3278115e-04   3.3797969e-03  -2.3218460e-02   4.7531341e-04  -7.4862400e-05   3.6991555e-04
   5.9513810e-03  -9.3678686e-03  -1.6675158e-02   6.3442238e-05  -1.1007556e-04   5.5282517e-05
   4.0341745e-03  -7.9028219e-03  -3.7704159e-02   1.1663503e-04   9.8309739e-05   5.5200296e-05
   1.2038159e-02  -2.8590019e-03  -2.3278699e-02  -4.2902497e-04  -9.0745035e-05   1.8256974e-04
   1.2276141e-03   3.7896914e-02  -4.8399691e-02   6.2333072e-04   2.7813945e-04   9.8132355e-05
   9.8010963e-03   1.5458386e-02  -1.4290397e-02   7.3133833e-04  -1.7177937e-04   1.5402973e-04
   5.2977117e-03   1.0346669e-02  -4.7688966e-03   8.7484446e-04  -2.3550651e-05   5.8274822e-05
   4.8074433e-03   3.7230330e-03   2.8437956e-02   1.7002386e-03  -9.0474086e-05   1.5020769e-04
   2.0665557e-03  -1.6390453e-03  -8.8966127e-03  -1.8586001e-04   1.4870297e-04   7.9383712e-05
  -9.8550260e-04   1.0983999e-03  -1.7742302e-02   6.8036948e-04   2.4676603e-04   8.8650236e-05
   5.6030264e-03  -4.4695295e-03  -4.1721061e-03  -1.6487162e-04   2.0481179e-05   1.0595866e-04
   3.0332603e-03  -2.1236033e-02   1.9810785e-02   1.7017661e-04   1.7098317e-04   6.9536934e-05
   1.1120757e-02  -3.0127597e-02   9.6110744e-03   1.3047596e-03  -1.7906119e-05   1.3836573e-04
   8.4693417e-03  -1.1378347e-02  -4.4228506e-03   6.7411503e-05   2.7129497e-04   9.1671125e-05
   2.1023460e-03  -1.3536066e-02   3.7136906e-03   2.5453476e-04   3.4446260e-04  -2.7156936e-05
   6.4684188e-03  -4.0690878e-03  -1.2682625e-04   3.1759562e-04   2.8107465e-04   1.9238793e-04
   4.9317819e-03  -1.4434191e-03  -1.0891163e-02   3.9439176e-04   3.7618585e-04   4.5948160e-05
   9.6934693e-03  -3.4249424e-03  -1.6653638e-02  -1.7953700e-04   1.8970702e-04   1.1104126e-04
   5.9128610e-03  -3.1555774e-03  -6.7645777e-03   5.3254763e-04   3.4242275e-04   7.8905426e-05
   9.0868434e-03  -2.9442877e-03  -1.8201250e-02  -3.8303640e-04   1.4842904e-04   1.8238097e-04
   1.5305600e-03  -6.3119873e-03  -1.0932556e-02  -3.1650212e-04   3.7477757e-04   5.3605475e-05
   2.2838533e-03  -1.1664571e-02  -8.1377000e-03  -6.5432304e-04   2.4177711e-04  -5.3852587e-06
   6.7474344e-03  -2.4132408e-04  -2.8369679e-02  -1.7050018e-04   2.5487005e-04   6.4271981e-05
   6.3083003e-03  -1.0627668e-02  -2.3515063e-02   9.6347005e-04   4.6883401e-04  -4.2358797e-05
   1.0957819e-02   5.5969524e-03  -2.3294653e-02  -4.1197120e-04   2.3469171e-04   9.1607802e-06
   2.3112262e-03   2.9383428e-04  -3.2351493e-02   3.6879822e-04   3.5623183e-04   9.4949505e-05
   4.1442835e-03  -3.3088731e-03  -2.8620279e-02  -8.2596917e-04   3.1669765e-04   1.4420863e-04
   5.9764929e-03   3.0663435e-03  -1.5119737e-02  -5.7744232e-05   2.0911886e-04   2.7006443e-04
   6.5218963e-03  -2.4201157e-04  -1.6054915e-02   5.0148009e-04   2.7699161e-04   1.9758738e-04
   1.5666005e-02  -2.0778301e-02  -1.7939872e-02   3.3039460e-04   1.3530375e-04   2.2059133e-04
   1.4427252e-02  -1.7998103e-02  -3.5816967e-03   3.5052561e-04   6.3344136e-06   1.4524182e-04
   1.1496831e-02   3.2248998e-03  -3.2410410e-02  -4.0663228e-04   2.0816413e-04   2.4423993e-04
   8.1433397e-03   6.6509758e-03  -4.4746394e-02  -8.6522582e-05   3.7150760e-04   2.3121613e-04
   1.0601122e-02   1.5524345e-02  -4.1897850e-02  -7.3480437e-04   2.8514253e-04   1.4975752e-04
   8.6752654e-03   1.7295207e-02  -3.9004907e-02  -6.5055715e-05   3.1539631e-04   2.2293776e-04
   1.4756998e-02  -2.2482386e-02  -2.1876833e-03   4.3329978e-04  -1.3093205e-04   2.6705145e-04
   6.2106357e-03  -2.0105539e-02  -2.8058152e-02   1.1053245e-04   4.3322070e-05   1.6149143e-04
   6.9491362e-03   5.0893537e-03  -3.3336935e-02   1.3238609e-04   6.1476562e-05   2.7755721e-04
   6.8661240e-03   1.9719033e-02  -3.8413039e-02  -1.3083622e-04   1.6265186e-04   1.0868577e-04
   2.1543870e-03   2.3317661e-02  -3.0724017e-02   1.1359673e-04   8.4829425e-05   2.0722978e-04
   2.7999111e-03   2.1721294e-02  -7.1556252e-03  -1.7643275e-04   6.4767301e-05   1.7554590e-04
