   0.0000000e+00   0.0000000e+00   0.0000000e+00   0.0000000e+00   0.0000000e+00   0.0000000e+00
  -1.1902620e-03  -1.5601075e-02  -2.4659415e-03  -4.3069927e-05  -1.8721659e-05  -2.2708302e-05
  -4.6462984e-03  -2.5463934e-02  -7.1812295e-04  -2.3470705e-05   1.2866186e-04  -7.7938622e-05
   3.2653470e-03  -1.1893792e-02   1.9552789e-03  -2.6212974e-04  -7.7222523e-06  -1.6042286e-04
   7.0329751e-03  -2.3978730e-02   2.5743633e-03   5.8139662e-05  -1.5353821e-04  -6.9881103e-05
   3.0321012e-03   4.1219939e-03   6.9390471e-04  -3.2370308e-04  -5.6107983e-05  -6.7903141e-05
   4.1544513e-03   1.0519169e-02  -3.0842344e-03  -2.4174092e-04  -1.3427638e-04   3.3689179e-06
   2.7349483e-03   3.0194123e-03  -1.1008293e-02   2.1586737e-05  -6.2345049e-05  -2.6388842e-05
   2.2622441e-03   8.5329956e-03  -1.5465005e-02   9.9842265e-05  -4.9072991e-06  -1.7794634e-05
   2.2030038e-03   3.9022699e-02  -2.2888232e-02  -5.2890358e-05   3.7753794e-05  -3.0223234e-05
   2.9444366e-03   1.6112467e-02  -4.3715196e-02   1.1493455e-04  -1.7649845e-05  -1.3949228e-04
  -7.3352497e-04   6.6780283e-03  -2.2509584e-02  -9.2077257e-06  -3.4911530e-05  -1.5213689e-04
   4.0035118e-03  -1.8046575e-02  -8.6129274e-03   5.5420577e-05  -8.8019270e-05   1.5467800e-05
  -6.0049715e-04  -9.1654050e-03  -3.0148035e-03  -1.6769584e-04   4.5686067e-05  -8.8480980e-05
   4.6497011e-03  -1.2411438e-02   6.4984003e-03  -2.9701633e-05  -2.8948991e-07  -6.0694668e-05
   1.9672444e-03  -1.5157650e-02   1.6077101e-03  -4.2182017e-05   2.1158479e-05  -5.4289492e-05
   3.3684741e-03  -1.7133462e-02  -9.1866557e-04   1.3624536e-04  -1.7490655e-05   1.2114098e-05
  -1.9975427e-03  -1.5271986e-02  -1.8421050e-03  -5.8923078e-05   4.5562726e-05   3.4074726e-05
  -5.1537096e-03   9.4505009e-04  -6.9622515e-03  -9.6004094e-05   1.1911590e-04  -7.6786814e-06
  -6.8269661e-03  -2.7012730e-02  -6.3456977e-03   1.1199682e-05   2.0799929e-04  -1.7724809e-04
  -8.5312065e-03  -4.6731316e-02  -1.3464177e-03   5.6560080e-04   1.5817684e-04  -8.6889238e-05
   2.5650409e-03  -4.2185458e-03  -1.1752939e-02   7.4896250e-05  -8.0761355e-05  -7.1591850e-05
   1.4679464e-03  -1.7349812e-02  -5.0141849e-03   5.4419896e-06  -9.4574332e-05  -2.0271916e-05
  -1.7248947e-03  -5.7970813e-03  -9.2555720e-03  -2.9553678e-04   8.3456395e-05  -6.5963108e-05
   1.3392589e-03  -7.7215118e-03  -5.2506867e-03  -1.3783928e-04   1.5975438e-04  -2.2223113e-05
   2.9918930e-03  -1.5965725e-02  -1.5115503e-03  -6.3856345e-05   5.1536636e-05  -7.9896410e-05
   1.0641160e-03  -1.0888385e-02   6.9239515e-03  -2.2684428e-04   8.1847340e-05  -4.2997831e-05
   2.3909065e-03  -5.6595395e-03   6.2328034e-03  -3.3446898e-04   4.3890318e-05  -4.1945156e-05
  -1.4593824e-03  -7.6525340e-03  -4.9389112e-03  -3.7506657e-04   1.2363683e-04  -5.4064046e-05
   3.2678725e-04  -1.4761179e-04  -1.4811312e-02  -3.1522757e-04   1.1942968e-04  -1.5047411e-04
   3.3408870e-03   5.2019126e-03  -8.4213670e-03  -3.3276017e-04  -2.7186335e-05  -5.5858852e-05
   3.6955323e-03  -5.0475878e-03  -2.6662278e-03  -3.7818648e-04  -9.0698529e-05  -3.4157997e-05
  -1.5579620e-03  -1.0258031e-02  -5.4731990e-03  -3.1599343e-04   1.4054015e-04  -7.5688337e-05
  -2.0041227e-03   4.9017042e-04  -2.1025745e-03  -4.5583402e-04   2.1132430e-04  -2.7346238e-06
   2.0558581e-03  -2.7987211e-03   2.8727309e-04  -5.0758899e-04   8.2572745e-05   1.9790192e-05
   1.4942928e-03  -2.2907051e-02   7.3089796e-04  -1.2521885e-04   3.8187923e-05   1.1651872e-05
   1.0091178e-03  -1.5200256e-02  -9.9908543e-03  -1.2530859e-04   3.1741642e-05  -4.3623008e-05
  -4.5937859e-03  -2.0069194e-03  -1.4867241e-02  -3.0488940e-04   1.2335807e-05  -4.4259843e-05
  -6.4505341e-03  -1.3819228e-02  -1.0316532e-02  -2.3447737e-04   3.0839612e-05  -1.7154016e-04
  -2.3491281e-03   6.7943763e-03  -1.1807716e-02  -5.8564111e-04   7.5164119e-06  -3.7289897e-06
   6.1073170e-03   8.1661533e-03  -3.8356874e-03  -1.8850822e-04  -1.0268941e-04  -1.2305087e-04
   3.8759134e-03  -7.8679367e-04  -2.5810415e-03  -1.8152616e-04  -1.2009019e-04  -7.2397465e-05
   7.4744906e-03  -2.9028034e-02   2.3005270e-04  -4.2768481e-05  -1.3162212e-04  -2.6949408e-05
  -3.9257800e-03  -3.7466211e-02  -5.6499468e-03   8.7741936e-04   6.8928650e-05  -1.0448484e-04
   2.4085329e-03  -1.6758865e-02   1.9254752e-03   4.7185213e-05  -8.7136363e-05  -8.5481155e-05
   7.1259048e-03  -3.6647575e-02   1.2127711e-02  -4.9248563e-05  -1.9283610e-04  -5.7115117e-05
  -2.6010734e-03  -5.0721849e-03   5.6304012e-03  -3.4236962e-04   2.9666460e-05   7.4409242e-06
   3.8299611e-03  -1.4243767e-03   9.5285000e-03  -3.6019760e-04  -3.5774014e-05   1.1069434e-06
   7.6509300e-03  -2.9556638e-02   1.9755641e-02  -2.9996085e-04  -1.0779874e-04  -1.0667170e-04
   7.1542070e-03  -7.5989864e-03   8.3753679e-05  -2.4422319e-04  -1.5138334e-04  -5.9327968e-05
   8.3203764e-03  -2.9496870e-03  -1.2368926e-02  -2.1943533e-04  -1.9011718e-04  -4.0595839e-05
   1.0697492e-02  -6.5789924e-03  -2.0297632e-02  -1.8099109e-04  -2.2670167e-04  -3.4110008e-05
   1.2963602e-02  -2.3836449e-02  -1.0675151e-02  -7.5572536e-05  -3.3499654e-04  -5.6048416e-05
   1.4602877e-02  -1.0988604e-02  -9.9581769e-03  -1.2148896e-04  -3.5479704e-04  -4.3721494e-05
   1.0899397e-02  -1.6897976e-02  -8.3131624e-03  -1.7445461e-04  -2.5236080e-04   1.2003391e-05
   9.6377578e-03  -6.8365327e-03   1.3441613e-05  -2.8016214e-04  -2.2235266e-04  -2.4728235e-05
   9.8375218e-03  -1.3338225e-02   9.1354177e-03  -1.3532248e-04  -2.5358781e-04   4.8847281e-06
   9.2150520e-03  -1.0837869e-02   1.0326714e-02  -2.4680992e-04  -1.6397469e-04  -5.8371400e-06
   6.3851774e-03  -1.0975685e-03   3.8178744e-03  -3.8070572e-04  -7.2306644e-05  -6.0255653e-05
   1.2638943e-02  -1.4544140e-02   1.1744135e-02  -1.1991813e-04  -2.5655721e-04  -1.0964959e-04
   7.5063243e-03  -1.4172489e-02   1.1100655e-03  -4.0914843e-04  -2.6974244e-04  -4.6984945e-05
   7.1808870e-03  -1.9346070e-02  -5.2754750e-04  -3.4229422e-04  -2.5914205e-04  -6.5384169e-05
   6.1208737e-03   4.8011972e-03  -1.2728611e-03  -6.0224168e-04  -1.3447197e-04   3.4993418e-05
   3.0496860e-03  -9.3535178e-03   3.9713445e-04  -3.9814030e-04  -1.1533728e-04  -3.5380418e-05
   7.7737085e-03  -1.0161757e-02  -1.1516318e-03  -3.7522328e-04  -2.3181808e-04  -1.8146547e-05
   2.7170949e-03  -2.7918335e-02   2.6074383e-03  -5.1516824e-04   5.8891660e-07  -7.9902011e-05
   7.6382727e-03  -3.5331261e-03  -8.2676036e-03  -4.3489650e-04  -1.1055029e-04   2.9939262e-05
   1.1196834e-02  -1.9668190e-03  -7.7894099e-03  -3.9163175e-04  -2.1000723e-04  -4.4309777e-05
   1.5254630e-02  -1.3992460e-02  -6.2998962e-03  -2.2024453e-04  -2.7999347e-04  -1.3444080e-05
   1.7366574e-02  -7.0979986e-03  -4.8564640e-03  -3.2360235e-04  -3.8665874e-04   7.2791804e-05
   1.1127974e-02  -3.3261129e-03  -7.6933038e-03  -3.1232458e-04  -2.8673555e-04   4.9153233e-06
   7.2963157e-03  -6.5701425e-03  -5.2669363e-03  -2.5271462e-04  -1.7463824e-04  -2.8376499e-05
   1.0439713e-02   3.2665034e-03  -8.0401079e-03  -4.8678637e-04  -2.3820527e-04  -5.3530398e-05
   1.1196830e-02  -7.8252024e-03  -6.4335963e-03  -6.6261815e-05  -2.0300545e-04  -1.3572585e-05
   1.0920765e-02   1.1210102e-02  -1.6954609e-02  -5.7860296e-04  -2.1066490e-04   1.8666413e-05
   1.3192092e-02   1.0244061e-02  -1.6673130e-02  -4.0392324e-04  -2.7270667e-04   2.5614679e-06
   5.4085237e-03   2.1372585e-03  -2.7877284e-02   4.5828722e-04  -5.8156673e-05   6.8557858e-05
   3.2163849e-03  -4.3888224e-03  -1.8101993e-02   2.0517516e-04  -4.1686088e-05  -8.3271004e-05
   7.4289199e-03   1.6357844e-02  -2.2040631e-02  -1.2544973e-04  -3.0507493e-04   7.9024999e-05
   4.5685396e-03   8.7375414e-03  -1.6520702e-02  -1.8001755e-04  -3.3817915e-04   1.0178878e-05
   2.2328930e-03  -6.3012753e-03  -4.5238257e-03  -2.7542121e-04  -2.3406033e-04  -1.4298466e-04
  -1.5710575e-03  -2.0068850e-02   1.1423376e-02  -6.0823661e-05  -6.0161602e-05  -1.6473864e-04
   8.0000845e-03  -2.8047542e-02   1.9068687e-02  -2.5492033e-04  -2.0379680e-04  -1.3271122e-04
  -7.3221806e-04  -2.9142734e-02   1.7113640e-02  -1.1070055e-04  -1.8097090e-05  -1.5627920e-04
  -3.8845936e-03  -2.5054629e-02   2.2184360e-02  -6.4731662e-04   2.9190061e-04  -3.9211220e-04
   2.6035041e-03  -3.3618065e-02   2.1931636e-02  -2.5111569e-04   1.7543632e-04  -3.4439874e-04
   6.7302841e-03  -3.1012862e-02   1.1352905e-02  -2.3732076e-04  -8.3216064e-05  -2.9756643e-04
   1.8758664e-03  -2.6875121e-02  -2.0672488e-03  -2.9594103e-04   1.1573693e-04  -2.9179730e-04
   2.5682111e-03  -4.3253629e-03  -1.4208780e-02  -4.9901695e-04   1.2277824e-04  -1.9776003e-04
   3.9964175e-03  -2.0782397e-02  -1.0439617e-02  -1.1533718e-04   8.2253045e-05  -1.7605312e-04
   3.8531568e-03  -1.2077934e-02  -8.0857798e-03  -2.8846836e-04   4.2163118e-05  -1.2667117e-04
   4.4614382e-05   3.5004686e-04  -6.6906210e-03  -7.3148480e-04  -5.9139712e-05  -8.1957408e-05
  -2.7843331e-04   1.3442575e-03   4.0183275e-04  -6.0133445e-04   1.2432992e-06  -1.3687456e-04
   5.3471877e-04  -8.7408709e-03   4.4805257e-03  -2.8397379e-04  -7.4828224e-05  -8.4292672e-05
  -4.9982356e-03  -9.0608607e-03   5.4076042e-03  -1.7164835e-04   1.1772602e-04  -1.9676780e-04
   1.4125434e-03  -1.8136034e-02   6.9079593e-03  -8.5792215e-05   2.7389148e-05  -1.7766582e-04
  -5.0955714e-04  -9.9677493e-03   1.4137782e-02  -1.5266195e-04   5.7648191e-06  -1.7409781e-04
   9.8692859e-04  -1.7949387e-02   1.8741913e-02  -2.4341132e-04   5.6673384e-05  -1.1191046e-04
   2.1961882e-03   9.7139980e-04   2.8602364e-02  -3.6696134e-04   1.9055814e-05  -2.3958936e-04
  -8.0658288e-04  -1.6869145e-02   2.6830939e-02  -1.5201174e-04   7.6994705e-05  -3.0331000e-04
   3.1224326e-04  -1.3050632e-02   1.2750153e-02  -2.5098901e-04  -3.7782412e-06  -1.3764973e-04
   4.4975459e-03  -9.0303826e-03   2.6721712e-03  -2.6911382e-04  -5.8411945e-05  -1.8483343e-04
   3.6660608e-03  -1.1629657e-02   1.1594598e-02  -2.5288453e-04   1.1692718e-05  -1.5212737e-04
   3.3666731e-03  -6.0459783e-03   2.3163695e-03  -3.6591527e-04  -3.2261761e-05   2.0609596e-07
   4.2772814e-03  -2.0139527e-02   1.0669686e-02  -3.6947748e-05   3.3749631e-05  -3.5184901e-04
   7.5494200e-03  -1.7163989e-02   1.1258360e-02  -2.0893170e-04  -9.0542651e-05  -2.4980673e-04
   1.2292369e-03  -3.0915802e-02   1.2646611e-02   7.7569534e-05   8.8122426e-05  -3.4631227e-04
  -8.3055461e-04  -1.3495403e-02   1.2484212e-02  -3.7262430e-04   8.3177929e-05  -3.4627068e-04
   9.9961382e-03  -2.4369392e-02   9.5963416e-03  -2.1094963e-04  -2.4995223e-04  -1.9634165e-04
   5.4345581e-03  -3.2838079e-03  -2.8738948e-03  -3.8223572e-04  -1.7580830e-04  -2.1418471e-04
   4.4974388e-03  -5.1151996e-03  -1.6236730e-02  -3.6966398e-04  -1.4332712e-04  -1.7252903e-04
   3.3366541e-03  -9.1456207e-03  -8.8636659e-03  -1.1799408e-04  -1.9215599e-05  -2.7006468e-04
   4.1799908e-03   5.9059630e-03   8.4963037e-03  -4.7481151e-04  -2.6438266e-05  -1.4255331e-04
   5.6369323e-03  -8.6307286e-03   9.1123116e-03  -1.9291138e-04  -2.6476603e-04  -9.3639225e-05
   7.8564949e-03  -4.2881228e-04   1.8263461e-02  -2.0751558e-04  -2.0238765e-04  -1.6387961e-04
   4.8750599e-03  -1.6553494e-02   1.3644282e-02   5.0504288e-04  -1.6171460e-04  -1.6608179e-04
  -2.1020578e-03   3.3880935e-04   1.0342628e-02  -1.8879841e-04   1.1184720e-04  -3.0538287e-04
  -1.5172298e-03   8.8431331e-03   1.2982679e-02  -4.6020030e-04   8.8891151e-05  -2.5716649e-04
   1.5951518e-03  -1.5849505e-03   1.4924347e-02  -2.2785012e-04   1.0394880e-05  -2.6574525e-04
   1.0710404e-03  -9.6404740e-03   2.3314067e-02  -1.4648898e-04   1.3526957e-05  -2.8718168e-04
   2.2562665e-05  -1.1015101e-02   2.2038389e-02  -1.8205030e-04  -3.2025817e-05  -2.9692800e-04
  -3.3405863e-03   2.4221541e-03   1.1689062e-02  -4.1995173e-04   6.6474202e-05  -2.1639384e-04
  -2.2773721e-03   6.9186897e-03   2.3502759e-03  -5.6476637e-04   3.8597733e-05  -1.3853027e-04
  -1.1526711e-03   6.9088272e-03  -5.9089543e-03  -3.1507344e-04   1.6133768e-04  -2.4074343e-04
  -2.4498037e-03  -1.4351098e-03   3.5606173e-05  -1.0791747e-04   1.8143007e-04  -1.5124524e-04
   2.2409516e-03  -1.9089720e-03  -1.8630566e-04  -3.8064626e-04   2.0797113e-05  -3.0183120e-04
   5.2649378e-03  -3.4972364e-02   1.3978444e-02   9.2224779e-05  -2.3555777e-05  -4.6642329e-04
   5.0970285e-03  -2.6790377e-02   1.7026509e-02  -7.2173338e-05   2.0406022e-05  -3.5559244e-04
   1.4186629e-03  -4.4183654e-03   2.3221872e-02  -5.9519819e-04   8.5685273e-05  -1.9041340e-04
  -2.7394284e-03  -1.0612818e-02   1.9971582e-02  -5.6687454e-04   3.1747049e-04  -4.5466254e-04
   3.7410041e-03  -8.2293984e-03   1.1237105e-02  -3.6431134e-04   4.7926016e-05  -3.3498148e-04
   4.3602344e-03   8.4747091e-04   1.8115497e-02  -2.9714270e-04   7.1548689e-05  -3.6768981e-04
  -2.3404952e-03  -2.1600870e-03   1.8125890e-02  -4.4078393e-04   1.3041599e-04  -3.4709852e-04
   2.1274124e-03  -5.6449139e-03   2.0669325e-02  -3.0467106e-04   1.6398309e-04  -2.9630524e-04
   9.8986759e-04  -1.0714613e-02   2.4197238e-02  -3.1525313e-04   2.7832937e-04  -3.3883965e-04
   1.5319332e-04   1.0923645e-02   1.5563846e-02  -6.1945591e-04   2.5108955e-04  -3.1314214e-04
   1.1471962e-02   7.1592978e-03   3.8060637e-03  -1.6000608e-04  -6.3068341e-06  -3.0302021e-04
  -6.5956326e-04   6.9446964e-03   3.9464594e-03  -4.7715646e-04   3.5207846e-04  -6.2218941e-04
   6.5836725e-03   3.9028124e-03   3.4268296e-03  -3.5452996e-04   2.1732863e-05  -3.6046197e-04
   1.9063915e-03  -1.7170592e-03   1.3546168e-02  -4.5768893e-04   4.8558780e-05  -2.2595124e-04
   1.2133508e-03   2.6395811e-03   1.6596139e-02  -5.3091814e-04   1.2121109e-04  -3.3606510e-04
   2.0273194e-03   5.4282090e-03   1.6345501e-02  -5.8169031e-04   1.6149503e-04  -4.6591688e-04
   6.6293588e-03  -3.6651449e-03   1.5172498e-02  -4.2753706e-04   9.7683181e-05  -4.4745836e-04
   2.4673384e-04  -1.7083624e-03   1.0898668e-02  -6.1003907e-04   3.3416317e-04  -4.6090769e-04
   2.3278808e-03   1.6848864e-02  -9.3488893e-04  -5.4047184e-04   3.4363624e-04  -3.9700541e-04
   2.6435580e-03   4.7827473e-03   1.0387343e-03  -2.9996856e-04   2.6372689e-04  -4.0176150e-04
   1.0342556e-02  -1.1665593e-03   9.3176860e-03  -1.5035975e-04   5.8100056e-05  -4.0271315e-04
   3.8578363e-03   1.4221042e-02   2.1584892e-03  -6.4243155e-04   1.8039416e-04  -3.3145872e-04
   2.2529173e-03   1.4879209e-02  -1.0206085e-03  -5.3498021e-04   2.5875764e-04  -4.1415123e-04
   1.2188457e-03  -7.2619646e-03   6.9879612e-03  -1.9307990e-04   3.0659532e-04  -5.5114458e-04
   2.1536619e-03  -4.0769242e-03   1.3787595e-02  -2.6311144e-04   2.5526062e-04  -5.3514248e-04
   3.3690576e-03   2.4791756e-03   1.4272355e-02  -6.2504400e-04   2.0449491e-04  -4.5481265e-04
   2.6030854e-03   4.6734982e-04   3.7249632e-03  -5.5176941e-04   2.0060696e-04  -4.6065604e-04
   3.3133932e-04   8.0148621e-03   2.8467646e-03  -6.0809391e-04   1.1777615e-04  -3.2784063e-04
   1.0164371e-03   2.7661955e-03   1.3539178e-02  -5.2185749e-04   2.0712970e-04  -3.7350081e-04
   4.8571778e-03  -5.4875895e-03   2.9562791e-02  -3.4803231e-04   1.0279011e-04  -4.7726604e-04
   5.3309898e-03  -2.6258500e-03   2.7741211e-02  -2.7402016e-04   1.6449606e-04  -5.4428073e-04
   7.3298610e-03   5.4518487e-03   1.9525905e-02  -1.9479960e-04   1.7626986e-04  -5.2632520e-04
   3.7352111e-03  -5.3340489e-03   2.3505721e-02  -3.1300358e-04   2.5256390e-04  -4.3526044e-04
   3.2340099e-03   5.5441940e-03   1.4899592e-02  -2.4300600e-04   1.8590934e-04  -3.5120916e-04
   3.3600608e-03   6.0719224e-03   9.4726262e-03  -2.7128712e-04   1.0948904e-04  -3.7748505e-04
   4.0722284e-03   2.0854540e-02   1.1461594e-02  -4.1291381e-04   1.4690737e-04  -5.1009221e-04
   3.4364326e-03  -5.3771935e-03   1.3886667e-02  -1.6317497e-04   2.3984713e-04  -4.5293068e-04
   4.4840249e-03  -9.8267741e-04   2.2012017e-02  -1.8021913e-04   1.1044838e-04  -4.5583855e-04
   3.4590371e-03   6.5311687e-03   1.9762070e-02  -2.1627527e-04   8.9867489e-05  -5.1248889e-04
  -2.8498903e-03   2.3413371e-03   2.0920111e-02  -2.1117206e-04   2.1074218e-04  -3.8806126e-04
   9.1879026e-03  -2.4381397e-03   2.6506589e-02  -3.0137674e-04  -6.6497682e-05  -4.0288865e-04
   5.3707873e-03   6.2727334e-03   1.7465086e-02  -4.1586555e-04  -5.5183776e-05  -3.4451321e-04
   7.3005714e-03   7.9623819e-03   1.5264551e-02  -2.7530170e-04  -4.5744679e-05  -4.5962133e-04
   8.5176943e-03  -7.1475263e-03   2.3854553e-02  -1.5240496e-04   3.2847527e-05  -4.9682112e-04
   1.0040226e-02   1.5923401e-03   2.8425044e-02  -4.7777253e-04  -1.3149347e-04  -4.0469729e-04
   4.3492066e-03   5.7805236e-03   2.9724732e-02  -6.3893600e-04  -4.2611100e-05  -4.5993274e-04
   3.8903481e-03   3.0532631e-03   2.6197473e-02  -5.3690561e-04   8.4982773e-05  -5.6580138e-04
   7.1013921e-03   1.9195430e-03   2.1234747e-02  -4.1708343e-04   1.7958539e-04  -6.1214346e-04
   1.0795832e-02   4.2126232e-03   1.7128973e-02  -3.3560657e-04   1.1006974e-04  -4.8503466e-04
   4.3179471e-03   2.2758974e-02   1.3298290e-02  -6.5853535e-04   2.0633387e-04  -3.8441274e-04
   6.3773160e-03   1.6747827e-02   1.6431496e-02  -3.1047393e-04   2.2804479e-04  -5.4648661e-04
   4.1698964e-03   1.4493348e-02   2.3614564e-02  -4.2333246e-04   1.8037001e-04  -3.2607406e-04
   6.0804527e-03   6.1727170e-03   1.5598373e-02  -1.2283480e-04   2.1107753e-04  -5.1917666e-04
   8.2206173e-03   5.9259770e-03   1.8848795e-02  -2.8573494e-04   2.1488988e-04  -5.4349298e-04
   8.3362801e-03   1.6832531e-03   1.6919246e-02  -1.7452974e-04   1.9665056e-04  -4.8878098e-04
   7.8356376e-03  -2.3128220e-03   9.5308105e-03  -1.8964027e-04   1.1238437e-04  -5.4893226e-04
   5.9358496e-03   6.6629218e-03   5.8493211e-03  -2.0871131e-04   1.7811239e-04  -6.2426591e-04
   7.7770794e-03   1.3639177e-02   1.0362463e-02  -4.4500227e-04   1.3111300e-04  -4.6391392e-04
   7.5858543e-03  -3.4157872e-03   8.0517464e-03  -2.8957218e-05   1.7428158e-04  -4.8820851e-04
   1.1062295e-02  -1.6043266e-02   1.4925996e-02   1.8282185e-05   1.2800039e-04  -4.8033650e-04
   9.7516189e-03   1.2975624e-02   7.7211141e-03  -5.3865219e-04   6.3707808e-05  -4.0482140e-04
   8.8507192e-03  -1.1818991e-02   1.5800965e-02   1.6685232e-04   8.5251662e-05  -5.7382829e-04
   2.8179934e-03  -1.2191621e-02   1.1493890e-02  -3.0612264e-04   9.5138282e-05  -4.6435235e-04
   8.1112219e-03  -1.0866394e-02  -1.3553971e-03   2.0747381e-04  -4.9793732e-05  -2.7587648e-04
   7.1112671e-03  -7.7018496e-03   3.8096523e-03   4.0089386e-04  -1.9339611e-05  -3.1274732e-04
   7.9940611e-03  -1.1986424e-02   9.8093624e-03   1.8739502e-04   4.2896086e-07  -2.9080777e-04
   5.6558770e-03   1.6534206e-02  -5.9213635e-04  -6.2013428e-05  -6.4315022e-05  -3.3405517e-04
   6.1470875e-03  -3.4055302e-04   1.0055922e-02   1.0812302e-04   1.1448859e-04  -5.1410522e-04
   8.6842288e-03  -9.8981503e-03   2.3197508e-02   1.4616610e-05   3.5470528e-05  -5.1188386e-04
   8.2080517e-03  -5.6509660e-03   2.1786444e-02  -1.9123062e-04  -1.2274677e-05  -4.9800594e-04
   2.0403436e-03   1.3328976e-03   1.8738926e-02  -2.0223147e-04   1.8950062e-04  -4.5793508e-04
   2.1835752e-03   4.1732072e-03   1.4355014e-02  -2.4807802e-04   1.6928388e-04  -6.1125421e-04
   9.4854228e-03  -1.9877393e-03   2.9373989e-02  -1.5228590e-04   9.1933779e-06  -5.3321115e-04
   8.2894206e-03   2.6821371e-03   3.6582760e-02  -3.9672374e-04   1.2742494e-04  -5.7333338e-04
