   0.0000000e+00   0.0000000e+00   0.0000000e+00   0.0000000e+00   0.0000000e+00   0.0000000e+00
  -3.3830238e-03  -3.4982619e-03  -4.1089706e-03   9.7937471e-05   5.1917115e-05  -1.1003875e-04
  -2.4350999e-03  -1.0459112e-02   9.1154761e-03  -5.5385481e-05   3.0990788e-05  -7.6801443e-05
  -8.3829403e-04  -5.1354093e-03  -5.6836319e-03   1.3478111e-04   4.6533564e-05  -1.3730249e-04
   3.0047526e-03  -7.7742602e-03   1.2420734e-02   1.4919945e-04  -8.0735274e-05  -1.2531509e-04
  -3.6203555e-03  -1.5190548e-03  -6.5440005e-04   2.6953278e-04   2.0628305e-04  -2.1139985e-04
  -7.8058605e-04  -6.8330808e-03   1.0975922e-02   3.3130407e-04  -8.9612008e-05  -2.2302288e-05
   2.0770405e-03  -1.1152009e-02  -1.2527879e-04   2.3791717e-04  -9.7932896e-05  -8.8967039e-05
  -1.9486888e-03  -1.3767707e-02  -3.8087602e-03   4.3218511e-04  -5.5705841e-05  -8.6070943e-05
   3.3379946e-03  -1.4285394e-02   8.5906055e-03   2.4663429e-04  -1.1410333e-04  -5.7406752e-05
  -4.1874538e-04  -1.8304913e-02  -1.1861071e-03   3.1460169e-04  -1.2833346e-04  -1.2539794e-04
  -1.4895415e-03  -2.2852867e-02   1.3110267e-02  -8.1574043e-05  -7.7888268e-05  -7.5479585e-05
  -3.4717021e-03  -2.7180353e-02   1.2423364e-02   5.1090381e-04  -1.6329046e-04  -5.8254597e-05
   1.8377611e-03  -1.9671125e-02   1.9933275e-02   2.4051320e-04  -1.7708135e-04  -6.2092042e-05
   2.4009377e-03  -1.6549394e-02   1.9801845e-02   4.9565390e-04  -2.1503580e-04  -3.1403403e-05
   7.6413959e-04  -1.1857411e-02   1.0061523e-02   3.6621042e-04  -1.5341394e-04  -7.4217478e-05
   1.2292916e-03  -1.4454768e-02   1.1021328e-02   4.4719303e-04  -2.4087616e-04  -5.5115918e-05
   2.6862126e-03  -1.3878203e-02   3.9590130e-03   2.3281396e-04  -1.9985384e-04  -3.3662098e-05
   9.6523488e-04  -9.0301576e-03   4.1851822e-03   4.8982665e-04  -1.3016984e-04  -4.0434887e-05
   3.8372988e-03  -1.2728361e-02   9.1763408e-03   1.4008366e-04  -2.1461111e-04  -3.1065465e-05
   2.1155788e-04  -1.2654032e-02   1.9493827e-02   2.3225817e-04  -2.3167195e-04   7.1215317e-06
   6.8989279e-03  -1.9792375e-02   1.9337662e-02   2.1619610e-04  -4.3673524e-04  -7.8071459e-05
   4.3152143e-03  -1.5517820e-02   1.8056560e-02   1.8806731e-04  -3.1592085e-04   1.0730499e-04
  -1.5867231e-03  -1.3819279e-02   8.7529774e-03   3.3275745e-04  -1.5729358e-04   5.9646589e-05
   4.2413723e-03  -6.3525575e-03   1.7047493e-02   1.4931480e-04  -2.7792562e-04   4.1526067e-05
   3.5099454e-03  -9.7987835e-03   2.5101008e-03   3.0575141e-04  -2.0646790e-04  -6.2232888e-05
   4.2111689e-03  -1.7312261e-02   1.6710282e-02   1.0599009e-04  -3.5751163e-04   5.5341662e-05
   4.8889509e-03  -2.1514810e-02  -1.6353372e-04   2.2866036e-04  -2.8857017e-04  -5.3075604e-05
   4.2831953e-03  -2.2230536e-02   7.0049247e-03   4.0227216e-04  -3.7075719e-04   1.7765226e-05
   2.8567358e-03  -6.2958055e-03  -5.1295024e-03   2.6389476e-04  -1.0015546e-05  -1.2273234e-04
   1.5181432e-03  -1.3369132e-03   3.3688125e-03   4.3311811e-04  -1.7304984e-04  -7.5083560e-05
   6.9423980e-03  -1.7641227e-03   9.6229737e-03   1.4998916e-04  -3.9570548e-04  -6.3185824e-06
   4.4179863e-03  -7.1749496e-03  -2.8506610e-03   2.4391494e-04  -3.0978142e-04   2.4322520e-05
   4.3980421e-04  -4.5117302e-03   3.5959865e-03   4.4916965e-04  -1.9605548e-04   7.1096523e-05
   4.6253247e-03  -2.8948066e-03   4.7500581e-03   2.2953677e-04  -2.4421405e-04  -4.7773956e-05
   3.8822514e-03  -7.3927712e-03   7.2668605e-03   3.4686706e-04  -2.4892123e-04   2.3511549e-05
   5.2157235e-03  -3.3465754e-03   2.0040261e-02   1.7089799e-04  -3.2497636e-04   1.1914364e-04
   5.4793868e-03  -7.2458877e-03   2.6090494e-02   1.6942157e-04  -2.5321075e-04  -6.4168974e-06
   8.0528829e-03  -1.5712750e-02   3.0814859e-02   1.4805868e-04  -3.9418650e-04   6.4191142e-05
   4.8065471e-03  -1.6186761e-02   2.2065625e-02   2.8036843e-04  -3.0575202e-04   1.0374114e-06
   3.6855700e-03  -1.8744558e-02   2.5351034e-02   2.2970970e-04  -2.9316163e-04   6.5865678e-05
   7.2750503e-03  -2.7047183e-02   3.2796292e-03   6.4473846e-04  -3.1015186e-04  -2.3482581e-04
   6.1222898e-03  -1.4569105e-02   1.2672912e-02   3.2171986e-04  -2.8204639e-04   2.6144890e-05
   1.2765799e-02  -3.0907205e-03   5.3206075e-04   1.2201249e-04  -3.5107950e-04   6.1788201e-05
   5.4597828e-03   4.1239836e-03   1.4335887e-03   4.5943607e-04  -1.8109069e-04   5.8363596e-05
   1.0572200e-02   4.1993713e-03   1.0519454e-02   1.1718889e-04  -2.7751193e-04   1.0445994e-04
   9.1550591e-03  -1.0270717e-03  -9.1760049e-04   1.2166381e-05  -1.8749404e-04   3.8033459e-05
   1.0532822e-02  -1.3830781e-03   1.2542349e-02   2.7112334e-04  -2.9018056e-04   2.2143598e-04
   1.2407368e-02   2.4434978e-03   4.2188879e-03   3.8457440e-04  -2.4805679e-04   1.6796042e-04
   9.4060381e-03  -3.5028408e-03   1.8603743e-02   2.5151847e-04  -2.9936314e-04   1.5472540e-04
   6.1923802e-03  -6.5268665e-03   2.1865368e-02   3.7618662e-04  -2.7555157e-04   3.5508623e-05
   6.1353803e-03  -1.2291955e-02   3.5805967e-02   2.2313589e-04  -3.4828338e-04   2.1197815e-05
   2.1357720e-03  -1.6035531e-02   2.1886076e-02   3.7963983e-04  -2.6756867e-04  -8.4052063e-05
   2.7117059e-03  -2.1954630e-02   2.5325743e-02   3.0568603e-04  -3.7529717e-04  -6.4426595e-05
   1.5290040e-03  -1.5755467e-02   1.2225983e-02   2.9707791e-04  -3.2043140e-04   1.2047924e-05
  -7.0275560e-04  -1.6786270e-02   1.3100770e-02   4.7490642e-04  -2.8983827e-04  -1.4456752e-05
   4.4717588e-03  -4.8526026e-03   2.1097412e-02   1.3404118e-04  -3.5235961e-04   8.5125275e-05
   9.7757693e-04  -1.6691721e-03   1.0610534e-02   4.0544549e-04  -1.0193612e-04   4.6480681e-05
   3.1445092e-03  -4.6160215e-03   1.9250443e-02   1.7256808e-04  -2.3112771e-04   1.3488184e-04
   3.7427099e-03  -6.4369914e-03   6.7349283e-03   5.2896788e-04  -2.6439020e-04  -8.7977978e-06
   4.8314050e-04  -6.9780064e-03   1.9179932e-02   4.5184592e-04  -1.7491103e-04   1.6180704e-04
  -9.5859830e-04  -8.5830703e-03   1.8552248e-02   2.9706504e-04  -1.7944071e-04   8.3581434e-05
   2.0650067e-03  -8.8457658e-03   1.9569952e-02   3.8956914e-04  -2.3358743e-04   1.2175016e-04
   2.9785681e-03  -5.0578273e-03   2.2785599e-02   1.1352910e-04  -3.7982923e-04   1.3948117e-04
   3.5159655e-03  -1.2746163e-03   1.8833414e-02   1.6161752e-04  -3.7611645e-04   6.7151366e-05
   3.2947287e-03  -5.2554535e-03   2.7431191e-02   1.9332373e-04  -2.8697779e-04   1.4297322e-04
   7.6398592e-04  -8.9930789e-03   1.1842238e-02   4.0286172e-04  -1.8442544e-04   1.1598780e-04
   3.9579136e-03  -1.0548094e-02   2.0390009e-02   6.4506157e-05  -2.6791529e-04   3.3844024e-05
   1.0660997e-03   2.1845117e-03   2.5400164e-02   2.3290226e-04  -2.1063617e-04   1.2194413e-04
   3.9076622e-03  -2.6301889e-03   1.0036149e-02   3.9840427e-04  -2.7445173e-04   1.4821739e-04
   5.7224382e-03  -5.6165896e-03   2.7634642e-02  -5.1522425e-05  -4.7058843e-04   1.3686310e-04
   2.6624826e-03  -6.1902654e-03   1.2458252e-02   2.8151570e-04  -3.1286548e-04   1.9713144e-04
   7.5071880e-03   4.9692307e-03   2.1675291e-02   1.9815344e-04  -3.7532917e-04   1.0468647e-04
   1.9867766e-03   1.4654577e-05   1.8519675e-02   1.7908559e-04  -2.8669723e-04   1.7298864e-04
  -1.2706116e-03  -5.8805171e-03   9.3330525e-03   4.9832879e-04  -1.8543657e-04   1.0439837e-04
   2.7306694e-03  -2.6834299e-03   2.4756367e-02   2.0562615e-04  -2.7716854e-04   2.5274676e-04
   1.9432415e-03   2.3592804e-03   1.4120197e-02   1.9146559e-04  -2.0870435e-04   2.4382021e-04
   4.2034802e-04   2.2502654e-03   1.9150760e-02   3.6960801e-04  -1.7212545e-04   2.6166486e-04
  -2.2982778e-03   1.1052963e-03   2.5865380e-02   2.1646459e-04  -8.5913825e-05   2.3347789e-04
  -9.1675666e-03  -1.3641120e-02   1.9388986e-02   4.6676920e-04   3.1858549e-04  -4.0543058e-04
   1.9472546e-03  -2.2190424e-03   2.6082971e-02   6.1300780e-05  -2.4687703e-04   1.7109609e-04
   2.1950640e-03  -1.8916425e-04   1.0154825e-02   3.0047669e-04  -2.6769717e-04   1.2711428e-04
   1.7563079e-03   7.0087343e-03   2.1828220e-02   2.8905990e-04  -2.4103188e-04   2.2036898e-04
   1.0062277e-03   1.3695452e-03   8.9339676e-03   1.9427577e-04  -2.3577857e-04   2.4062550e-04
   7.9809024e-04  -2.0517649e-03   1.1718426e-02   4.4148689e-04  -3.0214124e-04   2.4551235e-04
   3.5083505e-03   5.2105377e-03   1.6404217e-02   8.4706144e-05  -1.9691201e-04   2.2048847e-04
   3.6654276e-03   4.7305950e-04   9.4334085e-03   3.1398109e-04  -2.5337267e-04   2.1758787e-04
   1.9451960e-03   1.9265341e-03   1.9269309e-02   1.6940512e-04  -2.7781325e-04   3.2263957e-04
   3.5771287e-03   4.2574415e-03   1.1221312e-02   2.9008620e-04  -2.0263631e-04   2.0239066e-04
   4.8213176e-03   4.5860274e-03   1.4477306e-02   4.1039498e-04  -2.9280588e-04   2.0960431e-04
   7.7311592e-03   8.7080367e-03   1.4363489e-02  -2.1775402e-04  -2.7404637e-04   2.8922357e-04
   4.9862567e-03   5.6415287e-03   6.4801283e-03   2.8649414e-04  -2.6159070e-04   2.4381657e-04
   9.5062948e-03   1.3704511e-02   2.1463409e-02   4.9466193e-05  -3.9081468e-04   2.4643957e-04
   8.1587018e-03   7.4170603e-03   6.6824356e-03   2.5326948e-04  -1.9867707e-04   2.0393390e-04
   1.0579469e-02   4.1946863e-03   1.4675425e-02   3.0316252e-04  -2.5447436e-04   3.7374443e-04
   1.2933574e-02   7.4693344e-03   4.2890126e-03  -7.6418527e-05  -2.6021569e-04   3.9664245e-04
   7.7714385e-04   1.0794729e-02   1.0601077e-02   2.9607264e-04   4.3792317e-05   1.9527534e-04
   8.4710442e-03   1.5916191e-02   2.2769408e-02  -1.2671681e-04  -3.3303846e-04   4.2125869e-04
   7.2983247e-03   1.0842749e-02   1.6626191e-02   1.7667037e-04  -3.2875675e-04   3.1693342e-04
   7.0538821e-03   6.3989267e-03   3.2897349e-02   2.0411027e-04  -2.7863844e-04   3.0043273e-04
   1.0042617e-02   4.3744618e-03   1.6635400e-02   1.0230681e-04  -3.3343994e-04   3.3157251e-04
   6.1888444e-03   2.7175844e-03   2.1619531e-02   1.9537247e-04  -2.0004796e-04   3.4188786e-04
   1.2343818e-02   2.9143567e-04   2.0049111e-02   1.3362860e-05  -3.2660837e-04   2.9413610e-04
   6.2147595e-03   9.4964832e-03   2.1818588e-02   2.6411503e-04  -2.4381305e-04   3.6281788e-04
   1.3107283e-02   1.3267864e-02   2.8209537e-02  -3.3161289e-05  -3.1517542e-04   2.8165724e-04
   1.1429316e-02  -4.1022807e-03   1.8414714e-02   5.7219871e-05  -3.2269462e-04   1.8512996e-04
   1.0433235e-02   4.7382570e-03   2.4364085e-02   4.0542355e-05  -2.7991571e-04   4.1021030e-04
   1.0344986e-02   1.2932686e-02   1.1316324e-02   1.1350789e-05  -1.6050048e-04   3.4914913e-04
   2.7208831e-03   2.0162306e-02   2.5491207e-02   8.1103056e-05  -1.3108086e-04   3.9573168e-04
   7.5195549e-03   1.7687894e-02   2.5376943e-02  -1.4882716e-04  -2.5342859e-04   3.2486424e-04
   3.8763236e-03   1.0976098e-03   1.5100749e-02   2.7981907e-04  -8.1555160e-05   2.4798748e-04
   7.9428566e-03   2.9084170e-03   3.3384344e-02   8.6261479e-05  -2.3920154e-04   2.2546244e-04
   4.6269842e-03   1.9623312e-03   1.9061483e-02   5.9539667e-07  -1.0368621e-04   3.3837998e-04
   8.3550701e-03  -2.0856586e-03   1.8137365e-02   1.9544176e-05  -2.1053156e-04   3.3037329e-04
   1.0877100e-02  -2.4166538e-03   2.3558699e-02  -5.0734533e-05  -1.7082533e-04   4.1953347e-04
   1.0418005e-02   3.5373802e-03   1.6056598e-02   6.4610607e-05  -3.5030232e-05   4.4626454e-04
   1.2066470e-02   3.6928736e-03   2.7136195e-02  -1.0922583e-04  -2.7950424e-04   3.5290554e-04
   1.0922566e-02   1.2443064e-02   1.9357514e-02   9.7238505e-05  -1.0527306e-04   3.1125832e-04
   8.8234026e-03   1.7194245e-02   2.4138799e-02   2.0326463e-04  -5.1030884e-05   3.1389445e-04
   1.2840698e-02   6.1515545e-03   2.8904616e-02   1.0419733e-04  -1.7165602e-04   4.2362657e-04
   3.1148942e-03  -8.4991597e-03   3.4928575e-02   7.2439533e-06   2.3128474e-04   7.3362735e-06
   9.4499910e-03   2.3392748e-04   3.6885739e-02  -1.8106344e-05  -1.2307273e-04   4.2568712e-04
   7.4194195e-03   5.3167604e-04   2.8875680e-02  -9.5100187e-06  -1.6533866e-04   3.2102167e-04
   6.8969473e-03   4.0656818e-03   3.3479929e-02   6.4602275e-05  -1.5191452e-04   3.2283990e-04
   5.0138280e-03  -3.2541950e-04   2.6267227e-02  -7.5318106e-05  -1.9090720e-04   2.9002718e-04
   2.7304691e-03  -1.3056348e-02   1.8534489e-02   1.3872242e-04  -2.6852734e-04   2.0197872e-04
   1.7868510e-03  -3.3996879e-03   1.4347330e-02   2.4361010e-04  -2.5227244e-04   2.0276880e-04
   3.9516326e-03   2.4465677e-03   2.5120309e-02   9.2816838e-06  -1.6801085e-04   3.5554962e-04
   2.8752083e-03   9.5063373e-03   1.9908441e-02   1.3106715e-05   9.5769010e-06   3.2656515e-04
   8.6801626e-03  -2.5764776e-03   3.3711510e-02   8.2203553e-07  -4.3966731e-05   3.8893114e-04
   8.2840785e-03  -4.0458537e-03   2.2424328e-02  -5.7023847e-05  -8.2665003e-05   2.7330865e-04
   6.4657759e-03  -2.0423181e-02   2.2243329e-02   2.4021703e-04  -9.9232461e-05   2.6954777e-04
   1.1416298e-02  -8.3152022e-03   2.8765365e-02  -5.5812121e-05  -2.0484886e-04   3.7903005e-04
   9.9392679e-03  -9.7515277e-03   2.3249655e-02   1.4438182e-04  -1.9681522e-04   2.6503590e-04
   6.5363759e-03  -8.1136278e-04   3.5441370e-02  -3.4691546e-05  -4.0354202e-05   2.9273039e-04
   6.9014215e-03   2.2400661e-03   1.8395458e-02  -1.4338408e-04  -6.3489425e-05   3.6420985e-04
   9.5908249e-03  -1.4588876e-02   1.0329555e-02   2.9568033e-04  -2.6587973e-04   2.0097311e-04
   1.0223134e-02  -3.6826603e-03   2.7061620e-02  -1.4488577e-04  -2.3690024e-04   4.3559207e-04
   1.3489095e-02  -2.0218407e-02   2.2505282e-02  -2.8149842e-04  -4.0793349e-04   1.5087640e-04
   1.0849505e-02  -8.2408098e-04   3.0770462e-02  -1.9647441e-04  -2.2390849e-04   3.7253159e-04
   1.1698327e-02   1.8874542e-03   3.1869631e-02  -1.3493943e-04  -3.0839995e-04   3.7095909e-04
   2.0058342e-03  -9.6978315e-03   4.3799478e-02  -6.5647982e-06  -5.6704571e-05   1.3402021e-04
   5.3308487e-03  -1.2370418e-02   3.5623819e-02   6.8993191e-05  -2.2424887e-04   2.8712010e-04
   2.3629454e-03  -1.0105871e-02   3.9741925e-02   2.1386665e-04  -2.1407101e-04   2.1827355e-04
   1.1268763e-03  -3.9195219e-03   3.9791571e-02   3.7145302e-05  -6.5337993e-05   3.3315019e-04
   3.7998625e-03  -1.3493828e-02   3.5528139e-02  -4.7674408e-05  -1.5644789e-04   2.4725006e-04
   5.1338214e-03  -1.2294133e-02   4.1233326e-02  -1.3938091e-05  -2.0047789e-04   3.7954146e-04
   4.0386035e-03  -1.3685352e-02   2.7809336e-02   6.6187450e-05   1.2193037e-05   3.3852317e-04
   1.1169501e-02  -5.9726854e-03   3.6251720e-02  -1.1139719e-04  -1.5864068e-04   4.6197090e-04
   1.5442620e-03  -2.2943284e-02   1.1288824e-02   2.3463138e-04   2.7224935e-04   7.0142083e-05
   9.9765680e-03  -8.8572671e-03   2.7876491e-02  -1.7731502e-04  -1.6743669e-04   3.5484951e-04
   9.9983224e-03  -3.1289054e-03   3.5298915e-02  -9.1792688e-05  -1.9702278e-04   3.9719587e-04
   8.8739774e-03   2.5117147e-03   2.7328976e-02  -8.6082317e-05  -2.5399613e-04   2.0869539e-04
   5.3319197e-03  -8.0306553e-03   3.5770273e-02   1.8413327e-04  -2.0077367e-04   9.6235422e-05
   1.3403698e-02  -4.4124909e-03   2.6942180e-02  -4.4956011e-04  -3.2972989e-04   1.9377888e-04
   1.1076651e-02  -4.1806075e-03   2.9477423e-02  -9.7506797e-05  -3.2305194e-04   2.8698803e-04
   9.7675574e-03  -1.2585560e-02   2.8695463e-02  -1.7203791e-04  -2.9126332e-04   3.0260694e-04
   8.0714960e-03  -1.4867582e-02   3.3046008e-02   1.5426332e-04  -3.5091779e-04   1.9352687e-04
   1.2293726e-02  -1.0703241e-02   5.1136419e-02  -4.9305220e-04  -4.2877004e-04   1.0714921e-04
   7.3678818e-03  -1.5191324e-02   4.2672123e-02  -3.9680164e-04  -1.6460603e-04   1.7161818e-04
   9.0304333e-03  -1.0406408e-03   2.3738108e-02  -2.9097969e-05  -1.5511147e-04   3.0061928e-04
   1.0632865e-02   5.0696716e-03   3.7803876e-02  -3.7979882e-04  -3.3905400e-04   3.1774011e-04
   2.4493355e-03  -1.6373868e-02   3.4795972e-02  -5.6974204e-05   1.3181036e-04   4.3056517e-05
   7.4275154e-03  -2.9661454e-03   4.0616551e-02   1.6765105e-04  -4.4460175e-05   1.9928074e-04
   1.1240016e-02  -1.0626184e-02   4.4585345e-02  -3.4173543e-04  -1.0109127e-04   2.7223695e-04
   9.2998878e-03  -1.5926467e-02   3.7889563e-02  -1.9604573e-04  -1.2291899e-04   3.5886475e-04
   1.1807597e-02  -1.1006928e-02   4.0281225e-02  -3.3603078e-04  -1.1509660e-04   3.1642668e-04
   1.2648500e-02  -3.7602844e-03   1.3015830e-02  -1.6955797e-04  -8.8347640e-05   4.1023754e-04
   1.0610940e-02   3.4154720e-03   2.9443269e-02  -3.8278508e-04  -9.8785732e-05   3.4825033e-04
   1.1817967e-02  -6.7456299e-03   2.1490502e-02  -1.1371731e-05  -5.7663159e-05   2.3102234e-04
   1.0062445e-02  -9.4032892e-03   2.7034945e-02   4.1970637e-05  -6.3002844e-05   2.1015940e-04
   1.3531927e-02  -3.9869067e-03   4.0032810e-02  -3.5834110e-04  -2.4681751e-04   3.4912150e-04
   1.0904350e-02  -1.0495106e-02   2.4897408e-02   9.5152983e-05  -1.4439548e-04   1.7048347e-04
   1.5472707e-02  -5.3880585e-03   3.2071547e-02  -3.5757570e-04  -1.7187812e-04   2.7203372e-04
   7.6967583e-03  -1.0040303e-02   3.3131484e-02  -1.9929271e-04  -9.1814287e-05   6.8178839e-05
   5.0305097e-03  -1.2679896e-02   4.2058426e-02  -6.1719525e-04   2.5545768e-04  -8.4835432e-05
   8.5845413e-03  -9.3580001e-03   2.6306224e-02  -1.5679555e-04  -1.3281925e-04   3.7009993e-04
   8.1396697e-03  -2.2422419e-02   3.8951828e-02  -3.2482703e-04  -9.7075403e-05   2.0327365e-04
   4.9805713e-03  -2.3158594e-02   2.8684386e-02  -8.4828780e-05   3.1866778e-04  -5.3766893e-05
   1.4212283e-02  -8.5963268e-03   3.7853024e-02  -3.2865870e-04  -2.0817641e-04   3.9008144e-04
   1.9754068e-03  -1.8095727e-02   3.0327469e-02  -2.0068031e-04   4.2044092e-04  -1.6190247e-05
   9.6336262e-03  -1.0788012e-02   3.4741739e-02  -3.1932797e-04  -7.6611318e-05   2.0428713e-04
   1.4167874e-02  -2.1766263e-02   4.7165431e-02  -5.4890846e-04  -2.1106087e-04   2.3024259e-04
   6.9559575e-03  -2.1510382e-02   2.3026503e-02  -3.3534373e-04   5.1494237e-05  -1.8112659e-04
   5.7430630e-03  -1.6276799e-02   2.8568319e-02  -4.5107431e-04  -6.1186112e-05   1.0362210e-04
   1.4301136e-02  -1.2078574e-02   3.3369153e-02  -6.0537313e-04  -2.2446759e-04   5.6670750e-05
   7.6636005e-03  -2.2990821e-02   3.3626990e-02  -4.4455669e-04  -1.4945104e-04  -1.5563362e-04
  -3.6214344e-04  -2.5597442e-02   4.3234767e-02  -1.1040116e-03  -7.3014101e-05   2.6195881e-05
   4.4072726e-03  -9.1276914e-03   3.3026778e-02  -4.7759511e-04  -2.9869687e-05   1.8033105e-04
   8.1920339e-03  -5.6018236e-03   2.5625458e-02  -5.8272042e-04  -1.8315137e-04   3.5425455e-04
   8.1858749e-03  -1.1108966e-03   3.6107988e-02  -4.9111743e-04  -2.0725700e-04   3.7680342e-04
   6.0614632e-03  -1.6390078e-02   3.6006952e-02  -5.9026668e-04  -3.9816616e-05   1.7406218e-04
   6.8420939e-03  -9.8251463e-03   3.3032542e-02  -4.7735283e-04  -2.4270656e-04   1.8770294e-04
   5.3067887e-03  -1.2498029e-02   3.6794520e-02  -6.3932527e-04  -1.9899255e-04  -1.4069155e-04
   5.3219293e-03  -1.4437483e-05   2.0139540e-02  -5.8023941e-04  -1.1033604e-04   1.5990087e-04
  -1.4821121e-03  -1.6111336e-02   3.5437116e-02  -5.9082579e-04   2.5696808e-04   1.5094180e-05
   2.5884829e-03  -1.8532366e-02   5.5136158e-02  -8.7419874e-04   2.7145389e-05   1.4265718e-04
  -2.3062339e-04  -1.9962140e-02   2.9687570e-02  -8.1549048e-04   3.4084940e-04   6.1433243e-05
   4.8984020e-03  -6.2628532e-03   2.2884540e-02  -5.6936360e-04  -8.5235251e-07   5.3761592e-04
   2.1983578e-03  -2.7805938e-03   3.1206102e-02  -9.6353962e-04   3.1493215e-04   3.1610074e-04
