   0.0000000e+00   0.0000000e+00   0.0000000e+00   0.0000000e+00   0.0000000e+00   0.0000000e+00
  -4.6375033e-03  -3.5528905e-03  -7.9625053e-03   1.0930321e-04   1.1382135e-04   2.0957596e-06
  -6.8815834e-04   5.6178534e-03  -8.2568183e-04   8.6337258e-05   1.8556813e-04   3.6690328e-05
   2.0530381e-03  -3.5032603e-03  -1.4129167e-02   2.8057399e-04   6.0138557e-05  -1.0230962e-04
   4.4661886e-04  -2.3938103e-03  -8.6766306e-03   3.8448270e-05   6.3146787e-05   3.5671326e-05
   1.9959798e-03  -9.8858882e-03  -1.5973778e-02   3.9720236e-04   4.4614518e-05  -5.7399414e-05
  -2.8980252e-03  -7.0006348e-03  -1.6531162e-02   2.9587291e-04   1.6138812e-04  -5.7288831e-05
   2.1194426e-03   2.1266864e-03  -9.1379987e-03   5.6170039e-05   1.1821559e-04   3.7832261e-05
   5.0797471e-03  -7.0549388e-03  -1.8104353e-02   2.6661659e-04   7.1260320e-05  -5.8465003e-05
   1.2142793e-03   1.7929283e-03  -2.2157711e-02   2.0746213e-04   2.0898931e-04   2.5217025e-05
   2.9828614e-03  -7.8396306e-04  -2.4406139e-02   3.1371618e-04   1.2401282e-04  -3.4074991e-05
   3.7185910e-03  -2.6583194e-03  -1.5969130e-02   2.9758291e-04   5.1623611e-05  -2.7876043e-05
  -1.9608565e-03  -3.2160881e-03  -2.4756093e-02   2.5341922e-04   1.2533278e-04   3.1496380e-05
  -1.5507247e-03   2.2131670e-03  -1.8865036e-02   8.2281940e-05   1.7313323e-04  -4.6838572e-05
  -4.1234590e-03   1.0453095e-02  -4.1358809e-02   5.3237270e-04   3.1935880e-04  -1.4642488e-04
   6.6024099e-04   5.5840869e-03  -3.0063773e-02   1.3706965e-04   1.5943186e-04  -1.4722042e-04
  -1.9476025e-03   3.1155431e-03  -3.1378801e-02   5.2752617e-04   1.3929036e-04  -1.5996846e-04
  -1.7827573e-03   1.2961137e-02  -3.3862888e-02   1.3485852e-04   3.3690858e-04  -5.7984623e-05
   2.9680596e-03   1.1505939e-03  -3.8589990e-02   4.0816749e-04   1.1882573e-04  -1.6107128e-04
   5.1966249e-03   7.7914574e-03  -3.9101170e-02   3.1142066e-04   1.5757220e-04  -1.2611412e-04
  -1.1370030e-03   2.0877095e-03  -3.3096150e-02   4.1619294e-04   2.9931905e-04  -1.5508724e-04
   6.9352856e-03  -7.0153253e-05  -1.9708655e-02   2.4257479e-04  -1.0208794e-05  -8.8663023e-05
   4.9725437e-03   1.9274794e-03  -3.8735667e-02   4.7902661e-04   1.4094317e-04  -1.3654832e-04
   4.5997945e-03   7.0043816e-03  -3.3144728e-02   2.0686528e-04   1.5690746e-04   5.1188944e-05
   1.9869445e-03   1.5181289e-03  -4.8877491e-02   2.9031826e-04   1.9123297e-04  -1.5334569e-04
   1.5052467e-03   2.2098186e-02  -4.0799919e-02   9.4818869e-05   1.1324546e-04   4.0227238e-05
   1.8203131e-03   1.7979537e-02  -4.9371410e-02   3.6678439e-04   1.5185180e-04  -3.5116962e-05
  -5.9662693e-03   1.5204465e-02  -4.9731251e-02   3.7962453e-04   3.5631933e-04  -1.6497516e-04
  -2.4160444e-03   1.4710099e-02  -3.1548916e-02   1.5700032e-04   1.6960477e-04  -1.5096698e-04
  -4.1341196e-03   1.0421692e-02  -3.6008785e-02   4.9669418e-04   1.1315423e-04  -1.0624342e-04
  -2.9814629e-03   3.1746984e-03  -3.5557295e-02   1.8629012e-04   2.3071540e-04  -1.6518300e-04
  -1.3751043e-03   3.7944973e-03  -3.1684376e-02   5.9531264e-04   1.6197699e-04  -1.8963549e-04
  -7.3830506e-04   1.0059672e-02  -2.3591568e-02   1.4865863e-04   1.6539747e-04  -3.7044195e-05
   3.0390635e-03  -1.7392983e-04  -3.4117241e-02   4.9901939e-04   1.1396386e-04  -1.5019375e-04
   2.1130543e-03   5.1931595e-03  -3.5320984e-02   1.9451967e-04   2.5772197e-04   1.1399236e-05
   8.0964578e-03  -1.2966390e-03  -3.8897254e-02   5.7732701e-04   9.9899511e-05  -1.6222073e-04
   5.7337120e-03   3.4645500e-03  -4.9128470e-02   3.0564604e-04   2.4175538e-04  -9.1815089e-05
   7.3910631e-03   5.8611633e-03  -3.6396660e-02   1.7354447e-04   2.7103329e-05   3.5535329e-06
   2.6635340e-03   1.1835064e-03  -5.2464822e-02   3.8819051e-04   1.6678711e-04  -1.1267577e-04
  -1.8376852e-04   1.7031097e-02  -4.0908936e-02   1.3387185e-04   1.1536154e-04  -6.6292155e-05
  -5.9737838e-04   2.5468161e-02  -4.8622134e-02   2.1004208e-04   2.1073777e-04  -1.0183492e-04
  -4.8773151e-03   2.2980458e-02  -5.4960567e-02   3.2899767e-04   3.7623818e-04  -1.0877687e-04
   3.9474790e-03   1.0526680e-02  -3.6277878e-02   4.0933455e-04   2.2802302e-04  -6.6191326e-05
   8.0185483e-03  -2.7077912e-03  -4.2680279e-02   4.5098846e-04   2.0282303e-04  -1.5664660e-04
   1.2630598e-02  -1.5836969e-03  -2.1162882e-02   4.2411789e-04   9.2541248e-05  -5.3120117e-05
   1.5223724e-02  -5.9120394e-03  -6.9267585e-03   1.1191277e-04  -9.2443988e-06   2.5063618e-05
   2.7036893e-03   1.1119710e-03  -2.4400212e-02   5.0734013e-04   1.2411216e-04  -5.8663969e-05
  -2.0390749e-03   1.6816897e-03  -2.3251345e-02   4.4177445e-04   2.8785737e-04  -1.1791351e-05
   2.1075328e-03   5.6021246e-03  -3.5088587e-02   5.7390551e-04   1.2293108e-04  -1.7714330e-04
  -2.1745823e-02   1.8704545e-02  -6.0698860e-02   1.1369929e-03   1.3522137e-03  -8.7649905e-04
  -1.6863195e-02   2.6089997e-02  -6.2178430e-02   1.4149704e-03   1.0754568e-03  -8.6099497e-04
  -1.9262705e-02   3.5328297e-02  -7.6326834e-02   1.3282011e-03   1.1664715e-03  -8.0235765e-04
  -1.7460683e-02   3.5522555e-02  -6.3632410e-02   1.1497795e-03   1.0884879e-03  -7.7157627e-04
  -5.1582935e-03   1.4076705e-02  -6.0054869e-02   9.7230616e-04   5.2826338e-04  -4.6265362e-04
  -3.4020952e-03   2.9391554e-02  -4.5124056e-02   5.3730631e-04   4.1317149e-04  -1.3600076e-04
  -2.2115724e-03   1.1875789e-02  -5.3137157e-02   8.2516961e-04   3.5120196e-04  -3.0101764e-04
  -5.3538914e-03   1.2969521e-02  -3.7316153e-02   4.3856958e-04   5.3605687e-04   4.6817953e-05
  -1.7837286e-03   1.5012819e-02  -3.8318912e-02   3.3197515e-04   4.9524597e-04   1.6295032e-04
  -3.7704452e-03   4.7323763e-04  -4.9692350e-02   8.7199505e-04   4.5239663e-04  -3.1231363e-04
  -2.3812984e-04   1.3027744e-02  -3.5956342e-02   4.3569771e-05   5.2598077e-04  -9.3647453e-05
   1.0302834e-02  -9.2175345e-03  -2.8054730e-02   4.8534453e-04   1.4882678e-04  -2.0524372e-04
   8.5161820e-03  -8.3070424e-03  -3.7389783e-02   4.8770276e-04   2.3822945e-04  -2.2693627e-04
   1.5793808e-03  -3.9854852e-03  -3.0031599e-02   6.9002903e-04   3.0192161e-04  -3.6425534e-04
   8.0694223e-05  -2.0576974e-03  -3.0601202e-02   4.9173259e-04   3.0618597e-04  -1.9195050e-04
   1.0496960e-02   1.8543233e-03  -1.5294091e-02   3.2595825e-04   1.4974825e-04  -2.2368223e-04
   1.2974629e-02  -6.6026365e-03  -2.6627916e-02   6.3939156e-04   1.6309295e-04  -2.5688126e-04
   1.1053214e-02   5.1500422e-03  -2.0987169e-02   3.4809127e-04   1.4473300e-04  -1.6478252e-04
   3.7984417e-03   6.5127201e-03  -2.7673019e-02   3.1910421e-04   2.6012855e-04  -1.9677916e-04
  -5.8178616e-04   2.7469532e-02  -3.2399530e-02   1.9329744e-04   3.8470005e-04  -4.3800164e-05
   1.1415231e-03   2.1007320e-02  -4.6599417e-02   6.8331138e-04   3.3140774e-04  -1.7951944e-04
   3.3042521e-03   2.4240246e-02  -4.6936367e-02   4.1611358e-04   4.0520250e-04  -1.3263771e-04
   1.3368527e-03   2.3394661e-02  -2.9697924e-02   1.1407411e-04   4.0950950e-04  -2.2031427e-05
  -5.1780246e-03   2.1104926e-02  -4.9233580e-02   4.8039990e-04   5.4222501e-04  -1.7441979e-04
  -4.2349422e-03   1.7535533e-02  -6.8263898e-02   9.0809184e-04   5.0847934e-04  -3.7269065e-04
  -9.7656568e-03   3.6426011e-02  -5.1577190e-02   4.6739236e-05   5.5914378e-04  -2.6168747e-04
   2.9879597e-04   2.5182514e-02  -5.9748250e-02   4.6164343e-04   1.5036937e-04   4.4603410e-05
  -5.6072258e-03   3.1462458e-02  -4.7131963e-02   2.5149504e-04   3.5344779e-04  -1.1882112e-04
  -3.0900074e-03   2.9285691e-02  -6.2380467e-02   5.2995847e-04   3.7927142e-04  -2.2944501e-04
  -1.0248892e-03   1.7361538e-02  -5.8325965e-02   6.0022923e-04   3.3253748e-04  -1.9197554e-04
   3.6810733e-03   1.5970160e-02  -4.5615526e-02   3.6911629e-04   2.6718406e-04  -1.6409114e-04
   1.0463941e-02   5.5030162e-03  -3.8877238e-02   6.3108171e-04   1.7141543e-04  -1.2911473e-04
   1.6943526e-02   6.3862401e-03  -3.1951659e-02   1.7274507e-04   3.7924920e-05  -9.9498221e-05
   1.6944082e-02   5.8665350e-04  -3.3443199e-02   5.9793901e-04   1.3712267e-05  -1.0830136e-04
   1.6640332e-02  -1.0758759e-03  -3.0874676e-02   6.4876466e-05   1.1057426e-04  -7.9663685e-05
   1.1505925e-02  -8.9386745e-03  -2.9033185e-02   7.3025522e-04   2.1289144e-04  -3.0565622e-04
   9.8751338e-03  -5.8875790e-03  -4.8819393e-02   4.6539545e-04   2.5150669e-04  -2.3121592e-04
   1.2518746e-02  -4.5481654e-03  -3.2917895e-02   4.2828907e-04   5.7529374e-05  -3.1496639e-04
   1.5110259e-02  -6.2695671e-03  -3.6164719e-02   3.6001679e-04   1.0085737e-04  -2.1480616e-04
   1.5329317e-02  -6.4443120e-03  -2.6589811e-02   3.6410211e-04   1.7751052e-04  -2.3869775e-04
   1.4919501e-02  -5.2133356e-04  -3.2425185e-02   2.0426178e-04   1.1677220e-04  -1.8716810e-04
   2.0520825e-03   9.0988392e-03  -4.3175529e-02   4.0634984e-04   3.2418414e-04  -1.6260421e-04
  -5.8993665e-03   9.5344254e-03  -3.2305970e-02   1.7386577e-04   7.0615583e-04  -4.1323157e-04
  -3.0607845e-03   1.2429338e-03  -1.4756746e-02   6.8071836e-04   7.7460917e-04  -6.5294393e-04
   7.8582971e-04  -1.2757985e-02  -5.3187585e-02   7.1787243e-04   4.3934821e-04  -5.3261789e-04
  -2.7787460e-03  -1.4087631e-02  -7.2107062e-02   7.1549914e-04   3.4842488e-04  -9.7884091e-05
  -8.1024133e-03  -9.1718412e-03  -9.2623634e-02   3.9243873e-04   1.8334836e-04  -5.3290589e-04
  -4.7474619e-03  -9.6647566e-03  -3.7190618e-02   1.0134391e-03   2.9206638e-04  -2.0164290e-04
  -1.8807572e-03  -1.1075686e-02  -2.7833705e-02   2.4896903e-04   3.0955873e-04  -1.0067981e-04
   3.5895764e-03  -1.8316152e-02   2.1588813e-03   8.7975808e-05   1.5304709e-04  -1.1740760e-04
   5.7014518e-03  -3.1067497e-02   4.5409825e-03   1.3082183e-05   2.4861207e-04  -4.4737081e-05
   1.3218426e-03  -2.4168490e-02   9.3433888e-04   7.4287272e-05   3.3865260e-04  -6.0408429e-05
   4.7459362e-03  -1.7430105e-02   9.4962283e-03   3.1673901e-05   2.6808309e-04   4.2622508e-06
   3.4212596e-03  -1.5529722e-02  -6.8298831e-04   1.1791808e-04   3.8332908e-04  -2.5021315e-05
   3.9616717e-03  -1.6437400e-02  -4.4276550e-03   8.5184608e-05   4.4510028e-04   3.2270558e-05
   6.0105879e-03  -1.1859863e-02   1.2838326e-02  -2.6348223e-04   2.8105142e-04  -8.2374645e-05
  -2.6388727e-03  -5.7313707e-03  -1.9095983e-02   1.7270696e-04   4.4712708e-04  -9.8220439e-05
  -7.1827667e-03   1.1542600e-03  -2.6503661e-02   9.2420820e-05   4.6814075e-04  -1.1435949e-04
  -5.9605963e-03   1.0177881e-02  -1.8560460e-02  -7.6876010e-05   5.3032013e-04  -5.1375517e-05
  -6.6728444e-04  -7.0911765e-03  -3.2959965e-02   1.7586437e-04   3.9034075e-04  -2.6469271e-04
  -1.8711818e-03  -4.8845440e-03  -2.9075191e-02  -4.6272375e-05   5.2187978e-04  -1.3957257e-04
   5.1475141e-03   3.7262069e-03  -1.6535235e-02  -3.1029678e-04   2.6792579e-04  -1.1786840e-04
   4.0979301e-03   3.6141633e-03  -2.9129617e-02   3.2160862e-04   3.3139974e-04  -1.8577311e-04
  -8.6032903e-05  -1.0738937e-03  -3.7671323e-02   4.2427566e-05   4.1306298e-04  -1.2226460e-04
   5.6626149e-03  -4.6954950e-03  -2.9619007e-02   1.4194355e-04   3.4885034e-04  -1.2346281e-04
   3.4203963e-03  -8.3533888e-03  -1.8016157e-02  -2.2964226e-04   4.0662845e-04  -1.2931344e-04
   1.3276213e-04  -6.6757215e-03  -3.8875900e-02   2.9045933e-04   3.7684050e-04  -1.4834822e-04
   5.8680351e-04  -2.8131776e-03  -3.8104182e-02   2.9004147e-04   3.0089277e-04  -1.5757115e-04
   1.8367599e-05  -2.7193645e-03  -5.1599302e-02   1.9610198e-04   3.5900516e-04   1.4456573e-04
  -3.1949381e-03   1.3037643e-02  -4.1644948e-02   1.2257910e-06   5.0540817e-04  -1.3486071e-05
  -5.3734039e-03   6.9191964e-03  -6.2358797e-02   2.7558640e-04   4.3765136e-04  -1.3120045e-04
  -9.2537907e-03   1.0205268e-02  -6.1881980e-02   2.4931318e-04   6.3251506e-04  -1.3627714e-04
  -7.6974242e-03   7.7509807e-03  -3.9141364e-02   1.5151520e-04   4.6508076e-04  -1.4980520e-04
  -2.2351729e-03  -4.6337524e-03  -3.5104426e-02   1.6766311e-04   4.4204674e-04  -1.6322699e-04
  -1.1809790e-03  -1.1129713e-02  -1.8617868e-02   6.4429214e-05   4.3913751e-04  -1.3496904e-04
  -2.9862370e-04  -1.4452541e-02  -2.9911384e-02   3.2397667e-04   4.8048429e-04  -1.6339155e-04
  -1.7458345e-03  -5.8922241e-03  -2.8164846e-02   3.6227201e-04   5.1496863e-04  -1.6826299e-04
   6.8225995e-04  -1.0862654e-02  -3.5828063e-02   2.2995960e-04   4.6370920e-04  -1.9719016e-04
   3.2394896e-03  -5.8043895e-03  -2.7244740e-02   9.1978069e-05   4.4030060e-04  -5.7090767e-05
   7.7232556e-05  -4.3241286e-03  -4.2478375e-02   2.1590231e-04   5.3513211e-04  -1.3755031e-04
   5.1657377e-04  -5.1923600e-03  -3.7629457e-02   3.8951469e-04   5.3099367e-04  -2.1218886e-04
   7.7520480e-03  -8.7146678e-03  -3.0886250e-02   1.5374758e-05   4.2096460e-04  -1.6526860e-04
   6.7564035e-03  -3.7577664e-03  -2.5447776e-02   4.7700565e-04   3.4404391e-04  -1.1791936e-04
   4.0270133e-03  -1.0921541e-02  -4.2435938e-02   3.7307674e-04   4.7274463e-04  -4.7061155e-05
   8.4034969e-03  -1.8127282e-03  -1.5256949e-02   8.7071838e-05   1.4347164e-04   2.5232893e-04
   3.1318410e-03   3.4791595e-03  -4.3938932e-02   4.9473096e-05   3.3574731e-04  -4.0993498e-05
  -3.0172936e-03   1.4449850e-02  -3.9031672e-02   1.3913245e-05   4.4778345e-04  -6.3382495e-05
  -5.8467091e-03   5.7779856e-03  -4.5492291e-02   4.6194874e-04   5.0113186e-04  -1.5048610e-04
  -7.6485390e-03   8.4130870e-04  -4.4734543e-02   2.3946793e-04   5.6407688e-04  -1.2152416e-04
  -3.6527914e-03   3.0410516e-05  -2.3830388e-02  -1.0603558e-04   4.8521061e-04  -1.2210012e-05
  -1.1460049e-03  -1.1813464e-02  -2.9083251e-02   4.4071386e-04   3.3888324e-04  -2.3442004e-04
  -1.0184766e-03   3.5451871e-03  -1.6424199e-02  -2.7100373e-04   4.5370108e-04  -5.6873072e-05
  -3.8593910e-03  -8.4763021e-03  -3.5241462e-02   5.8125505e-04   4.7297599e-04  -1.3403037e-04
   4.0051311e-03   4.3015715e-03  -1.9231582e-02  -2.2017781e-04   4.4666008e-04  -2.1115258e-05
   4.4519803e-03  -5.4936889e-03  -3.0405667e-02   1.6672278e-04   4.4902867e-04  -1.4905848e-04
   2.3756849e-04   4.5937617e-03  -1.7427156e-02  -2.7172362e-04   7.1222507e-04  -1.0774623e-05
   9.2657827e-03   1.5395973e-02  -1.2797322e-02   3.3468997e-05   2.8625842e-04  -2.8389963e-04
   5.4000017e-03   3.8900015e-03  -4.8798026e-02   6.3098612e-04   4.1672430e-04  -3.1613586e-04
   1.3647794e-02  -7.8346633e-04  -5.0277682e-02   2.6572766e-04   4.2217587e-05  -3.0583022e-04
   7.8003746e-03  -1.4971982e-02  -1.7472538e-02   3.5397786e-04   1.1647111e-04  -2.1929505e-04
   1.7171251e-02  -3.8174862e-05  -5.3708285e-03  -1.6130091e-04  -1.2364393e-04  -1.8447692e-04
   1.0596454e-02  -1.4140334e-02   8.2838410e-03   2.1668739e-04   8.5042563e-06  -1.9356874e-04
   1.4902677e-02  -1.6204044e-02  -1.6209336e-04   6.9092111e-05   3.1652044e-06  -3.1784979e-05
   1.2424566e-02  -6.9599388e-03   1.0680721e-03   2.1459231e-04   7.0045477e-05  -2.6872206e-05
   7.0705462e-03   1.6323254e-03  -1.8323631e-02   4.4086235e-05   2.2722048e-04  -6.9011412e-06
   9.1354636e-03  -5.8538608e-03  -1.9417888e-02   3.6303263e-04   1.0666424e-04  -1.3675040e-04
   1.4785234e-02  -5.7418228e-03  -7.3710730e-03   9.1654922e-06   1.0159238e-04   5.2497792e-05
   1.1195629e-02  -3.9059622e-03   1.1738079e-02   1.5360789e-04   6.9729300e-05  -3.1627219e-05
   1.1039415e-02  -2.0190139e-03  -9.9982112e-03   1.3477266e-04   1.1115798e-04  -6.5498948e-05
   3.1770671e-03   1.8383941e-04  -1.1446601e-02   4.1033478e-05   2.6947854e-04  -1.6349619e-04
   7.9278662e-04   6.8185407e-03  -1.9446084e-02  -2.2268162e-05   2.5717360e-04  -2.0503697e-04
  -8.9619406e-04   1.1810352e-02  -3.0225740e-02   3.6366580e-05   4.1456992e-04  -2.0323772e-04
  -5.3940821e-04   1.1266500e-02  -3.2176245e-02   2.7817371e-04   3.7448141e-04  -2.0947411e-04
   1.9877981e-03   1.4431495e-02  -4.0414144e-02   2.2433204e-04   3.5711199e-04  -1.3893896e-04
  -1.2560323e-04   1.7378686e-02  -3.7740756e-02   2.8971134e-04   3.6222235e-04  -1.1395243e-04
   2.7640274e-03   7.3655040e-03  -3.3316602e-02   2.9145459e-04   2.2375306e-04  -2.0942684e-04
   7.3856869e-03   4.1659959e-03  -9.1685294e-03   2.2322930e-04   1.4244672e-04  -2.0330799e-04
   8.3062659e-03  -8.1016024e-03  -2.6695240e-02   3.5836312e-04   1.6034659e-04  -2.1998424e-04
   1.7952242e-03  -7.9602857e-03  -1.6770805e-02   5.5101162e-04   3.0299989e-04  -2.1823209e-04
   4.9592436e-03  -1.2002667e-02  -3.1933536e-02   5.2587937e-04   2.7657530e-04  -2.9322023e-04
   2.3362884e-03  -9.5046823e-03  -1.9105810e-02   4.3508276e-04   3.8307437e-04  -3.4076592e-04
   5.1495824e-03  -6.6610505e-03  -4.4928835e-02   4.3333448e-04   3.8683397e-04  -1.4861952e-04
   3.8347098e-03   7.8738678e-03  -3.9519176e-02   3.7727608e-04   3.4563448e-04  -2.3860862e-04
  -2.9673813e-03   6.7967572e-03  -5.6671913e-02   4.5174298e-04   4.6073590e-04  -2.0317717e-04
   4.0851573e-04   1.4550668e-02  -2.2391325e-02   2.0720683e-05   3.0467451e-04  -2.2048953e-04
  -1.5203728e-04  -4.9602432e-03  -4.4928097e-02   5.0834695e-04   4.3732071e-04  -3.5861952e-04
   3.0523636e-03   9.5309077e-04  -2.2496737e-02   2.4106958e-06   3.7844451e-04  -3.2939971e-04
   4.8963183e-03   5.0472741e-03  -4.6304407e-02   7.0689153e-04   7.5022712e-05  -2.1292621e-04
  -5.4935242e-03   1.2677310e-02  -3.9330672e-02   2.5765239e-04   6.0553076e-04  -2.4095841e-04
  -1.7731649e-03   1.4165424e-02  -4.2789050e-02   5.6285579e-04   4.3615917e-04  -3.2285164e-04
  -1.5289517e-03   1.7691852e-02  -3.6522404e-02   4.1835982e-04   4.9423321e-04  -2.8533119e-04
  -2.8509673e-04   2.4553592e-03  -2.7396804e-02   5.0107377e-04   3.7050851e-04  -2.6905309e-04
   9.8415395e-04  -4.2771115e-03  -2.6880334e-02   2.4694848e-04   2.7242870e-04  -1.3299276e-04
   2.0927755e-03  -5.3243815e-03  -6.2233650e-03   3.7780692e-04   2.9194559e-04  -1.7525762e-04
   6.8953591e-03  -1.9721947e-02  -8.8540379e-03   1.4506875e-04   2.8104591e-04  -1.8803665e-04
   9.5362637e-04  -1.7067793e-02  -3.1828553e-03   5.6717617e-04   3.3507146e-04  -1.2168806e-04
   3.7440986e-03  -1.5885638e-02  -1.1910197e-02   2.1874477e-04   2.9596219e-04  -6.5957694e-05
   3.4184959e-03  -9.2770355e-03  -4.8010860e-03   3.8212453e-04   3.9150044e-04  -9.5900605e-05
   3.4558194e-03  -2.7049836e-03  -1.8715960e-02   1.8531275e-04   2.9049471e-04  -9.6960723e-05
  -2.9684132e-03  -4.5663249e-03  -1.4153773e-02   1.8023737e-04   9.6882320e-04  -2.2332405e-04
  -4.3298514e-03   1.7264041e-04  -4.2831763e-02   2.0443098e-04   8.2395010e-04  -2.1023188e-04
  -2.7531266e-03   1.3186032e-02  -3.0053114e-02   9.6692474e-05   5.5037383e-04  -1.0965175e-04
  -3.6095507e-03   1.4388622e-02  -4.9047544e-02   4.5131850e-04   5.4723401e-04  -1.6113552e-04
  -9.5920062e-03   9.1006383e-03  -3.8043619e-02   3.5647765e-04   7.8562068e-04  -3.9331517e-04
  -8.2595580e-03   1.6769586e-02  -2.6685553e-02   4.3560286e-04   6.6327685e-04  -2.8349395e-04
  -3.9333467e-03   1.0198209e-02  -3.1988406e-02   1.0029962e-04   6.4501338e-04  -2.3991535e-04
   5.3523976e-04   3.9606336e-04  -2.0766645e-02   3.5552592e-04   5.1732351e-04  -5.0814215e-04
  -1.1978151e-04  -1.6168313e-03  -2.0011776e-02   1.1748262e-04   5.2969325e-04  -3.2191929e-04
  -8.3726546e-03  -1.0797677e-03  -2.1315996e-02   6.0846944e-04   7.5578182e-04  -3.9636148e-04
  -4.1903973e-03   5.1683183e-03  -3.6451097e-02   3.2210793e-04   6.9444383e-04  -3.1117707e-04
  -3.4534724e-03   8.9066398e-03  -1.8520924e-02   2.4557887e-04   6.2182604e-04  -2.6291335e-04
