   0.0000000e+00   0.0000000e+00   0.0000000e+00  -1.3877788e-17  -1.3877788e-17   8.6736174e-19
  -4.3085852e-03   9.0670114e-03  -2.7562797e-03   6.8734122e-04  -3.3630001e-04   2.8441283e-04
   1.7324434e-03   1.1485824e-02  -5.8608160e-03   4.7382456e-04  -1.2721488e-04  -2.0072166e-05
   1.0856916e-03   4.7104794e-03  -1.3585383e-02   7.6594152e-05  -1.2738531e-04   8.9800961e-05
  -3.8381805e-03  -4.9893289e-04  -1.6422832e-02   2.0378673e-03   3.2553550e-05  -3.3563511e-04
   1.1172038e-03   2.9598434e-02  -1.5963788e-02   2.2953769e-03  -5.6167290e-04  -1.3425947e-04
   2.9867243e-03  -1.2505926e-03  -1.4519382e-02  -2.3770044e-06   1.6809321e-04  -9.1763901e-05
   1.1663663e-03   1.8438473e-02  -5.8567775e-03  -1.0055381e-04  -1.5257523e-04   1.2221816e-04
   8.1984571e-03   1.6223316e-02   5.1469527e-03   1.4585024e-04   1.9986397e-04  -4.5376258e-05
   9.0058441e-03   1.4853878e-02   3.1705494e-03  -2.7631073e-05   2.2552355e-05   1.4516241e-04
   3.2770224e-03   1.3380385e-02   4.1914851e-03   3.7921214e-04   5.0065767e-05   6.2651449e-05
   4.0367512e-03   3.3054200e-03   9.8462884e-03   5.0384536e-04   1.9193627e-05   8.4931979e-05
   1.6558955e-02  -1.6028267e-02  -2.7943973e-02  -9.2218011e-04   1.0042199e-03   1.5100022e-03
  -5.0447536e-02  -1.5476306e-02  -8.6393915e-03   1.0291496e-03  -1.2788506e-03   1.2432208e-03
  -2.0280469e-02  -1.3382074e-02  -3.7319747e-02  -1.4816040e-03   1.6604813e-04   9.4271407e-04
  -2.3873815e-02   3.0758471e-03   2.7982928e-05   3.9268654e-04   9.7847750e-05   5.1354627e-04
  -1.4101784e-02  -1.2037397e-02   9.4870574e-04  -4.0081619e-04   1.4067702e-04   5.5155849e-04
  -2.0230985e-02  -1.0540437e-02   5.0945783e-03   3.9440797e-04   8.1815122e-06   2.7443421e-04
  -1.2555571e-02  -8.6141465e-03   1.7078055e-03   2.6741106e-04   9.9821338e-05   2.3224545e-04
  -6.4661398e-03  -4.2074944e-03  -3.2080924e-03  -7.7876693e-05  -2.7919940e-05   4.0399167e-04
  -4.5777188e-03   6.5861418e-04  -8.9822254e-03  -1.3291131e-04  -4.7277519e-05   4.3870012e-04
  -1.0719345e-02   6.4243262e-04   4.8876769e-04   5.5759648e-04   1.0558623e-05   3.4070716e-04
  -5.1675839e-03  -2.6432505e-03  -3.2351782e-03  -1.1625571e-04  -4.0435784e-05   3.9498289e-04
  -6.3265123e-03   5.4628823e-03   2.5746017e-02   1.2914118e-03   8.9242327e-05   1.3557932e-04
  -1.0880698e-02  -3.6128570e-02  -2.6396550e-02  -4.9695070e-03   8.8693746e-04   5.2061553e-04
  -7.4240502e-03   5.4197044e-03  -6.8404964e-03   3.3666564e-04   9.3412416e-05   3.5301810e-04
  -1.3250528e-03   4.9652745e-03  -2.1687890e-03  -2.8809386e-05   8.1609411e-05   3.9843280e-04
  -5.7530489e-04  -4.2284496e-03   6.1081758e-03  -2.2120178e-05  -6.6986204e-05   4.8971269e-04
  -4.7537816e-03  -8.2855872e-04   5.1956545e-03   3.5256294e-04   4.7974342e-05   5.1023429e-04
   6.4121605e-04  -9.4139116e-03   4.8652468e-03  -1.0364162e-05   1.6317669e-04   4.9125471e-04
  -6.4893487e-03  -7.3804315e-03  -1.0573862e-02  -1.1115319e-04  -1.6012735e-04   5.4456740e-04
  -8.1553097e-03   2.1536988e-03  -2.9973944e-03   4.9244707e-04   2.8884803e-05   4.8881711e-04
  -8.4905185e-03  -3.8951431e-03   3.6325721e-04   1.8134517e-05   6.1318284e-05   5.3016424e-04
  -6.7753746e-03   6.1937464e-03  -1.1287862e-02  -9.4368296e-05  -8.8090345e-06   6.2160896e-04
  -8.9132267e-03   1.3620301e-02  -5.8452440e-03   3.5993994e-04   8.3431331e-05   6.2729183e-04
  -1.5443656e-02  -3.3870457e-02  -6.4021976e-03   6.0385161e-05  -5.3049123e-05   5.6487916e-04
  -1.2978954e-02  -4.2616594e-02  -2.4727424e-02  -1.1474445e-03  -2.4109495e-04   6.6837212e-04
  -8.4953714e-03  -7.9585512e-04  -1.9786458e-02   1.1597010e-04  -4.1054862e-05   4.7360229e-04
  -9.4941725e-03   4.2317925e-03  -1.4435559e-02   5.0226049e-04  -2.3762731e-05   4.6127052e-04
   2.7038386e-04  -6.3047996e-04  -1.9628111e-02  -2.0722962e-04   2.6097743e-05   4.5694954e-04
  -1.3149446e-02  -1.7443760e-02  -3.3861195e-03  -5.9361808e-04  -1.5632393e-04   2.0396827e-04
  -2.1763357e-02  -4.2251316e-02  -2.6317284e-02  -3.9105108e-03  -3.5325041e-05   2.3459396e-03
  -9.4118185e-03  -1.0530917e-02  -1.0577632e-02  -8.6505583e-04   5.6155791e-04   2.6368276e-04
  -6.1292774e-03  -6.0899946e-03   6.8955686e-03   3.2844603e-04   4.0970593e-05   2.5597232e-04
  -6.4235737e-03  -1.5627535e-02   2.6128207e-02   5.6163394e-04   7.7843282e-05   4.5980451e-04
  -9.4821938e-03  -1.0456944e-02   1.2278885e-02   4.9009543e-04   1.7789799e-04   4.9401730e-04
  -7.4191407e-03  -1.5043787e-02  -2.6906074e-03  -3.8004575e-04   2.3085197e-04   3.3493031e-04
  -1.0362322e-02  -4.7457635e-03   9.8433844e-03   2.7577109e-04   2.9509210e-04   5.1220136e-04
  -9.6776515e-03   4.6399107e-03   1.6771672e-02   3.9680654e-04   3.8609791e-04   5.8826815e-04
  -2.2398902e-02  -1.4779365e-02  -1.8190702e-03  -8.3481300e-04  -5.3857542e-04   1.2249131e-03
  -2.0057615e-02  -7.8015927e-03  -4.1642953e-02   1.9635721e-04  -4.7657570e-05   8.2335767e-04
  -1.6336969e-02   3.0261641e-02  -3.5531546e-02  -6.4903566e-04  -3.7307401e-04   5.6261469e-04
  -6.7000426e-03   3.2609712e-02  -2.0668904e-02  -2.3788294e-04   2.0903662e-04   6.5865156e-04
  -4.2879990e-04   2.3030650e-02  -8.1950963e-03  -5.2519115e-04   1.0794812e-05   4.4913498e-04
  -1.5824570e-02   4.2576256e-03   6.5103052e-03   5.2380884e-04   2.5105857e-04   7.0466824e-04
  -1.1023632e-02  -5.3067531e-04   8.8799377e-03  -2.3055636e-04   8.9643006e-05   5.5630293e-04
  -2.3020944e-02   6.9992436e-04  -1.1537186e-02   3.6934187e-04   1.0472590e-04   6.4286562e-04
  -1.8578264e-02   7.2489292e-03   2.8937164e-03   3.3201020e-04   2.4159790e-04   6.0741296e-04
  -1.5743034e-02   3.8394230e-03  -8.2049603e-04  -2.8265000e-04   8.8278509e-05   5.0142456e-04
  -1.7994354e-02   3.3463230e-03  -8.1052257e-03  -1.0950623e-05   1.5529034e-04   6.3849522e-04
  -1.6817288e-02   5.2171384e-03  -1.1417962e-02   2.9391791e-04   1.2137271e-04   6.8981025e-04
  -1.5201243e-02   7.0224691e-03  -1.8348041e-03   4.9060593e-04   3.1094796e-04   8.9935425e-04
  -2.5122058e-02   7.8901818e-03  -1.4433283e-02   1.7515188e-03   8.6084699e-04   2.3804184e-05
   5.0662754e-03   5.6369926e-02  -2.4717695e-02  -1.4576285e-03   2.1988455e-04   1.5191765e-03
  -2.2888583e-02   2.3450570e-02  -2.3577630e-03   5.2145138e-04   1.9740762e-04   9.1679859e-04
  -1.6318786e-02   1.5207547e-02  -1.0055137e-02  -4.8227102e-04   3.4184461e-04   6.6747589e-04
  -1.9251529e-02   1.4344323e-02   1.8506251e-03   3.7804534e-04   4.0097823e-04   4.6284739e-04
  -1.5309076e-02   3.4209576e-03   8.7533794e-03   3.3003300e-04   4.2536769e-04   5.0391745e-04
  -1.6340631e-02  -1.0560880e-02  -4.4692763e-04  -8.6252614e-05   2.0715145e-04   5.8307422e-04
  -1.6566431e-02  -3.4830042e-03  -4.0406814e-03  -1.0700061e-04   1.0161202e-04   5.4241304e-04
  -2.1172061e-02  -7.9342619e-03  -1.3088250e-03   3.8723654e-06   1.2366601e-04   7.2681318e-04
  -1.8591078e-02   4.1412874e-03  -4.4537693e-03   5.4240646e-04   3.5533718e-04   5.7824567e-04
  -1.8877653e-02  -5.1423201e-03   1.2061784e-02  -7.2830769e-04  -2.9898249e-05   1.1693833e-03
  -1.2977886e-02   4.3438329e-02  -3.4512616e-02   1.4317285e-04  -7.6009092e-05   9.7210229e-04
  -1.3616738e-02   4.8416821e-02   2.7604827e-02   2.4768260e-03   6.2998022e-04   2.3501125e-04
  -1.4794181e-02  -1.3957539e-02  -2.7759334e-02  -9.3894108e-04   4.3116825e-04   1.2720378e-03
  -1.3070144e-02   8.9524569e-03   3.5753653e-03   4.1410245e-04   5.8601237e-04   8.2356563e-04
  -3.0736724e-03  -5.9042536e-03   1.8109710e-02  -3.0069195e-04   4.9067157e-04   8.3455204e-04
  -1.2475910e-02  -1.9433193e-02   2.5526810e-02   3.2556019e-04   5.0400576e-04   9.4754555e-04
  -1.2455534e-02  -1.2549287e-02   6.6344850e-03  -3.1083180e-04   3.7305568e-04   1.0774298e-03
  -1.9602920e-02  -1.1149320e-02   1.4401242e-02   2.4842357e-04   4.5012337e-04   1.0917759e-03
  -1.9403385e-02  -7.0814744e-03  -4.3756374e-03  -1.0480970e-03   5.1159596e-04   6.8695273e-04
  -2.0645941e-02   1.7351453e-02  -1.8984324e-02   6.8554556e-05   3.8611978e-04   8.9926754e-04
  -1.4095979e-02   7.9133724e-03  -7.5340859e-04   2.5405107e-04   3.3065739e-04   7.7169219e-04
  -1.2208093e-02   8.4016631e-03  -1.0167182e-02  -1.4815274e-04   2.0667425e-04   9.0571330e-04
  -1.3830812e-02   1.1145421e-02  -2.6194006e-03   4.3265854e-04   3.0971350e-04   8.7446195e-04
  -1.3711990e-02   7.2461085e-03  -1.7980985e-03   7.9031286e-05   1.4637227e-04   6.9301695e-04
  -8.3423219e-03   4.5703411e-03  -7.0087972e-03  -3.0020419e-04   4.1325129e-05   6.6894106e-04
  -1.6576963e-02   7.7011020e-03  -2.0762473e-02  -1.9744729e-04   1.4865004e-04   1.0708190e-03
  -1.5657331e-02   1.9571457e-02  -2.2448708e-02   3.6500959e-04   2.1052022e-04   8.9703823e-04
   5.7302528e-03   1.3820053e-02  -3.6663835e-02   3.6671814e-04   6.5156891e-04   9.4265089e-04
  -2.2880101e-02   2.6397182e-02  -9.7373135e-03   1.3470978e-03   2.4638604e-04   4.4875926e-04
  -1.4157593e-02   1.4778855e-02  -7.8583445e-03  -2.9147478e-04   2.7271877e-04   7.2464308e-04
  -1.3691223e-02   2.2240705e-03   4.1256039e-04  -4.0072117e-04   2.7617327e-05   8.8257943e-04
  -1.8664098e-02   5.7661063e-03   5.5059887e-03   4.7005244e-04   3.2796735e-04   9.7390166e-04
  -1.2874007e-02   3.0670784e-03   6.6092307e-03   2.5476019e-04   1.7930076e-04   8.3272143e-04
  -1.4994943e-02   3.9313502e-03  -6.6987506e-03  -4.3832107e-04   1.6782714e-04   8.8035405e-04
  -2.2873011e-02   3.8879854e-03  -1.4563936e-02  -4.6899766e-04   4.5850876e-04   8.4150286e-04
  -2.0378898e-02   9.6619604e-03   4.0775503e-03   4.1982576e-04   2.5415951e-04   7.8553260e-04
  -1.9666871e-02   7.7813077e-03  -2.9586114e-03  -2.4970220e-04   1.6636589e-04   7.3249801e-04
  -1.8992483e-02   1.3885461e-02  -5.3855110e-03  -1.5917189e-04   1.8153955e-04   9.0935925e-04
  -2.8159067e-02   1.7482197e-02  -1.4856054e-02  -8.0021872e-06   2.3479447e-04   1.0129758e-03
  -2.7397145e-02   5.3498202e-03  -4.0933070e-02  -1.2731458e-03   2.9282697e-04   8.8772005e-04
  -2.1956234e-02   1.0094884e-02  -1.5717053e-02   9.8677049e-05   3.3611520e-04   6.4714626e-04
  -2.1582915e-02   1.7473564e-02  -5.7041384e-03  -2.9982644e-04   1.6287925e-04   7.4192383e-04
  -2.3158100e-02   1.1117416e-02  -2.1964428e-02  -1.5044150e-04   6.6007874e-05   9.0042393e-04
  -1.8571176e-02   8.9124667e-03  -1.8987234e-02   1.3305973e-04   3.4189299e-04   7.3292471e-04
  -1.3805322e-02   3.6227346e-03  -2.4891841e-04   5.3417045e-04   1.2184062e-04   8.7583318e-04
  -2.5882148e-02  -6.2835549e-02  -2.1315887e-02  -7.0016717e-04   1.0790952e-04   1.0342456e-03
  -1.8186135e-02  -2.4907360e-03   9.9049404e-03  -2.9720216e-04   6.5131674e-05   9.9399811e-04
  -1.6683238e-02  -5.7970095e-03  -2.3791328e-02  -1.1103310e-03   4.2686943e-04   7.6822700e-04
  -2.0969584e-02   6.6830955e-04  -1.4143454e-02  -8.3050238e-04   2.0880321e-04   9.4172405e-04
  -2.0614118e-02  -5.0056680e-03  -1.4048915e-02  -2.8239358e-04   1.2884687e-04   8.5571725e-04
  -1.8916382e-02  -5.8276601e-03  -8.8154789e-03   4.0552632e-04   8.6901766e-05   8.3595315e-04
  -2.3127998e-02  -7.4486096e-04  -2.7252440e-02   1.3734716e-04   2.9637865e-04   5.2967170e-04
  -2.3271812e-02   4.9944024e-03  -1.4103975e-02   2.3945057e-04   2.7156968e-04   7.7996214e-04
  -5.0044895e-02   2.6902068e-03   4.8888363e-02   6.3788211e-03   1.3867450e-03   3.0562074e-03
  -2.7683745e-02  -1.4902044e-02  -7.4239932e-02  -3.4346499e-03   2.8105264e-04   1.5206075e-04
  -3.1504331e-02   7.8831343e-03  -2.4913534e-02  -1.6731620e-04  -7.4643604e-05   7.6206450e-04
  -2.2368190e-02   2.6309546e-02  -2.6126117e-02  -3.6788644e-04   1.6216887e-04   8.2405790e-04
  -2.4696213e-02   2.6119951e-02   1.9778890e-04   3.3992160e-04   3.5204370e-04   9.0659066e-04
  -2.4391331e-02   9.2353033e-03  -1.0553133e-02  -2.9473915e-04   3.0396822e-04   8.2262367e-04
  -3.0997296e-02   8.3172149e-03  -1.0706325e-02   2.4410306e-06   3.8712087e-04   9.0010713e-04
  -2.8492881e-02   1.1733958e-02   1.7827568e-03   3.2073207e-04   4.8612311e-04   7.5140274e-04
  -2.6203702e-02   8.2117201e-03  -6.8591984e-03  -4.4088945e-04   3.6631836e-04   7.9785362e-04
  -2.8754081e-02   6.6474305e-03  -1.1508361e-02  -2.1150827e-04   4.0639945e-04   9.7085876e-04
  -3.1967031e-02   8.9185850e-03  -1.5980082e-02   3.0140654e-04   4.5235158e-04   9.8352893e-04
  -2.1772705e-02   1.1412003e-02  -6.8095094e-03  -1.3377865e-04   4.8320104e-04   7.5155422e-04
  -2.5522341e-02   8.8020310e-03  -2.4592842e-02  -3.5762572e-04   2.6300075e-04   9.8464039e-04
  -2.8753803e-02   1.5346607e-02  -2.8504548e-02   1.8072544e-04   2.7028939e-04   1.2407118e-03
  -2.4821182e-02   1.0473272e-02  -2.0244488e-02   1.7950343e-05   3.6453651e-04   1.1382697e-03
  -2.8882115e-02   1.7855254e-02  -2.4368036e-02  -6.0075968e-04   2.3974999e-04   1.3048107e-03
  -2.4260835e-02   5.9782084e-03  -3.0908000e-02  -4.5595096e-04   3.1889771e-04   9.6194770e-04
  -2.6982657e-02   1.2585097e-02  -2.2830890e-02  -3.9433119e-06   2.8141009e-04   9.0871678e-04
  -2.4935803e-02   2.6011087e-03  -6.0504944e-03   1.0770727e-04   2.7752904e-04   9.5502145e-04
  -1.7607493e-02  -1.6259139e-03  -9.5006820e-04  -2.0779200e-04   3.8234641e-04   5.3220015e-04
  -1.9462247e-02   1.2965949e-02  -1.7434557e-02  -4.1001760e-04   2.3579240e-04   8.8202030e-04
  -2.4298957e-02   1.2453970e-02  -1.6154537e-02   2.2311659e-04   2.3093715e-04   8.0664487e-04
  -2.3733265e-02   1.5071726e-02  -9.1539003e-03   3.0782928e-04   4.2208602e-04   8.2750857e-04
  -2.1576406e-02   3.9884722e-03  -4.7959721e-03  -1.9782476e-04   2.6081942e-04   7.0775896e-04
  -1.8699030e-02   1.5932181e-02  -1.4109121e-02  -3.4199631e-04   2.5243412e-04   9.5829812e-04
  -1.7388271e-02   1.5584651e-02  -1.2749884e-02   2.6653177e-04   3.3804892e-04   7.6776976e-04
  -7.8375577e-03   1.6676994e-03  -1.5587224e-02   3.4938173e-04   4.1221562e-04   4.2790537e-04
  -1.9097165e-02   7.1847309e-03  -2.3414883e-03   4.4374073e-04   2.9440871e-04   6.6104738e-04
  -1.5303754e-02   1.2789575e-02  -1.8690785e-04  -4.5143549e-05   1.8497403e-04   6.6478914e-04
  -1.9599674e-02   6.5840910e-03  -6.0313574e-03   1.8316631e-05   2.1600308e-04   6.7640073e-04
  -1.6933385e-02   5.6689603e-03  -8.4621202e-03  -4.0420080e-04   1.7563664e-04   8.6158078e-04
  -3.1111838e-02   2.8757514e-02   1.4677928e-02   3.3529167e-03   4.4596176e-04   9.5608999e-04
  -2.4166257e-02  -8.4692120e-03  -1.2955258e-02  -2.0374501e-04   7.2747540e-04   8.5257591e-04
  -2.1880019e-02   2.0955486e-02  -3.5143082e-02  -7.5608968e-04   1.9694643e-04   9.9324946e-04
  -1.6511790e-02   1.3070508e-02  -2.5303259e-02  -4.2149953e-04  -1.4953314e-05   6.4485532e-04
  -1.8473068e-02  -4.8418465e-03  -1.3741411e-02  -9.5309466e-05   8.0712115e-05   7.0534991e-04
  -1.8629319e-02   2.6846486e-03  -2.2443902e-02   3.1378108e-04   9.5585617e-05   7.1899831e-04
  -1.5167104e-02   8.7426831e-03  -6.3168075e-03   1.5980408e-03   4.9812521e-04   4.9411777e-04
  -1.9362936e-02  -4.2925547e-02  -4.4560639e-02  -4.5335245e-03   6.9171104e-04   9.6989968e-04
  -1.2750430e-02  -2.0325581e-02  -1.9700308e-03   1.3812412e-03  -5.9915113e-04  -9.2251355e-04
  -1.7683696e-02   2.7335535e-02  -2.4704375e-02  -6.8075241e-03   1.9876259e-04   3.9605664e-03
  -1.1335507e-02   1.8419093e-02  -1.9874023e-03  -4.2221925e-04   4.9670554e-04   6.1298757e-04
  -1.9843998e-02   1.2870637e-02  -5.8594006e-03   2.6834261e-04   4.6725021e-04   8.5899886e-04
  -1.6672907e-02   1.6264797e-03   1.0732846e-02  -2.8706294e-04   3.8773522e-04   8.8569464e-04
  -2.3447529e-02   7.8414176e-03  -1.1841221e-02  -3.1918764e-04   1.2055910e-04   7.5597833e-04
  -2.4188174e-02   1.0061702e-02  -1.1237321e-02   2.0463605e-04   2.5579827e-04   8.7230170e-04
  -1.4240683e-02   1.1344594e-02  -3.6372947e-03   2.2027189e-05   2.5870446e-04   7.0837532e-04
  -1.5132963e-02   4.0294301e-03  -1.1959370e-02  -3.0499922e-04   1.7415278e-04   8.8696431e-04
  -1.5864880e-02   5.8977872e-03  -8.0519511e-03   1.8311604e-04   3.1212795e-04   8.5142503e-04
  -1.4318262e-02   7.2157482e-04   1.9074181e-04  -5.3291374e-05   1.8793256e-04   8.4812342e-04
  -2.2060099e-02   5.1611402e-03  -1.1803613e-02  -2.8658566e-04   9.0761508e-05   9.2249185e-04
  -2.3846007e-02   8.6662297e-03  -1.2123208e-02   2.2615614e-04   2.2139494e-04   7.4729269e-04
  -1.9073519e-02   2.6546976e-03  -1.7114727e-02  -3.2175141e-04   1.3483916e-04   6.2809219e-04
  -2.4332618e-02  -6.5527024e-02  -4.1849462e-02  -1.3808916e-03  -6.2594981e-05   1.1261615e-03
  -5.2020619e-03   1.2586460e-02  -2.5952111e-02   8.1131693e-04   5.5800958e-04   9.6398864e-05
  -1.9629814e-02   1.5301932e-02  -2.1465434e-02  -1.8310189e-04   3.0431730e-04   4.1068635e-04
  -2.1452952e-02   1.3083945e-02  -1.9857721e-02   3.7338266e-05   2.2898729e-04   2.1433218e-04
  -1.5931477e-02   1.0499502e-02  -1.7215415e-02   1.2573602e-04   3.4799781e-04   2.3457934e-04
  -1.1883803e-02   1.2364909e-02  -2.0350346e-03  -4.2001652e-05   4.1402384e-04   2.8468554e-04
  -1.4007928e-02   1.8366002e-02  -7.4772455e-03   1.9495384e-04   3.2955211e-04   5.3244882e-04
  -1.7831070e-02   1.3455298e-02   3.1159942e-03   2.1406979e-04   3.6686226e-04   5.2745653e-04
  -3.6894727e-03   6.6308741e-03  -3.5316295e-03  -1.0275435e-04   4.9434413e-04   2.6070479e-04
  -3.6761243e-03   1.0131564e-02  -8.0429836e-03  -3.2094135e-04   2.8654942e-04   4.6905927e-04
  -2.9088878e-04   7.1727404e-03  -3.1731744e-03  -1.5480168e-04   2.9130345e-04   4.1783291e-04
  -3.1443815e-04   4.1695611e-03  -3.1740881e-03  -3.1324519e-04   2.6049867e-04   5.9504691e-04
  -5.7865464e-03  -1.3398410e-04  -4.1878238e-03  -1.1240334e-04   2.4982876e-04   4.6444103e-04
   1.0017336e-02   6.6359855e-02   1.5213084e-01   8.9052160e-03   1.0139886e-03  -2.2251542e-03
  -4.1055980e-02  -4.4066931e-02  -3.6719140e-02  -8.8123714e-03  -9.6842623e-04   3.9471876e-03
   1.0144838e-03  -2.7242925e-02  -2.8238406e-02  -3.6888808e-03  -1.8835602e-04   1.0320779e-03
   1.0154090e-03   4.7026776e-03  -2.2060246e-02  -5.6117737e-04   5.7621297e-05   1.3137435e-04
   2.0869456e-03  -8.9965594e-03  -7.5020693e-03  -5.7126616e-05  -1.3841308e-04   1.0160958e-04
   2.2298334e-03   1.9008528e-03  -5.9755056e-03   3.7870272e-04   2.8388362e-05   2.3824934e-04
   4.1916660e-03  -1.8988564e-03  -1.7229575e-02  -5.0050666e-04  -1.2687613e-05   3.4290780e-04
   4.5563397e-03   1.6244361e-02  -1.8125114e-02  -1.9664582e-04  -2.3298543e-04   2.7735445e-04
  -1.0709404e-02   2.1998405e-03  -1.5989703e-02  -1.6358650e-04   3.6573786e-04   2.4593811e-04
  -1.6699574e-02  -1.5983045e-02  -2.0849786e-02  -6.7385537e-04  -5.0865823e-04   1.1784028e-03
  -6.1309724e-03   3.9206901e-03  -7.5188910e-03  -5.3829278e-04   2.6915555e-04   3.6719113e-05
  -3.9089994e-03   3.8462294e-03  -2.0833422e-02  -5.9963239e-04  -1.8992427e-04   2.4489440e-04
  -8.5660804e-03   7.7063390e-03  -1.4557252e-02   2.4151622e-04  -9.2294709e-05   2.4528983e-04
  -7.0963830e-03   1.1913308e-02  -1.5805009e-02   2.7074341e-04   4.6579668e-05   2.6659394e-04
  -3.7552505e-03   7.0601722e-04  -1.5679773e-02  -6.0292141e-04  -1.3140616e-04   2.0613651e-04
  -9.8015553e-03   5.6110223e-03  -2.3976403e-02  -1.4133842e-04  -2.0055679e-05   1.8263069e-04
  -7.1055033e-03  -1.2404252e-02  -1.3944597e-02  -3.5054534e-04  -1.1732816e-04   2.1399563e-04
  -4.8320319e-03  -3.7780580e-03  -2.0509551e-02  -4.5390445e-04  -1.9490587e-04   1.1718973e-04
