   0.0000000e+00   0.0000000e+00  -7.1054274e-15   2.7755576e-17   0.0000000e+00   0.0000000e+00
   4.5468272e-04  -1.7847027e-02   8.4462605e-03   5.8550026e-04  -6.4409378e-04  -7.8869285e-06
  -8.8041958e-04  -7.6127567e-03   4.5724216e-03  -4.9431846e-04  -2.4593582e-04   1.5929984e-05
   1.8674039e-03  -8.3293736e-03   1.0019594e-02  -2.0492529e-04  -4.3586104e-04  -1.6174339e-04
  -1.8737339e-03  -1.5471387e-02   1.4409267e-02  -1.0943936e-04  -6.2980954e-04   7.7246031e-05
   8.1880158e-04   3.1908771e-03   8.0970875e-03  -6.7530255e-04  -2.1278848e-04   6.2744467e-05
  -2.4466903e-04   1.8134119e-04   1.0356008e-02  -5.1412250e-04  -1.5364280e-04  -1.3668581e-04
  -1.5193907e-03  -3.2056723e-03   8.3507068e-03   5.4802778e-04  -2.1567056e-04  -2.8463157e-05
   1.3398133e-04  -8.1857969e-03   2.4269425e-03  -4.4737396e-04  -2.3478318e-04  -1.8092217e-04
   2.3483679e-03  -1.7534224e-02   6.0552859e-03  -3.6363578e-04  -5.7997100e-04  -4.0874678e-05
   1.0411906e-04  -1.0790627e-02   3.1744928e-03  -2.5224418e-04  -1.9225993e-04   1.9992254e-05
  -3.3140114e-03   5.9883691e-04   1.1761751e-03  -8.6625133e-05  -2.9681629e-04   1.0949965e-04
   1.0308458e-03  -6.3034360e-03  -1.0867488e-04  -4.3595547e-04  -4.2360184e-04  -2.0946857e-04
  -1.8797439e-03   4.4695971e-04   1.7931920e-03  -4.2138022e-04  -3.3224490e-04  -7.7721011e-05
   3.0493743e-03   1.0100216e-02  -3.4833243e-03  -6.6069372e-04  -2.8800186e-04   2.0212415e-05
   2.9733153e-03  -4.2341460e-03  -5.0333252e-05  -7.9375320e-04  -1.2664929e-04   4.2793022e-05
   9.4028397e-04  -1.2178466e-02   3.2399607e-03  -7.4264162e-04  -2.3619060e-04   1.3107443e-04
   2.6548167e-04  -3.5643973e-02   4.1511283e-04   7.7966292e-05  -4.0511710e-04   7.0808719e-05
  -2.8745120e-03  -1.9777194e-02   9.8250632e-03  -5.6703166e-04  -2.9841866e-04   1.7079899e-04
  -5.4605799e-03  -1.9902374e-02   8.6622699e-03  -3.0511528e-04  -5.5878577e-04   1.1243466e-04
  -7.5105882e-03  -2.2452555e-02   7.3176731e-03  -1.1053151e-04  -7.5567244e-04  -1.8550546e-04
  -4.9094367e-03  -8.6702685e-03   3.9356384e-03   4.0167049e-04  -7.3161888e-05   1.2227937e-05
  -7.0109078e-03  -1.0166784e-02   5.9057541e-03   2.1400039e-04  -2.5991223e-04  -6.0808075e-05
  -8.8601112e-04  -1.1441402e-02   5.6700635e-03  -5.4307009e-04  -3.9768963e-04  -2.4706897e-04
  -1.9116164e-04   6.0541704e-03  -3.6423754e-03  -4.6319955e-04  -3.0093678e-04  -1.4385286e-04
  -2.3621121e-03  -9.9227674e-03   2.9067084e-03  -5.6036999e-04  -3.4057845e-04   3.4444373e-06
   7.8151822e-04  -1.1583343e-02   7.1362908e-04  -6.0735539e-04  -2.1177616e-04  -2.1719127e-04
   9.6720532e-04  -7.8555136e-04   1.1642719e-02  -4.9712518e-04  -3.9741362e-04  -2.6976005e-05
  -6.7408545e-04   7.4811598e-03  -5.8271442e-03  -7.8055931e-04  -3.2228604e-04  -9.0760450e-05
  -2.8240205e-04  -1.0831188e-02  -1.7930442e-03   4.5439779e-04  -6.0640236e-04   1.3783245e-04
  -3.3330314e-03  -1.3583818e-02  -1.0427337e-02  -1.7437505e-04  -1.7633733e-04  -2.7592811e-04
  -3.0572807e-03  -1.1986971e-02   1.5439608e-03   3.7923584e-05  -3.9997889e-04  -3.1830719e-04
  -2.1622794e-03  -2.1678939e-04   4.8219686e-03   1.2876044e-04  -6.8158254e-05  -3.5041949e-05
   1.5331545e-03  -2.0507374e-02  -9.1871993e-04  -1.1047350e-04  -3.4472659e-04  -3.3852823e-04
  -1.4798211e-03  -4.0853785e-03   8.9033353e-03  -5.7412667e-04  -3.8821903e-04   4.3329322e-05
  -9.7853563e-04  -5.4822928e-03   6.7519418e-03  -5.4660531e-04  -4.7474402e-04   8.3874819e-05
  -4.1859700e-03  -9.1750012e-03   6.1969992e-03  -7.1415481e-04  -3.7221316e-04   1.7838870e-04
  -4.0137783e-03  -3.6324412e-02   4.2692735e-03   1.6764884e-04  -5.4188651e-04  -1.7177559e-04
  -3.7128067e-03  -1.1630871e-02  -1.6290570e-03   4.8529144e-06  -2.3347670e-04   1.1766693e-04
   1.0238145e-03  -2.8609160e-02  -3.7910054e-03  -1.0333438e-04  -5.5350473e-04  -2.0182864e-04
  -1.5704014e-03  -8.9994698e-03  -7.5845115e-03  -3.9586695e-04  -2.9346506e-04   8.2737819e-05
  -5.1328507e-03  -1.9119295e-02   6.4956259e-04   3.0101135e-04  -6.0251976e-04   1.3372683e-05
  -4.7232333e-03  -1.2493664e-02  -1.2396573e-02  -2.9463450e-04  -6.7810057e-04   5.2706277e-05
  -4.1800427e-03  -2.6733784e-02  -3.5737561e-03  -6.8714014e-05  -5.5921896e-04  -2.8766477e-04
  -5.1029874e-03  -8.3871933e-03  -7.1819693e-03  -5.3260425e-04  -4.8304806e-04   1.3966297e-04
  -3.2871181e-03  -7.9473226e-03  -7.4364087e-03  -4.5365633e-04  -3.7608503e-04   1.5710732e-04
  -2.5291542e-03  -1.4571918e-02  -5.6018243e-03  -1.8928470e-05  -3.9160663e-04  -5.9781111e-05
  -5.5351932e-03  -1.2715232e-02  -6.3119333e-03  -2.8928088e-04  -1.3664842e-04  -2.4263468e-04
  -6.2422246e-03  -2.0127709e-02  -6.7151280e-04  -1.7901961e-04  -4.8038643e-04   2.2227195e-05
  -3.6842045e-03  -1.9309001e-02   1.3120671e-02  -6.8627531e-04  -6.0465297e-04   3.0602140e-04
  -7.2447438e-03  -1.8340886e-02   3.1246247e-03  -3.9441034e-04  -7.5812544e-04   1.2489599e-04
  -9.0749389e-03  -6.2374725e-03   5.3209517e-03  -2.6775511e-04  -5.1466328e-05   1.7870277e-04
  -4.1154774e-03  -6.1241892e-03   6.3632999e-03  -5.7693046e-04  -6.0070100e-04   3.9933911e-04
  -5.2171207e-03  -1.7204352e-02   9.2921104e-03  -6.7381060e-04  -3.8672444e-04   9.2577954e-05
  -1.8226883e-03  -1.4262501e-02   1.2381830e-04   1.7642407e-04  -5.7888306e-04   4.5715163e-05
  -2.9226443e-03  -1.7220138e-02  -9.1283914e-03  -1.4461644e-04  -3.9595001e-04  -9.3624746e-05
  -5.8500483e-03  -1.3101022e-02  -7.2903301e-03   3.3369015e-04  -4.1147433e-04   3.5501307e-05
  -5.1857882e-03  -6.5223622e-03  -1.1283668e-02   4.1448831e-04  -4.1936612e-04   1.9077562e-04
  -5.5687505e-03  -1.7934344e-02   6.0056756e-03   1.0634766e-05  -4.6710774e-04   1.4436298e-06
  -2.9813716e-03  -1.1504467e-02   2.5626075e-03  -5.9117888e-04  -3.5284511e-04   4.2243290e-05
  -2.7039636e-03  -9.3523439e-03   2.3422540e-03  -5.8578884e-04  -4.8009873e-04   1.4098515e-04
  -3.8646842e-03  -7.3650555e-03   1.1172110e-03  -6.3583227e-04  -3.5201579e-04   1.9575289e-04
  -6.8663985e-03  -1.3342365e-02  -7.1107348e-04   5.1333927e-04  -3.6497717e-04   1.1919465e-04
  -4.8932203e-03  -1.5776105e-02  -1.5757355e-03  -4.3362507e-04  -5.0364683e-04   1.6263906e-04
  -4.5683467e-03  -3.4855425e-02   1.3833962e-03   3.7756891e-04  -5.1811288e-04   5.9470718e-05
  -8.6460912e-04  -2.4440491e-02  -1.3546470e-02  -4.0736769e-05  -3.6233602e-04  -6.0775064e-05
  -3.7633427e-03  -1.5696409e-02  -1.2634985e-02  -3.9668863e-04  -3.0161639e-04   2.0658207e-04
  -5.2604292e-03  -2.4965393e-02  -1.0007634e-02   3.3583979e-04  -5.1132423e-04  -9.4803980e-06
  -3.5827618e-03  -2.6357202e-02  -1.5895617e-02   5.4667916e-05  -4.0291056e-04  -6.9305580e-05
  -5.0520978e-03  -6.9217547e-03  -3.7759673e-03  -4.7571353e-04  -6.4049256e-04   9.4833302e-05
  -8.3144911e-03   4.4882310e-03  -1.8287217e-02  -4.8189193e-04  -3.4181552e-04   4.5122257e-05
  -5.7104739e-03   4.6045934e-03  -1.1899782e-02  -7.1506675e-04  -2.6002634e-04   4.8932828e-05
  -9.5989500e-03  -1.7034656e-02  -2.1997772e-03   3.0679931e-04  -5.9932310e-04   6.2507331e-05
  -7.3667738e-03  -1.1269405e-02   2.7605373e-04   2.3916709e-04  -5.5367369e-04   1.1775875e-04
  -7.3744416e-03  -8.7544752e-03  -1.2591526e-02   5.4372594e-04  -2.4321124e-04   6.6211588e-05
  -2.5498446e-03  -1.9110654e-02   2.4057648e-04   3.4916122e-04  -9.2234967e-05  -1.0484587e-04
  -2.0365459e-03  -4.0921009e-03  -1.3981858e-03  -5.6294067e-04  -1.8790629e-04   2.2888923e-04
  -3.6949416e-03  -7.3382404e-03   3.2006029e-03  -7.1576027e-04  -3.8037279e-04   2.1029200e-04
  -8.3697828e-03  -2.7140028e-02   2.5487523e-03   7.1785634e-05  -3.7282365e-04  -1.1942434e-04
  -5.1427856e-03  -1.1582151e-02   7.4313319e-05  -6.1250147e-04  -4.1546400e-04   1.7637082e-04
  -9.0077681e-03  -2.4755355e-03  -1.0225400e-02  -1.1520861e-05  -8.7866438e-05   2.1009992e-04
  -1.0994454e-02  -8.7074434e-03  -1.7587078e-03   3.9730579e-04  -1.7586279e-04  -1.7895224e-04
  -9.0701567e-03  -2.5791228e-02  -9.2007243e-03   2.2871679e-04  -7.3749485e-04   2.2346730e-04
  -7.1187544e-03  -3.1107040e-02   7.2795807e-04   2.7886115e-04  -5.8288454e-04   7.2474469e-05
  -7.2341515e-03  -2.2107977e-02   6.9696200e-04  -1.9574608e-04  -2.0774471e-04   9.4103765e-06
  -6.7856800e-03  -1.5971060e-02   3.8298282e-03   5.5079405e-04  -3.8581019e-04  -3.6825194e-06
  -1.0098995e-02  -2.3496730e-02   5.8642551e-03   4.1803912e-05  -2.7886405e-04   7.2505284e-07
  -7.2713337e-03  -1.1893754e-02  -1.3619760e-03  -4.6051420e-04  -4.6506510e-04  -5.4635102e-05
  -9.1897448e-03   1.1009148e-02  -4.9508988e-03  -7.9908738e-04  -4.6038027e-04   2.9047184e-04
  -4.5212880e-03  -2.5152314e-02   9.3243129e-03   3.0526717e-04  -1.1241880e-03   3.8442325e-04
  -1.0345913e-02   1.3222560e-02  -5.5416173e-03   2.4966021e-05  -2.8357310e-04   2.5811988e-04
  -1.0752112e-02  -1.0314107e-02  -8.5319725e-03   2.4264003e-05  -1.1172712e-04  -5.0741744e-04
  -1.7550420e-03   6.8711041e-03  -5.0938075e-03  -6.3077776e-04  -3.0341999e-04   7.7177698e-05
  -8.1522519e-03   2.2702747e-02  -1.0846054e-02  -1.1486544e-03  -8.8151171e-05   4.6501783e-05
  -2.1280705e-03   2.9602721e-03  -2.0869339e-03  -6.8164245e-04  -4.2742652e-04   2.3237002e-04
  -7.8867302e-03   2.6765146e-03  -5.3947507e-03   6.9588992e-05   5.0792208e-06   2.5930834e-04
  -5.4978304e-03  -1.1952779e-02  -8.3063279e-03  -8.1328787e-04  -3.3270258e-04   3.2315053e-04
  -9.1943338e-03  -2.2970612e-02  -1.3904974e-02  -4.9690656e-04  -3.0306631e-04   1.8641823e-04
  -7.4366081e-03  -1.8474694e-02  -1.2479052e-03  -7.2477884e-04  -2.8682093e-04   2.5338451e-04
  -7.6974649e-03  -8.8947793e-03  -2.3869617e-02  -6.9319351e-04  -2.7618150e-04   1.5375734e-04
  -1.0874833e-02  -1.0645372e-02  -5.4400483e-03  -5.7598303e-04  -3.8848848e-04   3.8518815e-04
  -1.1223325e-02  -3.1625414e-02   7.0702847e-03   4.6178186e-04  -7.7555331e-04   6.9408387e-05
  -4.7917637e-03  -1.6023037e-02   1.6911374e-03   6.3843131e-04  -7.5151321e-04   2.2151300e-04
  -9.4184073e-03  -2.3673539e-02   2.1376164e-03  -2.3799062e-04  -7.5882311e-04   1.1221493e-04
  -5.1620493e-03  -7.9945762e-03   1.7091875e-04   3.0453600e-05  -9.5099732e-05   2.5070265e-04
  -7.0155179e-03  -3.7266525e-03  -2.6660130e-03   1.5082793e-04  -2.1382057e-04   4.0689693e-04
  -3.2801013e-03  -2.2543549e-02   8.6633430e-03  -5.1175037e-05  -2.9953116e-04  -4.1059154e-05
  -1.6444955e-03  -1.1390843e-02   2.6366004e-03  -6.5787841e-04  -1.6361506e-04   2.0698083e-04
  -3.8324020e-03  -2.7056310e-02   1.6890761e-02   1.9493057e-05  -4.3145548e-04   7.1178643e-05
  -4.8145749e-03  -1.9817711e-02   1.1300235e-03  -2.6283268e-04  -3.2993190e-04   5.0903935e-05
  -5.3314847e-03  -1.8131810e-02   4.8694174e-03   3.8806637e-04  -6.4774073e-04   2.2039002e-04
  -6.9983907e-03  -1.6493592e-02   7.2044176e-03  -3.9868424e-04  -3.9043860e-04   1.8274547e-04
  -6.9944268e-03  -1.6252464e-02   7.0369898e-03   3.4943602e-05  -2.1693242e-04   7.8654410e-05
  -9.3569193e-03  -1.7166131e-02   1.6136584e-03   6.4636378e-04  -5.8063143e-04   2.4271061e-04
  -7.2043911e-03  -2.0915414e-02   5.9870381e-03  -2.5558755e-04  -4.2333348e-04   1.8904373e-05
  -8.1926768e-03  -1.7554195e-02  -7.0650094e-03  -8.6465023e-04  -3.4845343e-04   2.1199452e-04
  -6.6372380e-03  -2.9213999e-03  -8.5992121e-05  -6.4208656e-04  -6.6688962e-04   4.5174322e-04
  -1.1998217e-02  -6.6684792e-03   3.4405990e-04   4.7763063e-04  -3.5076608e-04   2.1192562e-04
  -9.4382996e-03  -2.2440040e-02   4.8950821e-03  -1.6018755e-04  -5.0156411e-04   3.9613549e-05
  -5.0599674e-03  -1.1659664e-02   1.2962591e-02  -4.3043296e-04  -3.8875368e-04   6.4244872e-05
  -6.8237909e-03  -9.0316897e-03  -6.3627722e-03   5.4624284e-04  -7.4847763e-04   2.4060803e-04
  -4.5465042e-03  -1.4123131e-02   3.6213910e-05  -4.1747201e-04  -4.5947227e-04   3.4726734e-04
  -5.0095470e-03  -1.3680566e-02   3.4910931e-03  -7.0623692e-04  -4.2782515e-04   3.4532349e-04
  -1.1361039e-02  -3.5017457e-03  -8.8150971e-03   2.6108493e-04  -7.1444549e-05   1.4698033e-04
  -5.6810888e-03  -1.1825518e-02  -4.4062656e-04  -7.4089293e-04  -4.6331284e-04   3.7460249e-04
  -9.0577506e-03  -1.8446310e-02   3.4664454e-03  -7.6705966e-04  -3.5311324e-04   3.4364831e-04
  -5.7649046e-03  -1.5182050e-02  -3.7503667e-03  -9.2678224e-04  -3.9298447e-04   4.1629936e-04
  -7.6986669e-03  -1.9677678e-02  -5.0507264e-03  -7.9480500e-04  -2.9562772e-04   4.5800036e-04
  -3.4384142e-03  -1.8054120e-02   1.0332273e-02  -9.3930984e-04  -2.8650326e-04   5.0040717e-04
  -1.0385611e-02  -2.8702567e-02  -3.4664437e-03   7.6024529e-06  -4.6102997e-04   2.8277726e-04
  -1.2729896e-02  -3.6097772e-02  -2.0284163e-03  -1.2296981e-04  -2.5719155e-04  -1.5599651e-04
  -1.5793746e-02  -1.9531208e-02  -1.7567940e-03   1.6630715e-04  -2.6674208e-04   4.8638099e-05
  -8.1173216e-03  -8.2974523e-03   2.4485273e-03  -7.3606557e-04  -6.6616938e-04   1.5053987e-04
  -1.1197492e-02   4.8890330e-03  -3.6458162e-03  -6.7941576e-04  -5.2008484e-04   3.0632338e-04
  -6.6805831e-03   4.3376050e-03   1.4341823e-02  -8.7169742e-04  -5.6310937e-04   2.4875668e-04
  -1.1331951e-02  -1.6484217e-02   1.5251437e-02  -1.0962789e-05  -6.2530937e-04   1.2097047e-04
  -1.3250351e-02  -1.5081703e-02   9.8392577e-03   9.3298709e-05  -8.8784119e-04   1.7978584e-04
  -3.9761738e-03  -7.8559934e-03   5.2630871e-03   4.2335217e-04  -4.3604361e-04   1.3454985e-04
  -6.7050225e-03  -1.2808708e-02   5.6880705e-04  -3.7239492e-04  -6.4566687e-04   2.0027719e-04
  -9.6390332e-03  -6.0359554e-04   2.6581083e-03  -5.0941412e-04  -4.2926064e-04   2.3383284e-04
  -1.6057449e-02  -7.0700057e-03  -7.9687280e-03   7.5360862e-05  -1.6427653e-06  -4.6927283e-04
  -9.3939561e-03   5.7821142e-03  -5.8161977e-03   1.0227706e-04  -5.4700519e-04   3.5887473e-04
  -7.4248995e-03  -5.3447136e-03  -1.0542176e-02   6.8951040e-06  -4.3076096e-04  -1.7097271e-04
  -5.0722430e-03   1.1652536e-02  -8.8495305e-03  -5.0840808e-04  -6.4853834e-04   5.4424073e-04
  -1.2711889e-02  -9.1491090e-03  -1.4026674e-02  -4.7219020e-05  -2.6925391e-04  -2.5578801e-04
  -1.4923878e-02  -3.2500976e-03  -1.9416875e-02   1.4880639e-04  -6.2152919e-04  -1.1125076e-04
  -1.6581343e-02  -1.2968981e-02  -1.8733948e-02  -2.7887877e-04  -4.0696834e-04  -2.1992460e-04
  -8.9105205e-03  -7.2607454e-03  -7.3377692e-03  -3.9165229e-04  -9.0694855e-04   4.6980721e-04
  -1.3334456e-02  -2.6992954e-02  -1.1010501e-03   2.6102983e-04  -6.8909119e-04  -3.2713316e-04
  -1.5514550e-02  -4.2280528e-02  -3.2521540e-03  -1.2650169e-04  -3.8174566e-04  -1.8111337e-04
  -1.1092393e-02  -2.1277824e-02   1.7747627e-03   3.2500025e-04  -9.4815986e-04   3.6345350e-04
  -1.2205326e-02  -2.8829573e-02  -6.7545686e-03  -1.3974254e-04  -5.4840646e-04   2.7133391e-04
  -2.0848844e-02  -3.8910173e-02   8.3703589e-04  -2.1181337e-04  -4.5366345e-04  -2.7250567e-04
  -1.5079988e-02  -2.7419704e-02   7.0857183e-03   1.0018508e-04  -6.6369721e-04   1.4205909e-04
  -1.5775175e-02  -2.6838893e-02  -6.3175819e-03   4.0213026e-04  -7.3628700e-04  -4.2654419e-07
  -1.3030914e-02  -6.7030191e-03  -7.5272882e-03  -4.9302291e-04  -4.7079105e-04   1.2917584e-04
  -1.9318219e-02  -1.4546635e-02   1.2282652e-03  -1.1165112e-04  -1.4260424e-04  -4.1002679e-04
  -1.8998241e-02  -1.3995968e-02  -5.4675044e-03   1.5373205e-05  -1.7031798e-04  -3.3170487e-04
  -1.9674097e-02  -1.9118752e-02   1.2687632e-03   1.1879451e-04  -1.4471322e-04  -3.2119315e-04
  -1.9169045e-02  -1.7305170e-02   1.4910299e-03   2.2467897e-04  -2.9877018e-04  -7.6955581e-05
  -1.4933880e-02  -1.0096619e-02   9.7803989e-03  -2.9133313e-04  -5.7450618e-04   1.9067682e-04
  -1.2052445e-02   7.3969711e-03   1.6209285e-03  -6.5385826e-04  -6.3669969e-04   5.4370843e-04
  -1.2890396e-02   9.1895607e-03  -6.7823555e-03  -4.6338162e-04  -5.3025910e-04   4.4875346e-04
  -1.2407756e-02  -8.3222986e-03   4.0909371e-03  -2.3905640e-04  -5.5241761e-04   1.2168084e-04
  -1.4764228e-02   1.3895477e-02  -1.2093808e-02  -4.2747224e-04  -3.5003393e-04   2.2824909e-04
  -1.7302629e-02   1.4356882e-02  -1.4274057e-02  -6.1450084e-04  -2.0242747e-04   1.4191880e-04
  -9.9869303e-03  -2.0718915e-02  -5.0895729e-03   3.3352284e-04  -1.1041684e-03   4.5798927e-04
  -1.2429377e-02  -1.7547708e-02  -7.0018855e-03  -1.0212416e-04  -5.4499255e-04  -2.1039852e-05
  -1.2000523e-02  -1.0591548e-02  -1.5119953e-02   5.1668236e-04  -7.0593558e-04   8.4331406e-05
  -1.4872392e-02  -9.5440828e-03  -3.2436881e-03  -6.5247821e-04  -4.8997197e-04   2.5554386e-04
  -1.9947476e-02  -2.0799589e-02  -6.8105964e-03  -3.0521243e-04  -2.5546969e-04  -1.7861360e-04
  -1.9045661e-02  -4.0628608e-02   4.0738124e-03  -1.1125438e-04  -5.1826535e-04  -2.1034804e-04
  -2.2547906e-02  -1.1732390e-02   3.0415537e-03  -1.1771384e-04  -2.0256007e-04  -2.9870195e-04
  -1.4033293e-02   3.1779952e-03  -2.1330859e-03  -6.7253775e-04  -7.4639822e-04   6.0759135e-04
  -1.5741088e-02  -2.7435579e-03   6.9128231e-05  -6.0173706e-04  -2.8633429e-04   5.9101683e-05
  -1.5198155e-02  -1.4966252e-02   2.0637850e-03   2.6752347e-04  -4.8814497e-04   1.6478374e-04
  -1.4117834e-02  -2.1142094e-02  -2.3806369e-03  -7.1057622e-05  -3.7693943e-04  -1.0077960e-04
  -1.8535335e-02  -2.5591855e-02  -2.7113575e-03  -1.6342283e-04  -3.6808523e-04  -2.1012054e-05
  -1.7239631e-02  -3.5052980e-02  -2.7437483e-03  -3.0115867e-04  -6.7445923e-04   3.3065382e-04
  -1.2144363e-02  -2.8328653e-02  -9.8842369e-04  -6.1487541e-04  -7.2018230e-04   3.1188604e-04
  -1.1112568e-02  -2.1171275e-02  -1.3888669e-03  -5.2271398e-04  -3.3092553e-04   1.3344413e-04
  -9.6316882e-03  -1.6331672e-02   3.2212863e-03  -6.2697236e-04  -5.3372909e-04   3.6753231e-04
  -1.2691142e-02  -3.8883448e-02   1.0427758e-02  -8.2604576e-05  -5.2448001e-04   2.9800925e-04
  -1.2526678e-02  -2.7172155e-02   7.1530293e-03   5.1516604e-04  -8.1761726e-04   1.7922817e-04
  -1.2417374e-02  -2.0082980e-02  -3.9600148e-03   3.4464517e-04  -5.3858374e-04   4.4098317e-04
  -1.2151133e-02  -1.3501013e-02  -2.7170937e-03  -6.5744528e-04  -4.9140783e-04   4.7602498e-04
  -1.2622341e-02  -2.8582024e-02   8.6998225e-04  -5.4409166e-05  -4.2149550e-04   2.7435296e-05
  -1.6988268e-02  -3.1268270e-02   3.7853200e-04  -3.7237311e-04  -7.0829478e-04   2.6647789e-04
  -1.6455978e-02  -1.4909358e-02  -1.1995239e-03  -6.5266317e-04  -5.3617967e-04   1.4008085e-04
  -1.0260630e-02  -2.0585800e-02   2.4268957e-03  -2.7165198e-05  -8.5927356e-04   1.8324534e-04
  -1.9091516e-02  -2.2690963e-02  -1.1723650e-02  -2.7894280e-04  -2.3592105e-04  -2.0573423e-04
  -1.4501374e-02  -2.6847940e-02   1.1153028e-03  -1.9453302e-04  -4.6274229e-04   3.6768870e-05
  -1.7801276e-02  -3.7449426e-02  -1.0549622e-03   2.3078034e-04  -9.0504383e-04   1.7375681e-04
  -1.3325272e-02  -7.5394650e-03  -3.0643743e-03  -5.1600341e-04  -5.8450831e-04   3.6128411e-04
  -1.3553422e-02  -2.5868574e-02  -4.6659568e-03   7.7138545e-05  -6.2596823e-04   1.4273545e-04
  -1.4359885e-02  -4.7652202e-03  -7.7805761e-03   1.0543517e-03  -9.3583779e-04   2.1980624e-04
  -1.6627842e-02  -1.5790196e-02  -1.0568671e-02   1.7587521e-04  -5.4761699e-04   2.1868242e-04
  -1.3268242e-02  -3.6618831e-02  -1.4225835e-03  -7.0662935e-05  -7.4552244e-04   5.1170062e-05
  -1.2874040e-02  -2.8469526e-02  -1.1685735e-02   7.4551660e-05  -6.6912953e-04   1.0906166e-04
  -1.0975167e-02  -2.1489311e-02  -4.7714826e-03  -1.4366560e-04  -9.5851985e-04   2.6567102e-04
