   0.0000000e+00   0.0000000e+00   0.0000000e+00   0.0000000e+00   0.0000000e+00   0.0000000e+00
  -3.0539092e-05  -1.0267646e-02   6.4290089e-03   7.2203376e-05   4.7680105e-05   1.1383301e-04
  -2.9213936e-04  -4.2560171e-03  -4.9028990e-03   5.0222934e-05   9.8681770e-05   1.1494138e-04
   1.7376892e-03  -2.7098332e-03  -1.2579904e-02   1.0978020e-04   1.2589064e-04   7.6877896e-05
   3.2973952e-04  -7.1999272e-03  -1.4709170e-02   5.5861240e-05   1.7801760e-05   6.0050249e-05
   7.5405213e-04  -4.3394304e-03  -1.8702491e-03  -7.7498329e-06  -9.7247409e-05   9.4246978e-05
   2.6954480e-03  -4.2679512e-03   1.0071210e-02   7.5061604e-05  -9.7393099e-06   4.5689280e-05
   4.9303645e-03  -2.4851506e-03  -5.7402590e-03   4.8199793e-05   1.2700369e-05   4.8455748e-05
   1.0801033e-03  -6.8895629e-03  -6.0884951e-03   2.9125016e-04   3.0092137e-05  -1.6378403e-05
   1.2932594e-03  -3.1239027e-03  -3.1225166e-03   8.3626056e-05  -1.4309138e-04   5.9531557e-05
   2.2988362e-03   2.5482734e-03   4.6068494e-03   1.0983939e-04  -7.8880773e-05   8.3185456e-05
   3.6295718e-03  -5.6378480e-03   1.9812305e-03   1.7083554e-04   4.7528917e-05  -1.0831538e-05
   1.1394630e-03  -7.4808978e-03  -4.5320294e-03   2.0448387e-04   1.1675198e-04  -3.4039071e-05
   2.4165189e-03  -1.7939345e-03  -2.0877906e-03  -1.9942173e-05  -7.2240633e-05   1.4812406e-04
   2.0379504e-03  -3.0962894e-03   1.1435008e-02   3.9965198e-05  -5.1056272e-05   9.7163830e-05
   7.0650413e-03  -7.2758042e-03   1.5533963e-02   4.9639142e-05  -4.6772158e-05   1.3195486e-04
   3.3393519e-03  -5.9306091e-03   1.6890736e-03   1.8712118e-04   6.0900580e-05   7.6550868e-05
   2.9470821e-03   8.7726978e-03  -5.1311638e-03   4.2770347e-05  -3.4126899e-05   2.9695104e-05
   8.4712521e-04   9.7091761e-03  -8.8717069e-03  -5.7067301e-06  -7.8868216e-06   5.7979543e-05
   4.7008410e-03   3.6330450e-03  -1.1345991e-02   1.5403083e-05  -1.5413407e-04   1.1096337e-04
   2.5280212e-03   9.8617362e-03  -1.0064521e-02  -1.5017411e-04  -1.5807416e-04   6.0678352e-05
   6.9318943e-04   3.9384177e-03  -4.8796073e-03   2.0737458e-04  -1.1579476e-06   3.4989336e-05
   4.8691318e-04  -2.5926127e-03  -4.0802940e-03   3.5528066e-04   2.6418755e-05   1.2097085e-06
   6.2234426e-03   3.2572927e-03  -1.0942269e-02   5.9187102e-05  -1.6929071e-04   8.1680375e-06
   3.3579133e-03   4.1712961e-03   6.4769608e-04   3.7728832e-05  -7.1840795e-05   8.9571636e-05
   3.4265491e-03   5.6366698e-03   8.2958922e-03   8.0084601e-05  -1.4906883e-04   5.8614713e-05
  -1.5550076e-04  -6.1050815e-03   1.3491483e-02   2.4377655e-04  -1.4148209e-05   4.9595203e-05
   1.5481603e-03  -5.7051097e-03   1.0159865e-03   2.6526563e-04  -1.0553440e-04   4.6191191e-05
   2.9081870e-03  -7.0684838e-03  -7.2444378e-03   1.8909174e-04  -9.4794584e-06  -3.3775093e-05
   4.8346425e-04  -2.3489545e-03  -4.9714628e-04   8.1729308e-05   6.5508410e-05   2.6300364e-05
   3.6810040e-03  -4.3171876e-03  -5.8913801e-03   1.5566216e-04   1.3496882e-04   8.6415126e-05
   1.3530213e-02  -1.3996459e-02   2.2510733e-03   1.6557890e-04  -1.6688166e-05   2.2062688e-04
   1.0192849e-02  -5.4681238e-03   8.3225574e-03   4.0670575e-05   1.3301432e-04   2.0315804e-04
   1.3091983e-02   2.4091911e-03   1.7059944e-02  -5.7737670e-05   9.9339969e-05   2.4208204e-04
   1.0068063e-02   1.8280245e-04   5.1982123e-03  -2.3567637e-05   9.9774038e-05   1.2104016e-04
   9.6650052e-03  -1.6691784e-03   3.9782705e-03   2.1390029e-04   3.5342425e-05   2.9031921e-05
   6.9444559e-03   1.8195397e-03  -4.1281970e-03   1.3600224e-04   8.8598910e-05   3.1987941e-05
   6.9962952e-03   1.4359870e-03   8.3459741e-04   1.4290456e-04  -3.2913052e-05   1.2133268e-04
   4.9345279e-03   1.2326878e-02  -4.3743365e-03  -5.9037294e-05  -9.2407016e-05   2.0972704e-04
   2.0955147e-04   1.5951305e-02   7.0176315e-03   1.7602885e-05  -7.6723672e-05   7.5277266e-05
  -5.6107263e-04   1.0236822e-02   3.7387416e-03  -8.8036255e-06   2.0935705e-05   9.1086320e-05
   7.4230267e-03   1.4256028e-02   6.1226804e-04  -1.9051045e-04  -1.6552436e-04   1.2821186e-04
   8.7018676e-03   9.6738707e-03  -2.1983800e-03  -9.5480819e-05  -6.2473686e-05  -4.0343892e-05
   1.8951389e-03  -7.8877932e-04  -4.7880694e-03   1.5980067e-05   6.4111390e-05  -3.3113391e-05
   3.9445145e-03  -1.0114118e-02   2.6020987e-03   2.3078697e-04   6.1890242e-05  -6.4257207e-05
   3.5101796e-03  -5.9601528e-03  -7.4314823e-03   1.4158833e-04   8.0449174e-05  -1.0100739e-04
   1.0670284e-02   1.1913168e-02  -1.8322179e-02   4.1539365e-05  -7.1710441e-05  -7.1033772e-05
   2.9877984e-03   6.4398500e-03  -1.2357968e-02   1.4331151e-04   5.6963583e-05  -1.8239199e-05
   7.6368823e-03   1.5516880e-03   2.0393639e-03   2.0265100e-04  -2.5819550e-04   9.8716161e-05
   4.7906901e-03   9.8552774e-03  -1.7184862e-03  -1.1496569e-04  -2.5804882e-04   7.6963498e-05
   4.3162202e-03   4.1923826e-03   6.4324173e-03  -7.9539122e-05  -2.0875197e-04   1.0449978e-04
   1.7555413e-03   4.8640145e-03   8.2045172e-03   2.3099535e-05  -2.1160464e-04   1.6613850e-04
   3.3424662e-03   9.9835452e-03  -1.2510509e-02   1.1321260e-04  -1.3962541e-04  -1.0558621e-04
   2.4100059e-03   1.0370579e-02  -1.1387923e-02   2.2473325e-04  -1.3295495e-04  -3.5820966e-05
  -1.3760982e-03   3.9345227e-03   2.4569617e-03   2.8973612e-04  -5.1909555e-05  -2.9351731e-05
  -2.4252573e-03   5.8938868e-04   6.0882864e-03   2.0994314e-04  -6.7590081e-05  -5.5860300e-06
   1.4015386e-03   1.0814749e-03   1.4364874e-02   6.6778387e-05  -5.6400109e-05   2.4956185e-05
   5.0443931e-03  -6.4752071e-04   1.3066002e-02  -2.4223800e-05  -7.6464420e-05   1.9680757e-04
   9.3811839e-03   1.1188478e-02   7.8851345e-03   3.9438667e-05  -8.4213958e-05   1.3433770e-04
   6.9630798e-03   8.7620403e-03   3.9984188e-03   8.0021094e-05  -4.0716466e-05  -3.4881314e-05
   2.7124586e-03   6.1901497e-03  -5.4073721e-03   3.9249857e-05  -6.0102573e-06   5.5919657e-05
   1.5265776e-03   6.5027976e-03  -4.9208716e-03  -4.7952936e-06  -4.7206296e-06   1.3676154e-04
   6.5414630e-03   2.0548518e-03  -2.5628722e-03  -1.5400183e-04  -1.9183476e-04   1.4715771e-04
   7.1820557e-03   9.5206183e-04   1.5794708e-02  -9.6964710e-05  -1.8198968e-04   1.1586678e-04
   3.5329854e-03  -1.7273696e-03   2.2621929e-02   4.3424250e-05  -1.0903579e-04   7.8464902e-05
   2.8537324e-03  -3.2119491e-03   1.2685907e-02   5.6873473e-05  -1.5107826e-04   1.7971857e-05
   2.0686129e-03  -7.7184312e-03  -2.0793647e-03   1.0770883e-04  -7.5744732e-05  -1.7827754e-09
   7.3066325e-04   2.0914560e-03   1.8673154e-03   8.1443254e-05  -5.2499740e-05   1.0482343e-04
   1.2593019e-03   7.1128121e-03   8.5186389e-04  -6.3733438e-05  -1.4105043e-04   7.0576804e-05
   2.0449405e-04   1.2112710e-03  -2.6915441e-03  -3.5890913e-05  -9.3671654e-05   6.6259327e-05
   3.1936261e-03  -6.2216216e-03   3.6946474e-03   6.9053501e-05  -1.1485213e-04   5.5954547e-05
   3.0830143e-03  -7.4785188e-03   1.7283013e-03   1.1033988e-04  -2.3257236e-04   1.6713651e-04
  -1.2986074e-04  -1.4159888e-04  -7.0687064e-03   9.8151832e-05  -3.5712963e-05  -7.4509509e-05
   7.0602213e-03   7.7170114e-03  -1.2468107e-02  -6.9924067e-05  -1.8539160e-04  -6.2857286e-05
   3.4575511e-03   4.4708720e-03  -1.4150937e-02   7.1129709e-05  -9.3223962e-05   8.0608195e-05
   5.2400771e-03   9.4887407e-04  -2.9296611e-03   7.1898775e-05  -7.4477754e-05   5.9198894e-05
   3.2917934e-03   2.5056147e-03  -2.0474343e-03  -1.2503114e-04  -9.2088367e-05   1.2954609e-04
   4.0700296e-03   7.5695851e-03  -1.1136371e-02  -1.8420047e-04  -1.5776886e-04   1.5352788e-04
  -1.5447797e-03   7.2523874e-03  -6.9755960e-03   8.8025234e-05   3.7987595e-05   7.6827031e-05
  -5.3322729e-03  -2.5989652e-03  -5.4420648e-03   1.6206894e-04  -2.0858428e-05   8.9258683e-05
   5.1384393e-03   1.3347321e-02  -1.0228375e-02  -1.7181988e-04  -2.6241554e-04   3.1228960e-05
   2.5646309e-03   8.9817544e-03   2.5964065e-03  -1.8320273e-04  -2.0660720e-04   6.8179694e-05
  -2.2247220e-03  -3.0273022e-03   3.5677641e-03  -3.6215421e-06  -5.7173024e-05   2.7843756e-05
   1.2718866e-03   9.9953756e-03  -1.8695340e-03   9.9220255e-06  -1.3884452e-04   4.1665077e-05
   1.1230381e-03   8.4304571e-03  -9.6274118e-03   2.5172030e-05  -1.5281756e-04   1.3452010e-05
   5.1145784e-03   3.2327770e-03  -5.0460066e-03  -1.2634213e-04  -1.8801558e-04   1.3077176e-04
   1.5278558e-03   7.8997296e-03  -1.0145970e-02  -1.7044602e-05  -1.6682388e-04   1.8343321e-04
   4.3585583e-03   2.0921646e-02  -9.6269332e-03  -2.2611907e-05  -2.4881604e-04   8.3792421e-05
  -2.0384322e-03   1.7440658e-02  -6.6991611e-03   3.3690521e-05  -1.1350513e-04   9.4830105e-05
   1.2164766e-03   1.7462296e-02  -3.4044931e-03   1.3922088e-04  -2.1054218e-04   6.4322433e-05
  -2.5637580e-04   1.3495176e-02  -6.1253317e-03   2.6959597e-04  -1.5721126e-04  -2.3727451e-05
   8.3294346e-04   1.1876760e-02  -1.0096692e-02  -6.4106880e-06  -2.2490553e-04   6.4151328e-05
   3.2510354e-04   2.3298442e-02  -1.7890926e-02  -2.7651444e-06  -1.0894209e-04   2.4518862e-05
  -6.1738030e-03  -8.3673624e-03  -3.1770646e-02   7.2763507e-04   5.0782517e-05  -9.9357218e-05
  -4.4124934e-03  -1.9256888e-03  -3.8885454e-02   7.8059487e-04   3.6946543e-04  -7.0925147e-05
   3.0529254e-03  -6.1811458e-03  -9.6207350e-03   3.7680337e-05  -3.3490590e-05  -1.2531034e-05
   5.2053535e-03  -5.6913471e-03   1.2093696e-04   1.2520175e-04  -9.7577236e-05   7.5852876e-05
   6.1687178e-03  -1.1612529e-02   1.2592290e-02   4.6114700e-05  -1.6456334e-05   1.4794642e-04
   1.6900936e-03  -1.2429109e-02   8.4393849e-03   2.8129189e-04   1.3467635e-04   1.2225236e-04
   6.3181639e-03  -9.1618596e-03   7.7955737e-03  -1.0835557e-05   4.6824513e-05   1.6768314e-04
   3.8672030e-03  -1.0438408e-02   1.2610516e-02  -1.9632880e-05  -3.0990959e-06   1.3959480e-04
   7.2796447e-03  -1.6710410e-02   2.3098030e-02   2.6614894e-04  -1.6618055e-05   1.4209195e-05
   4.5459057e-03  -1.1351065e-02   9.2435097e-03   2.0038802e-04   3.5038484e-05   1.2939058e-04
   2.6706131e-03  -1.2626095e-02   1.8524409e-02  -3.4303281e-05   9.0070853e-06   1.5070143e-04
   4.6288999e-03  -4.6965279e-03   1.8921408e-02  -5.3147255e-05  -4.5509330e-05   3.8494671e-05
   4.7546075e-03  -5.4750503e-03   3.9300915e-04  -3.3139121e-05  -9.3384017e-05   5.9689274e-05
   2.5005814e-03  -2.1504554e-03  -1.1246547e-02   3.5008547e-06  -9.3409987e-05   7.1668569e-06
   4.5932384e-03   9.7830354e-04   5.4460945e-03  -1.3209807e-05  -8.0205442e-05   3.4597401e-05
   4.1196505e-03   6.9416598e-04   1.2122658e-02  -2.5741467e-04   2.3255469e-05   6.2403877e-05
   4.3311573e-03  -6.5870118e-03   5.9467476e-04  -1.3970404e-05   6.3796322e-05   3.6287916e-05
   5.0617196e-03  -6.5460907e-03  -4.8880585e-03   6.6075465e-05  -2.9421890e-05   2.3592943e-05
  -5.4866121e-04   5.1417766e-03  -1.6359289e-03  -5.0793505e-06   4.3648266e-05  -3.0735673e-05
   5.5371676e-03   4.5177231e-03  -8.6646693e-03  -2.4873169e-04  -1.1135825e-04   1.7194227e-05
   7.7354824e-03   4.3322698e-03  -4.8181907e-03  -8.5920924e-05  -1.3428833e-04   3.2342764e-05
   4.8832548e-03  -1.3324055e-03   2.1139866e-03  -1.3264567e-04  -7.9485730e-05   7.6365711e-05
   3.8085219e-03  -1.0282396e-02   6.5947401e-03   5.2507097e-05  -8.7193128e-05   1.0645920e-04
   3.9550691e-03  -4.3646697e-03  -7.7880133e-03   1.0791290e-04  -7.9464308e-05   4.6135676e-05
   4.6616128e-04  -2.3397587e-03  -1.2024769e-02   1.9859192e-04  -6.2112899e-05   1.0912476e-06
   5.9458151e-03  -8.0995495e-03  -7.2884407e-03   2.8479317e-04  -1.0478928e-04   4.2746916e-06
   4.9723186e-03  -8.3031618e-03   2.5398522e-03   2.2595114e-04  -1.2204231e-04   9.4459353e-05
   3.6824784e-03  -4.1314078e-03   3.4545592e-03   8.3158845e-05   3.6048841e-05   2.4621922e-05
   5.6252357e-03  -8.6990349e-04   3.4121573e-03   1.0265993e-05  -2.6576608e-05   1.4347387e-04
   2.1442259e-03  -3.9583454e-03   2.9405447e-03  -3.0463818e-05   6.1450486e-05   1.0749623e-04
   6.4514721e-03  -1.6387163e-02   1.1729617e-02   1.1206720e-04  -9.5864967e-05   1.3208505e-04
   6.2621693e-04  -2.0784464e-02  -5.8967603e-03   2.0622008e-04  -5.0489404e-05   9.6537529e-05
   8.8563155e-04  -9.4081621e-03  -7.9485197e-03  -3.4446279e-05  -1.0150929e-04   7.0625099e-05
   3.9806799e-03  -1.4042887e-02   1.4772545e-03  -1.5699332e-05  -1.7695824e-04   1.3945515e-04
   3.2407822e-03  -2.0554111e-02   2.8683976e-03  -9.8459589e-05  -1.1911664e-04   4.9299187e-05
   1.2617023e-03  -6.9807153e-03   1.1583766e-02  -1.8396169e-04  -8.4962734e-05   7.5278193e-05
   5.9512950e-03  -1.5973189e-02   9.3799469e-03  -1.2492063e-05  -5.3597364e-05  -1.1110591e-05
   6.6505493e-03  -3.1728012e-04  -1.1970869e-02   1.0741192e-06  -1.2272532e-04  -1.5293039e-06
   4.4160286e-03   6.4190928e-03  -1.3617996e-02  -1.8541200e-04  -1.1376725e-04  -1.7465784e-06
   5.1357481e-03  -1.9770034e-03  -9.1734328e-04  -1.9260796e-04  -1.5259633e-04   1.1339659e-04
  -7.1567644e-04   6.7864908e-03  -5.3816472e-04  -1.5779524e-04  -1.3024797e-04   1.7094654e-04
  -2.2431915e-03   3.8459314e-03  -2.5026020e-03  -1.7748925e-04   1.5969271e-05  -5.3087429e-05
   9.0110825e-04  -3.7837191e-03  -3.3472794e-05   1.9813923e-04  -3.1553930e-05   4.8358661e-05
   1.8745241e-03   7.3827166e-04  -1.5007889e-02  -1.1277383e-04  -5.6440037e-05  -2.8922910e-05
   2.4973431e-03   4.4765917e-03  -5.1968240e-03  -1.7779633e-04  -1.3371191e-06   3.0670387e-05
   1.7881046e-03  -9.4637684e-04   4.3485974e-03  -2.6231453e-04   5.3659078e-06   7.8778770e-05
  -1.4970896e-03   9.7109337e-04  -6.4863119e-03  -2.6495312e-04   3.8902915e-06   3.4257234e-05
  -1.8239621e-03  -1.1253323e-02  -1.7441245e-02  -8.5659999e-05   2.1088698e-06  -9.1558733e-06
  -6.6188164e-04  -1.5294914e-02  -1.0651851e-02  -2.2691756e-05  -9.8490240e-06   1.3048102e-05
   6.2410407e-03  -1.0762405e-03  -5.8926180e-03  -3.4441442e-04  -6.8440853e-05   8.9913245e-05
   3.8293932e-03   6.9910502e-03  -4.1580867e-03  -1.7391957e-04  -6.6399874e-05   3.6549885e-06
   2.2128215e-03   3.2337333e-03  -5.2521533e-03   9.5364562e-05  -1.2593442e-05   2.1043692e-05
   2.4471242e-04  -5.4550990e-03  -1.1513254e-02   2.3595033e-04  -1.1664300e-05  -3.9603758e-05
   8.5643109e-03  -1.5355419e-02  -7.7036283e-03   6.1875137e-05  -1.4986297e-04   2.7249231e-05
   3.1168564e-03  -6.8702740e-03   2.3974243e-03  -9.5626724e-05  -1.3112436e-04   1.1121664e-04
   1.7244558e-04  -8.0188857e-03  -6.9266867e-03  -2.6341406e-04  -1.1916537e-04   6.0173729e-05
  -1.4758650e-03  -7.5965017e-03  -5.5808255e-03  -4.6044706e-05  -6.3592839e-05  -2.7455524e-05
  -1.8908198e-03  -1.2719980e-02  -1.7910691e-04   2.5963182e-05  -8.6250353e-05   5.6858625e-05
  -2.6407160e-03   2.7785554e-03  -4.7518724e-03  -1.3081722e-04  -6.7047239e-05   1.5894654e-06
   1.0742554e-03  -9.8528204e-03   2.7077917e-06  -1.0979891e-05  -1.3834372e-04   6.1422928e-05
   1.6478901e-03  -3.7467408e-03   1.0035784e-03  -1.4301742e-04  -2.1084584e-04   2.2466925e-05
  -3.1268837e-03  -6.5079984e-03   9.3011303e-03  -1.0390427e-04  -8.3625414e-05  -7.0531534e-05
  -2.3858810e-03  -1.0390913e-02   3.7742557e-03   1.1513740e-04  -1.8998814e-04  -1.3166333e-05
  -1.2061158e-03  -2.7708699e-03  -6.9312748e-03  -1.4256743e-05  -2.2026929e-04  -1.0600933e-04
  -1.2138371e-03   2.4821679e-03  -8.1037678e-03  -4.4126643e-05  -1.6753712e-04  -7.7360999e-05
  -9.8421162e-04  -2.6439142e-03  -1.2066269e-02  -3.9742457e-05  -7.0357129e-05  -4.0374931e-06
  -5.0743287e-03  -4.7115611e-03  -1.0884988e-02  -1.5444446e-04  -7.1836149e-05   2.1691829e-05
  -2.6869012e-03  -5.4027555e-03   5.6922404e-04   9.9536976e-05  -2.8328679e-05   2.3092341e-05
  -1.2338003e-03  -1.4705039e-02  -1.0544018e-02   3.0599566e-04  -1.5258132e-05   6.9552323e-06
   1.8156927e-03  -9.9165161e-03  -1.6494439e-02   1.0443843e-04   9.9822410e-05  -6.7344763e-05
   8.6666276e-05   2.9375481e-03  -1.2309495e-02  -1.4763053e-04   1.5618121e-04   4.5138452e-05
   1.3224093e-03  -8.8314340e-03  -1.6156636e-02   5.1610325e-05   8.7575886e-05  -1.8332233e-05
   2.5031878e-03  -1.7125532e-02  -1.0273158e-03   1.7529436e-04   6.4541383e-05  -4.3290906e-05
   3.3529457e-03  -3.5570264e-03   2.2873769e-03   1.3309956e-04   3.6302610e-05   4.6629465e-05
   2.5757556e-03  -1.7107302e-03   2.0464509e-03  -9.1593583e-06   1.5880667e-04  -2.4679623e-05
  -3.2894494e-04   2.5189514e-04  -9.1435613e-03   1.4094279e-04   1.5484815e-04  -4.6389155e-06
   1.1151828e-03  -1.1830970e-03  -1.5247298e-02   3.3897193e-04   4.5531344e-05   2.3175556e-05
  -2.3409915e-03  -1.4459250e-02   3.2799963e-03   2.8706940e-04   7.4936919e-05   1.1217591e-04
  -3.8564728e-03  -7.2597523e-03   1.1981911e-02   5.9034475e-05   2.0840692e-05   1.3182195e-04
  -4.2184956e-04  -1.0061705e-02  -7.7600484e-04  -3.2447870e-05   4.7698611e-05   1.2628437e-05
   3.0104957e-04  -1.4520428e-02  -3.7539107e-03   7.3767528e-05  -2.6552174e-05  -1.1877382e-06
  -4.3538669e-03  -1.0561914e-02  -1.9287402e-03   2.3149707e-04   1.2283214e-04  -1.2933741e-05
  -4.2813570e-03  -1.2388681e-03  -1.4150463e-02   3.7822320e-05   1.0503965e-04  -3.5468098e-05
   6.6939117e-05  -1.2889619e-02  -9.0636103e-03  -3.0173468e-05   1.5467475e-04   5.8255229e-06
   2.3890666e-03  -4.2530923e-03  -3.2975770e-03   1.0094618e-06   1.4067521e-04  -2.1125211e-05
   1.2373886e-04   8.0637406e-04  -1.3317326e-02  -9.6214952e-05   1.2208137e-04  -2.1352270e-05
  -3.4530460e-03  -9.5468929e-03  -2.5050858e-02   3.8125422e-05   1.5025451e-04  -1.0189613e-04
  -5.7726819e-03  -1.5070744e-02  -2.2187935e-02   1.2333874e-04   2.0274749e-04   2.3454598e-05
  -7.1157962e-04   3.2360192e-03  -1.8559735e-02  -6.3261255e-05   8.0454403e-05   1.0006267e-04
   2.6283826e-03  -7.3561470e-03  -1.1468514e-02  -2.5564371e-04  -8.1293077e-06   1.1870088e-04
  -3.2184278e-03  -8.8774176e-03  -1.8220057e-03   6.6326539e-05   2.2736539e-04  -1.7368679e-05
  -4.4478744e-03  -9.3427730e-03  -1.1642201e-02  -6.3909810e-05   2.1608039e-04  -4.8995360e-05
  -5.1172447e-03  -1.4470409e-02  -1.8211073e-02   2.9819862e-04   2.3763861e-04  -1.4255356e-04
  -1.2410423e-03  -9.0560249e-03  -2.0157757e-02  -1.3692471e-05   2.0554885e-04   4.9464697e-06
   3.3771351e-03  -4.3585590e-03  -7.0805588e-03  -2.9202809e-04   1.1242583e-04  -6.8099485e-05
   4.5639616e-03  -3.4019792e-03  -1.9841813e-02  -3.3961128e-05   2.8085615e-05  -2.6685740e-05
   7.4022858e-04  -8.0248444e-03  -2.1346751e-02   1.7751804e-04   1.8393762e-04  -1.3439618e-04
   2.8452432e-04  -2.1347733e-02  -1.6148897e-02   1.8894826e-04   1.9737857e-04  -1.9078544e-05
   2.3272371e-03  -6.6196774e-03  -1.1488130e-02  -6.8394332e-05   1.4875926e-04  -5.9419099e-06
   6.2975255e-03  -1.3208926e-02  -1.3540661e-02  -1.6923926e-04   5.2862101e-05   3.9268531e-05
   1.0724109e-03  -1.4615484e-02  -1.5640030e-02  -2.1443691e-04   5.8547105e-05   5.9425631e-05
   3.2429742e-03  -2.4932453e-02  -1.7751573e-03  -2.9608882e-05   4.8715409e-05   2.4651147e-05
  -2.6045879e-03  -3.0491011e-02   7.9667485e-04   4.4013499e-05   1.3389488e-04   1.4027049e-05
   2.5646729e-03  -2.1821873e-02  -5.9997042e-03  -1.3646597e-05   1.4341798e-04  -1.6268163e-05
   2.7201425e-04  -2.7464292e-02  -6.1287959e-03   1.6559898e-04   1.5637248e-04  -2.5742858e-05
  -1.0524554e-04  -2.9981180e-02   5.1990193e-03  -2.3345907e-05  -1.3705495e-05   4.9973520e-05
   1.2515069e-03  -1.5782406e-02   3.9328462e-03  -1.8957525e-04  -4.6672995e-05   1.3333716e-04
